0 0.68046875 0.56484375 0.046875 0.065625
0 0.60859375 0.446875 0.0390625 0.0421875
0 0.55 0.40078125 0.046875 0.0265625
0 0.60390625 0.378125 0.0421875 0.0359375
0 0.37109375 0.5046875 0.0390625 0.04375
0 0.05546875 0.709375 0.0390625 0.0453125
0 0.11484375 0.7265625 0.0453125 0.06875
0 0.18671875 0.75859375 0.0328125 0.0390625
0 0.26015625 0.8015625 0.0359375 0.0484375
0 0.240625 0.71484375 0.0390625 0.053125
0 0.33671875 0.7515625 0.03125 0.0625
0 0.309375 0.65546875 0.053125 0.0453125
0 0.41796875 0.71328125 0.025 0.04375
0 0.50859375 0.66328125 0.03125 0.046875
0 0.51640625 0.7203125 0.0390625 0.06875
0 0.6109375 0.640625 0.03125 0.053125
0 0.58515625 0.68203125 0.028125 0.046875
0 0.6515625 0.79609375 0.0375 0.05625
0 0.634375 0.7078125 0.034375 0.0546875
0 0.69453125 0.8015625 0.034375 0.0546875
0 0.715625 0.7203125 0.0328125 0.046875
0 0.878125 0.7671875 0.0359375 0.078125
0 0.76875 0.646875 0.0234375 0.0390625
0 0.80390625 0.68515625 0.028125 0.03125
0 0.73984375 0.653125 0.0234375 0.034375
0 0.80859375 0.571875 0.03125 0.0359375
0 0.91328125 0.58515625 0.034375 0.0546875
0 0.86796875 0.54765625 0.0234375 0.0375
0 0.9421875 0.57265625 0.0296875 0.040625
0 0.93515625 0.67578125 0.025 0.03125
0 0.896875 0.459375 0.021875 0.0359375
0 0.85234375 0.38359375 0.0375 0.04375
0 0.91953125 0.378125 0.0265625 0.03125
0 0.95234375 0.4359375 0.021875 0.04375
0 0.803125 0.39375 0.03125 0.0390625
0 0.7421875 0.4734375 0.04375 0.0359375
0 0.70546875 0.4375 0.03125 0.0453125
0 0.3546875 0.41328125 0.0390625 0.0671875
0 0.34375 0.31953125 0.0421875 0.04375
0 0.12578125 0.515625 0.0359375 0.04375
0 0.2015625 0.4265625 0.046875 0.0515625
0 0.203125 0.353125 0.0390625 0.0515625
0 0.2140625 0.28046875 0.0328125 0.0421875
0 0.24296875 0.346875 0.03125 0.046875
0 0.2828125 0.29375 0.03125 0.0578125
0 0.23125 0.02890625 0.0265625 0.0359375
0 0.25234375 0.078125 0.0484375 0.0484375
0 0.25546875 0.11796875 0.034375 0.0421875
0 0.03125 0.0328125 0.0484375 0.0453125
0 0.1109375 0.11875 0.0359375 0.05625
0 0.07265625 0.1 0.046875 0.0625
0 0.36171875 0.203125 0.0265625 0.0390625
0 0.453125 0.1953125 0.034375 0.0359375
0 0.5515625 0.36015625 0.01875 0.0390625
0 0.4578125 0.41015625 0.025 0.046875
0 0.43046875 0.525 0.0203125 0.040625
0 0.534375 0.0921875 0.0375 0.0546875
0 0.553125 0.15546875 0.03125 0.0328125
0 0.5634765625 0.21180555625 0.5693359375 0.21180555625 0.5703125 0.203125 0.564453125 0.19618055625 0.5595703125 0.19444444375 0.556640625 0.203125 0.5634765625 0.21180555625
0 0.7375 0.3609375 0.0265625 0.034375
0 0.665625 0.21640625 0.028125 0.04375
0 0.70234375 0.1890625 0.0359375 0.0421875
0 0.75859375 0.2921875 0.0265625 0.03125
0 0.64375 0.31640625 0.0234375 0.034375
0 0.59453125 0.2234375 0.0234375 0.034375
0 0.51171875 0.2125 0.01875 0.0265625
0 0.478125 0.2765625 0.0265625 0.04375
0 0.42578125 0.4375 0.0328125 0.0421875
0 0.50859375 0.4203125 0.0328125 0.0546875
0 0.83125 0.10546875 0.03125 0.0265625
0 0.60703125 0.1203125 0.046875 0.05
0 0.521875 0.2671875 0.025 0.034375
0 0.5640625 0.26015625 0.0234375 0.0328125
0 0.4890625 0.1046875 0.025 0.040625
0 0.23828125 0.51171875 0.0390625 0.0640625
0 0.31484375 0.475 0.0375 0.046875
0 0.4109375 0.29453125 0.034375 0.0359375
0 0.353125 0.584375 0.0375 0.0703125
0 0.57421875 0.5625 0.034375 0.0578125
0 0.89453125 0.2640625 0.040625 0.04375