0 0.7859375 0.92109375 0.0484375 0.0265625
0 0.8046875 0.78359375 0.02265625 0.01640625
0 0.71953125 0.7984375 0.04296875 0.02421875
0 0.66328125 0.771875 0.03671875 0.0234375
0 0.67109375 0.934375 0.03125 0.0265625
0 0.62734375 0.934375 0.02265625 0.021875
0 0.52421875 0.80234375 0.0375 0.0375
0 0.49296875 0.71640625 0.03359375 0.02734375
0 0.49609375 0.7515625 0.02734375 0.02265625
0 0.44375 0.76328125 0.0390625 0.0375
0 0.73984375 0.665625 0.0140625 0.0234375
0 0.7015625 0.66640625 0.02578125 0.01484375
0 0.44375 0.603125 0.01875 0.02578125
0 0.6484375 0.64609375 0.03203125 0.01796875
0 0.63515625 0.5796875 0.02578125 0.02265625
0 0.7890625 0.58828125 0.025 0.0125
0 0.8015625 0.49609375 0.0203125 0.01484375
0 0.78671875 0.315625 0.01640625 0.01328125
0 0.77109375 0.35703125 0.03828125 0.03203125
0 0.75390625 0.31328125 0.021875 0.02265625
0 0.76953125 0.1296875 0.03671875 0.0171875
0 0.76171875 0.1609375 0.0296875 0.0265625
0 0.56484375 0.30625 0.03046875 0.03203125
0 0.6375 0.38125 0.021875 0.03359375
0 0.54296875 0.41640625 0.04609375 0.01640625
0 0.50234375 0.33125 0.03515625 0.0296875
0 0.42734375 0.23125 0.03515625 0.03359375
0 0.53828125 0.1140625 0.0234375 0.0109375
0 0.5453125 0.13359375 0.021875 0.01875
0 0.4421875 0.371875 0.04140625 0.0203125
0 0.3640625 0.3734375 0.03046875 0.0296875
0 0.36875 0.403125 0.03125 0.02421875
0 0.4734375 0.48203125 0.03984375 0.02109375
0 0.43984375 0.475 0.0265625 0.01953125
0 0.22109375 0.58828125 0.04765625 0.03359375
0 0.1875 0.76171875 0.03515625 0.03125
0 0.3546875 0.81484375 0.0234375 0.0125
0 0.36796875 0.85078125 0.0296875 0.01640625
0 0.17109375 0.9265625 0.05703125 0.02265625
0 0.12734375 0.97578125 0.04296875 0.02578125
0 0.21171875 0.5 0.02421875 0.03046875
0 0.284375 0.35703125 0.03671875 0.028125
0 0.83828125 0.959375 0.03046875 0.0234375