0 0.2140625 0.07890625 0.0484375 0.0265625
0 0.1953125 0.21640625 0.02265625 0.01640625
0 0.28046875 0.2015625 0.04296875 0.02421875
0 0.33671875 0.228125 0.03671875 0.0234375
0 0.32890625 0.065625 0.03125 0.0265625
0 0.37265625 0.065625 0.02265625 0.021875
0 0.47578125 0.19765625 0.0375 0.0375
0 0.50703125 0.28359375 0.03359375 0.02734375
0 0.50390625 0.2484375 0.02734375 0.02265625
0 0.55625 0.23671875 0.0390625 0.0375
0 0.26015625 0.334375 0.0140625 0.0234375
0 0.2984375 0.33359375 0.02578125 0.01484375
0 0.55625 0.396875 0.01875 0.02578125
0 0.3515625 0.35390625 0.03203125 0.01796875
0 0.36484375 0.4203125 0.02578125 0.02265625
0 0.2109375 0.41171875 0.025 0.0125
0 0.1984375 0.50390625 0.0203125 0.01484375
0 0.21328125 0.684375 0.01640625 0.01328125
0 0.22890625 0.64296875 0.03828125 0.03203125
0 0.24609375 0.68671875 0.021875 0.02265625
0 0.23046875 0.8703125 0.03671875 0.0171875
0 0.23828125 0.8390625 0.0296875 0.0265625
0 0.43515625 0.69375 0.03046875 0.03203125
0 0.3625 0.61875 0.021875 0.03359375
0 0.45703125 0.58359375 0.04609375 0.01640625
0 0.49765625 0.66875 0.03515625 0.0296875
0 0.57265625 0.76875 0.03515625 0.03359375
0 0.46171875 0.8859375 0.0234375 0.0109375
0 0.4546875 0.86640625 0.021875 0.01875
0 0.5578125 0.628125 0.04140625 0.0203125
0 0.6359375 0.6265625 0.03046875 0.0296875
0 0.63125 0.596875 0.03125 0.02421875
0 0.5265625 0.51796875 0.03984375 0.02109375
0 0.56015625 0.525 0.0265625 0.01953125
0 0.77890625 0.41171875 0.04765625 0.03359375
0 0.8125 0.23828125 0.03515625 0.03125
0 0.6453125 0.18515625 0.0234375 0.0125
0 0.63203125 0.14921875 0.0296875 0.01640625
0 0.82890625 0.0734375 0.05703125 0.02265625
0 0.87265625 0.02421875 0.04296875 0.02578125
0 0.78828125 0.5 0.02421875 0.03046875
0 0.715625 0.64296875 0.03671875 0.028125
0 0.16171875 0.040625 0.03046875 0.0234375