0 0.11640625 0.059375 0.02734375 0.01640625
0 0.10625 0.03359375 0.0140625 0.0125
0 0.290625 0.00703125 0.0203125 0.0140625
0 0.29921875 0.07109375 0.0140625 0.0140625
0 0.278125 0.1828125 0.0234375 0.02109375
0 0.30625 0.2078125 0.025 0.01015625
0 0.30703125 0.18203125 0.0234375 0.0234375
0 0.1421875 0.2484375 0.03046875 0.0109375
0 0.14453125 0.22890625 0.02421875 0.0171875
0 0.209375 0.315625 0.02109375 0.01328125
0 0.1859375 0.43125 0.03359375 0.028125
0 0.12578125 0.3671875 0.0171875 0.0109375
0 0.14921875 0.38984375 0.0234375 0.015625
0 0.2765625 0.3140625 0.02265625 0.0203125
0 0.228125 0.34609375 0.0203125 0.01171875
0 0.2515625 0.39765625 0.0265625 0.021875
0 0.1890625 0.6984375 0.04375 0.0234375
0 0.184375 0.6640625 0.0203125 0.02109375
0 0.165625 0.7609375 0.021875 0.01953125
0 0.19765625 0.7359375 0.02109375 0.028125
0 0.15390625 0.8171875 0.02109375 0.01875
0 0.175 0.790625 0.02265625 0.015625
0 0.21171875 0.82890625 0.021875 0.01328125
0 0.19296875 0.8734375 0.01953125 0.015625
0 0.15703125 0.98046875 0.03203125 0.02109375
0 0.16796875 0.95625 0.034375 0.02421875
0 0.275 0.60859375 0.0203125 0.0125
0 0.275 0.5984375 0.01875 0.009375
0 0.27265625 0.5796875 0.01796875 0.01328125
0 0.3046875 0.565625 0.02421875 0.01796875
0 0.32265625 0.534375 0.01875 0.01640625
0 0.29140625 0.625 0.0203125 0.00859375
0 0.26953125 0.70078125 0.02421875 0.0078125
0 0.27578125 0.68984375 0.021875 0.01875
0 0.2359375 0.77265625 0.0265625 0.0171875
0 0.2453125 0.75859375 0.0171875 0.01484375
0 0.2203125 0.8109375 0.02734375 0.0140625
0 0.40859375 0.0984375 0.0328125 0.01640625
0 0.41328125 0.07109375 0.0265625 0.02421875
0 0.41875 0.03359375 0.0234375 0.015625
0 0.42734375 0.009375 0.01875 0.01015625
0 0.44609375 0.0375 0.0203125 0.01328125
0 0.47578125 0.00625 0.0234375 0.0125
0 0.43125 0.09296875 0.01875 0.0203125
0 0.43671875 0.12734375 0.01875 0.0125
0 0.396875 0.18671875 0.015625 0.01484375
0 0.42578125 0.18828125 0.015625 0.01015625
0 0.38125 0.2640625 0.02265625 0.0140625
0 0.38359375 0.25 0.0171875 0.0140625
0 0.4140625 0.265625 0.025 0.02578125
0 0.36796875 0.32265625 0.01640625 0.0109375
0 0.303125 0.31015625 0.01171875 0.0109375
0 0.36953125 0.3046875 0.0125 0.01328125
0 0.35859375 0.35859375 0.01953125 0.0171875
0 0.37578125 0.365625 0.01640625 0.01171875
0 0.38515625 0.3328125 0.0140625 0.01171875
0 0.3453125 0.41484375 0.0125 0.0140625
0 0.36328125 0.4171875 0.015625 0.01171875
0 0.284375 0.4640625 0.01484375 0.0125
0 0.3296875 0.4546875 0.0203125 0.0125
0 0.48515625 0.08671875 0.01640625 0.01328125
0 0.5 0.10859375 0.02421875 0.0203125
0 0.50078125 0.0734375 0.01796875 0.01015625
0 0.54453125 0.0609375 0.03671875 0.0296875
0 0.565625 0.14375 0.01875 0.015625
0 0.575 0.1203125 0.01875 0.015625
0 0.50859375 0.2046875 0.034375 0.0265625
0 0.54375 0.26015625 0.03125 0.0265625
0 0.48359375 0.325 0.0234375 0.02890625
0 0.50234375 0.35859375 0.03203125 0.0203125
0 0.51484375 0.40859375 0.01875 0.01796875
0 0.4765625 0.46328125 0.0296875 0.0234375
0 0.51640625 0.4484375 0.02109375 0.0171875
0 0.39375 0.48203125 0.0171875 0.01796875
0 0.36328125 0.47421875 0.015625 0.0125
0 0.3515625 0.71015625 0.02109375 0.01875
0 0.346875 0.6921875 0.01640625 0.01328125
0 0.34921875 0.67109375 0.01953125 0.0140625
0 0.35078125 0.6484375 0.0171875 0.0125
0 0.3453125 0.63125 0.0171875 0.01484375
0 0.390625 0.68828125 0.028125 0.0203125
0 0.328125 0.8375 0.03125 0.02265625
0 0.36796875 0.80625 0.01953125 0.01875
0 0.36953125 0.775 0.02265625 0.01875
0 0.36875 0.75234375 0.0234375 0.01640625
0 0.36640625 0.7390625 0.01015625 0.0140625
0 0.4125 0.70859375 0.015625 0.01171875
0 0.34609375 0.93671875 0.02109375 0.0140625
0 0.33984375 0.90390625 0.0140625 0.01328125
0 0.3734375 0.88515625 0.0125 0.0125
0 0.37265625 0.9421875 0.01640625 0.0140625
0 0.403125 0.8921875 0.01328125 0.0109375
0 0.40859375 0.765625 0.025 0.01640625
0 0.434375 0.746875 0.0265625 0.021875
0 0.43125 0.85703125 0.01953125 0.01640625
0 0.6578125 0.00546875 0.01796875 0.0109375
0 0.6046875 0.07265625 0.01796875 0.01640625
0 0.63359375 0.04375 0.0234375 0.01484375
0 0.6453125 0.09765625 0.01640625 0.015625
0 0.6828125 0.11015625 0.03046875 0.02109375
0 0.69140625 0.175 0.03125 0.0328125
0 0.70078125 0.2125 0.03125 0.02421875
0 0.63203125 0.275 0.0109375 0.0109375
0 0.64609375 0.25 0.0140625 0.01484375
0 0.61015625 0.321875 0.0234375 0.0296875
0 0.6796875 0.3296875 0.03125 0.02890625
0 0.65625 0.3765625 0.009375 0.0125
0 0.70703125 0.43125 0.02109375 0.0140625
0 0.7125 0.4015625 0.01796875 0.01953125
0 0.6171875 0.51953125 0.0265625 0.01171875
0 0.6203125 0.503125 0.0140625 0.01015625
0 0.67109375 0.5078125 0.01875 0.01640625
0 0.703125 0.4859375 0.0234375 0.01796875
0 0.60625 0.58046875 0.01796875 0.0140625
0 0.63359375 0.571875 0.01875 0.0171875
0 0.58359375 0.640625 0.0140625 0.0125
0 0.59296875 0.6203125 0.0125 0.01484375
0 0.628125 0.61328125 0.01953125 0.01484375
0 0.5734375 0.68125 0.01953125 0.01875
0 0.54140625 0.74921875 0.03125 0.0203125
0 0.540625 0.71953125 0.02421875 0.0171875
0 0.559375 0.7125 0.01640625 0.0125
0 0.5953125 0.6953125 0.01875 0.01875
0 0.6640625 0.6296875 0.0140625 0.0109375
0 0.66640625 0.60625 0.0125 0.01015625
0 0.6609375 0.6765625 0.015625 0.009375
0 0.53671875 0.7890625 0.0125 0.01171875
0 0.55078125 0.8421875 0.02265625 0.0109375
0 0.54921875 0.87734375 0.015625 0.0078125
0 0.45546875 0.940625 0.01875 0.0140625
0 0.475 0.959375 0.01875 0.01640625
0 0.49296875 0.9390625 0.01875 0.015625
0 0.5 0.9234375 0.015625 0.00859375
0 0.54609375 0.9140625 0.02265625 0.0109375
0 0.4578125 0.9890625 0.01640625 0.00703125
0 0.48984375 0.97734375 0.01953125 0.01796875
0 0.540625 0.97109375 0.02421875 0.01953125
0 0.5609375 0.94609375 0.02578125 0.02421875
0 0.59765625 0.9046875 0.021875 0.02890625
0 0.5921875 0.99375 0.01328125 0.0125
0 0.63828125 0.9828125 0.01875 0.01875
0 0.6921875 0.95390625 0.0234375 0.02109375
0 0.71953125 0.96328125 0.02109375 0.0296875