0 0.11640625 0.940625 0.02734375 0.01640625
0 0.10625 0.96640625 0.0140625 0.0125
0 0.290625 0.99296875 0.0203125 0.0140625
0 0.29921875 0.92890625 0.0140625 0.0140625
0 0.278125 0.8171875 0.0234375 0.02109375
0 0.30625 0.7921875 0.025 0.01015625
0 0.30703125 0.81796875 0.0234375 0.0234375
0 0.1421875 0.7515625 0.03046875 0.0109375
0 0.14453125 0.77109375 0.02421875 0.0171875
0 0.209375 0.684375 0.02109375 0.01328125
0 0.1859375 0.56875 0.03359375 0.028125
0 0.12578125 0.6328125 0.0171875 0.0109375
0 0.14921875 0.61015625 0.0234375 0.015625
0 0.2765625 0.6859375 0.02265625 0.0203125
0 0.228125 0.65390625 0.0203125 0.01171875
0 0.2515625 0.60234375 0.0265625 0.021875
0 0.1890625 0.3015625 0.04375 0.0234375
0 0.184375 0.3359375 0.0203125 0.02109375
0 0.165625 0.2390625 0.021875 0.01953125
0 0.19765625 0.2640625 0.02109375 0.028125
0 0.15390625 0.1828125 0.02109375 0.01875
0 0.175 0.209375 0.02265625 0.015625
0 0.21171875 0.17109375 0.021875 0.01328125
0 0.19296875 0.1265625 0.01953125 0.015625
0 0.15703125 0.01953125 0.03203125 0.02109375
0 0.16796875 0.04375 0.034375 0.02421875
0 0.275 0.39140625 0.0203125 0.0125
0 0.275 0.4015625 0.01875 0.009375
0 0.27265625 0.4203125 0.01796875 0.01328125
0 0.3046875 0.434375 0.02421875 0.01796875
0 0.32265625 0.465625 0.01875 0.01640625
0 0.29140625 0.375 0.0203125 0.00859375
0 0.26953125 0.29921875 0.02421875 0.0078125
0 0.27578125 0.31015625 0.021875 0.01875
0 0.2359375 0.22734375 0.0265625 0.0171875
0 0.2453125 0.24140625 0.0171875 0.01484375
0 0.2203125 0.1890625 0.02734375 0.0140625
0 0.40859375 0.9015625 0.0328125 0.01640625
0 0.41328125 0.92890625 0.0265625 0.02421875
0 0.41875 0.96640625 0.0234375 0.015625
0 0.42734375 0.990625 0.01875 0.01015625
0 0.44609375 0.9625 0.0203125 0.01328125
0 0.47578125 0.99375 0.0234375 0.0125
0 0.43125 0.90703125 0.01875 0.0203125
0 0.43671875 0.87265625 0.01875 0.0125
0 0.396875 0.81328125 0.015625 0.01484375
0 0.42578125 0.81171875 0.015625 0.01015625
0 0.38125 0.7359375 0.02265625 0.0140625
0 0.38359375 0.75 0.0171875 0.0140625
0 0.4140625 0.734375 0.025 0.02578125
0 0.36796875 0.67734375 0.01640625 0.0109375
0 0.303125 0.68984375 0.01171875 0.0109375
0 0.36953125 0.6953125 0.0125 0.01328125
0 0.35859375 0.64140625 0.01953125 0.0171875
0 0.37578125 0.634375 0.01640625 0.01171875
0 0.38515625 0.6671875 0.0140625 0.01171875
0 0.3453125 0.58515625 0.0125 0.0140625
0 0.36328125 0.5828125 0.015625 0.01171875
0 0.284375 0.5359375 0.01484375 0.0125
0 0.3296875 0.5453125 0.0203125 0.0125
0 0.48515625 0.91328125 0.01640625 0.01328125
0 0.5 0.89140625 0.02421875 0.0203125
0 0.50078125 0.9265625 0.01796875 0.01015625
0 0.54453125 0.9390625 0.03671875 0.0296875
0 0.565625 0.85625 0.01875 0.015625
0 0.575 0.8796875 0.01875 0.015625
0 0.50859375 0.7953125 0.034375 0.0265625
0 0.54375 0.73984375 0.03125 0.0265625
0 0.48359375 0.675 0.0234375 0.02890625
0 0.50234375 0.64140625 0.03203125 0.0203125
0 0.51484375 0.59140625 0.01875 0.01796875
0 0.4765625 0.53671875 0.0296875 0.0234375
0 0.51640625 0.5515625 0.02109375 0.0171875
0 0.39375 0.51796875 0.0171875 0.01796875
0 0.36328125 0.52578125 0.015625 0.0125
0 0.3515625 0.28984375 0.02109375 0.01875
0 0.346875 0.3078125 0.01640625 0.01328125
0 0.34921875 0.32890625 0.01953125 0.0140625
0 0.35078125 0.3515625 0.0171875 0.0125
0 0.3453125 0.36875 0.0171875 0.01484375
0 0.390625 0.31171875 0.028125 0.0203125
0 0.328125 0.1625 0.03125 0.02265625
0 0.36796875 0.19375 0.01953125 0.01875
0 0.36953125 0.225 0.02265625 0.01875
0 0.36875 0.24765625 0.0234375 0.01640625
0 0.36640625 0.2609375 0.01015625 0.0140625
0 0.4125 0.29140625 0.015625 0.01171875
0 0.34609375 0.06328125 0.02109375 0.0140625
0 0.33984375 0.09609375 0.0140625 0.01328125
0 0.3734375 0.11484375 0.0125 0.0125
0 0.37265625 0.0578125 0.01640625 0.0140625
0 0.403125 0.1078125 0.01328125 0.0109375
0 0.40859375 0.234375 0.025 0.01640625
0 0.434375 0.253125 0.0265625 0.021875
0 0.43125 0.14296875 0.01953125 0.01640625
0 0.6578125 0.99453125 0.01796875 0.0109375
0 0.6046875 0.92734375 0.01796875 0.01640625
0 0.63359375 0.95625 0.0234375 0.01484375
0 0.6453125 0.90234375 0.01640625 0.015625
0 0.6828125 0.88984375 0.03046875 0.02109375
0 0.69140625 0.825 0.03125 0.0328125
0 0.70078125 0.7875 0.03125 0.02421875
0 0.63203125 0.725 0.0109375 0.0109375
0 0.64609375 0.75 0.0140625 0.01484375
0 0.61015625 0.678125 0.0234375 0.0296875
0 0.6796875 0.6703125 0.03125 0.02890625
0 0.65625 0.6234375 0.009375 0.0125
0 0.70703125 0.56875 0.02109375 0.0140625
0 0.7125 0.5984375 0.01796875 0.01953125
0 0.6171875 0.48046875 0.0265625 0.01171875
0 0.6203125 0.496875 0.0140625 0.01015625
0 0.67109375 0.4921875 0.01875 0.01640625
0 0.703125 0.5140625 0.0234375 0.01796875
0 0.60625 0.41953125 0.01796875 0.0140625
0 0.63359375 0.428125 0.01875 0.0171875
0 0.58359375 0.359375 0.0140625 0.0125
0 0.59296875 0.3796875 0.0125 0.01484375
0 0.628125 0.38671875 0.01953125 0.01484375
0 0.5734375 0.31875 0.01953125 0.01875
0 0.54140625 0.25078125 0.03125 0.0203125
0 0.540625 0.28046875 0.02421875 0.0171875
0 0.559375 0.2875 0.01640625 0.0125
0 0.5953125 0.3046875 0.01875 0.01875
0 0.6640625 0.3703125 0.0140625 0.0109375
0 0.66640625 0.39375 0.0125 0.01015625
0 0.6609375 0.3234375 0.015625 0.009375
0 0.53671875 0.2109375 0.0125 0.01171875
0 0.55078125 0.1578125 0.02265625 0.0109375
0 0.54921875 0.12265625 0.015625 0.0078125
0 0.45546875 0.059375 0.01875 0.0140625
0 0.475 0.040625 0.01875 0.01640625
0 0.49296875 0.0609375 0.01875 0.015625
0 0.5 0.0765625 0.015625 0.00859375
0 0.54609375 0.0859375 0.02265625 0.0109375
0 0.4578125 0.0109375 0.01640625 0.00703125
0 0.48984375 0.02265625 0.01953125 0.01796875
0 0.540625 0.02890625 0.02421875 0.01953125
0 0.5609375 0.05390625 0.02578125 0.02421875
0 0.59765625 0.0953125 0.021875 0.02890625
0 0.5921875 0.00625 0.01328125 0.0125
0 0.63828125 0.0171875 0.01875 0.01875
0 0.6921875 0.04609375 0.0234375 0.02109375
0 0.71953125 0.03671875 0.02109375 0.0296875