0 0.9 0.0171875 0.0359375 0.034375
0 0.875 0.23046875 0.028125 0.01875
0 0.8703125 0.20390625 0.02734375 0.01953125
0 0.80859375 0.42421875 0.05078125 0.03828125
0 0.85703125 0.54140625 0.028125 0.01875
0 0.8609375 0.5171875 0.028125 0.01875
0 0.8 0.69296875 0.03359375 0.01875
0 0.81875 0.75859375 0.02421875 0.02890625
0 0.784375 0.72578125 0.03359375 0.02421875
0 0.81875 0.809375 0.021875 0.02265625
0 0.79375 0.7828125 0.02421875 0.01796875
0 0.815625 0.9046875 0.0140625 0.03984375
0 0.80625 0.9765625 0.03359375 0.0265625
0 0.784375 0.96015625 0.0296875 0.02265625
0 0.77734375 0.91640625 0.0265625 0.01796875
0 0.725 0.05703125 0.02109375 0.0140625
0 0.70859375 0.0421875 0.021875 0.01953125
0 0.72890625 0.15625 0.03125 0.01796875
0 0.6859375 0.19453125 0.03125 0.02265625
0 0.69609375 0.15625 0.0234375 0.02421875
0 0.65390625 0.171875 0.021875 0.01796875
0 0.61640625 0.24609375 0.0234375 0.01640625
0 0.58046875 0.2453125 0.02421875 0.02421875
0 0.7265625 0.296875 0.03515625 0.021875
0 0.78125 0.3859375 0.02578125 0.015625
0 0.73671875 0.390625 0.0265625 0.0234375
0 0.70703125 0.45390625 0.01875 0.01171875
0 0.71328125 0.503125 0.02109375 0.01171875
0 0.803125 0.58984375 0.025 0.0140625
0 0.7234375 0.68125 0.0171875 0.01328125
0 0.73203125 0.6625 0.0203125 0.0109375
0 0.74375 0.7625 0.015625 0.01640625
0 0.76328125 0.8171875 0.0234375 0.02578125
0 0.75625 0.89453125 0.03125 0.01953125
0 0.6234375 0.08984375 0.02421875 0.0125
0 0.65390625 0.071875 0.021875 0.0109375
0 0.59140625 0.071875 0.0265625 0.0171875
0 0.60859375 0.16484375 0.02109375 0.009375
0 0.57734375 0.16484375 0.02109375 0.01640625
0 0.61328125 0.2234375 0.0234375 0.01875
0 0.63828125 0.36328125 0.01640625 0.021875
0 0.60546875 0.315625 0.02421875 0.0078125
0 0.6625 0.5046875 0.025 0.01015625
0 0.63515625 0.68828125 0.0234375 0.0078125
0 0.63984375 0.67265625 0.0328125 0.0125
0 0.6421875 0.653125 0.03515625 0.01640625
0 0.55703125 0.72578125 0.01328125 0.0328125
0 0.64296875 0.809375 0.0265625 0.0203125
0 0.609375 0.78359375 0.01796875 0.01875
0 0.51328125 0.90390625 0.01875 0.015625
0 0.49921875 0.946875 0.01328125 0.01796875
0 0.48359375 0.953125 0.02421875 0.025
0 0.490625 0.9125 0.0265625 0.01953125
0 0.47265625 0.9296875 0.02421875 0.01875
0 0.5203125 0.0578125 0.028125 0.0125
0 0.46015625 0.02109375 0.03984375 0.01640625
0 0.490625 0.1859375 0.03125 0.0328125
0 0.44609375 0.2328125 0.03515625 0.0421875
0 0.50234375 0.3078125 0.05 0.03359375
0 0.47890625 0.33984375 0.028125 0.021875
0 0.5109375 0.4421875 0.0265625 0.0203125
0 0.4640625 0.43203125 0.02578125 0.02109375
0 0.4671875 0.39296875 0.03515625 0.01875
0 0.3171875 0.07890625 0.028125 0.02890625
0 0.43203125 0.09296875 0.07265625 0.02265625
0 0.3515625 0.06640625 0.0234375 0.02421875
0 0.35078125 0.0359375 0.0203125 0.0140625
0 0.28671875 0.178125 0.03671875 0.03515625
0 0.2984375 0.13515625 0.0453125 0.0390625
0 0.30390625 0.30390625 0.028125 0.028125
0 0.27265625 0.2515625 0.0265625 0.0203125
0 0.3703125 0.29609375 0.03046875 0.02265625
0 0.278125 0.44296875 0.0203125 0.0171875
0 0.28359375 0.41171875 0.02734375 0.01953125
0 0.2734375 0.38671875 0.025 0.01640625
0 0.2921875 0.49375 0.02109375 0.01328125
0 0.38515625 0.559375 0.02578125 0.01953125
0 0.36484375 0.58828125 0.01953125 0.01484375
0 0.3609375 0.5453125 0.015625 0.01328125
0 0.440625 0.72265625 0.02734375 0.02265625
0 0.4359375 0.68203125 0.01796875 0.01796875
0 0.42421875 0.6546875 0.02734375 0.01953125
0 0.39140625 0.665625 0.0328125 0.02734375
0 0.42734375 0.8671875 0.034375 0.0375
0 0.43046875 0.8328125 0.03203125 0.0125
0 0.4296875 0.80703125 0.02421875 0.02109375
0 0.43125 0.91875 0.028125 0.0140625
0 0.4140625 0.89765625 0.0265625 0.015625
0 0.38671875 0.853125 0.02265625 0.0203125
0 0.38515625 0.93515625 0.02265625 0.01875
0 0.35703125 0.96015625 0.028125 0.01796875
0 0.33515625 0.9265625 0.03046875 0.0265625
0 0.2640625 0.9046875 0.02734375 0.03125
0 0.29609375 0.8953125 0.02734375 0.01875
0 0.2953125 0.76171875 0.02265625 0.01953125