0 0.1 0.0171875 0.0359375 0.034375
0 0.125 0.23046875 0.028125 0.01875
0 0.1296875 0.20390625 0.02734375 0.01953125
0 0.19140625 0.42421875 0.05078125 0.03828125
0 0.14296875 0.54140625 0.028125 0.01875
0 0.1390625 0.5171875 0.028125 0.01875
0 0.2 0.69296875 0.03359375 0.01875
0 0.18125 0.75859375 0.02421875 0.02890625
0 0.215625 0.72578125 0.03359375 0.02421875
0 0.18125 0.809375 0.021875 0.02265625
0 0.20625 0.7828125 0.02421875 0.01796875
0 0.184375 0.9046875 0.0140625 0.03984375
0 0.19375 0.9765625 0.03359375 0.0265625
0 0.215625 0.96015625 0.0296875 0.02265625
0 0.22265625 0.91640625 0.0265625 0.01796875
0 0.275 0.05703125 0.02109375 0.0140625
0 0.29140625 0.0421875 0.021875 0.01953125
0 0.27109375 0.15625 0.03125 0.01796875
0 0.3140625 0.19453125 0.03125 0.02265625
0 0.30390625 0.15625 0.0234375 0.02421875
0 0.34609375 0.171875 0.021875 0.01796875
0 0.38359375 0.24609375 0.0234375 0.01640625
0 0.41953125 0.2453125 0.02421875 0.02421875
0 0.2734375 0.296875 0.03515625 0.021875
0 0.21875 0.3859375 0.02578125 0.015625
0 0.26328125 0.390625 0.0265625 0.0234375
0 0.29296875 0.45390625 0.01875 0.01171875
0 0.28671875 0.503125 0.02109375 0.01171875
0 0.196875 0.58984375 0.025 0.0140625
0 0.2765625 0.68125 0.0171875 0.01328125
0 0.26796875 0.6625 0.0203125 0.0109375
0 0.25625 0.7625 0.015625 0.01640625
0 0.23671875 0.8171875 0.0234375 0.02578125
0 0.24375 0.89453125 0.03125 0.01953125
0 0.3765625 0.08984375 0.02421875 0.0125
0 0.34609375 0.071875 0.021875 0.0109375
0 0.40859375 0.071875 0.0265625 0.0171875
0 0.39140625 0.16484375 0.02109375 0.009375
0 0.42265625 0.16484375 0.02109375 0.01640625
0 0.38671875 0.2234375 0.0234375 0.01875
0 0.36171875 0.36328125 0.01640625 0.021875
0 0.39453125 0.315625 0.02421875 0.0078125
0 0.3375 0.5046875 0.025 0.01015625
0 0.36484375 0.68828125 0.0234375 0.0078125
0 0.36015625 0.67265625 0.0328125 0.0125
0 0.3578125 0.653125 0.03515625 0.01640625
0 0.44296875 0.72578125 0.01328125 0.0328125
0 0.35703125 0.809375 0.0265625 0.0203125
0 0.390625 0.78359375 0.01796875 0.01875
0 0.48671875 0.90390625 0.01875 0.015625
0 0.50078125 0.946875 0.01328125 0.01796875
0 0.51640625 0.953125 0.02421875 0.025
0 0.509375 0.9125 0.0265625 0.01953125
0 0.52734375 0.9296875 0.02421875 0.01875
0 0.4796875 0.0578125 0.028125 0.0125
0 0.53984375 0.02109375 0.03984375 0.01640625
0 0.509375 0.1859375 0.03125 0.0328125
0 0.55390625 0.2328125 0.03515625 0.0421875
0 0.49765625 0.3078125 0.05 0.03359375
0 0.52109375 0.33984375 0.028125 0.021875
0 0.4890625 0.4421875 0.0265625 0.0203125
0 0.5359375 0.43203125 0.02578125 0.02109375
0 0.5328125 0.39296875 0.03515625 0.01875
0 0.6828125 0.07890625 0.028125 0.02890625
0 0.56796875 0.09296875 0.07265625 0.02265625
0 0.6484375 0.06640625 0.0234375 0.02421875
0 0.64921875 0.0359375 0.0203125 0.0140625
0 0.71328125 0.178125 0.03671875 0.03515625
0 0.7015625 0.13515625 0.0453125 0.0390625
0 0.69609375 0.30390625 0.028125 0.028125
0 0.72734375 0.2515625 0.0265625 0.0203125
0 0.6296875 0.29609375 0.03046875 0.02265625
0 0.721875 0.44296875 0.0203125 0.0171875
0 0.71640625 0.41171875 0.02734375 0.01953125
0 0.7265625 0.38671875 0.025 0.01640625
0 0.7078125 0.49375 0.02109375 0.01328125
0 0.61484375 0.559375 0.02578125 0.01953125
0 0.63515625 0.58828125 0.01953125 0.01484375
0 0.6390625 0.5453125 0.015625 0.01328125
0 0.559375 0.72265625 0.02734375 0.02265625
0 0.5640625 0.68203125 0.01796875 0.01796875
0 0.57578125 0.6546875 0.02734375 0.01953125
0 0.60859375 0.665625 0.0328125 0.02734375
0 0.57265625 0.8671875 0.034375 0.0375
0 0.56953125 0.8328125 0.03203125 0.0125
0 0.5703125 0.80703125 0.02421875 0.02109375
0 0.56875 0.91875 0.028125 0.0140625
0 0.5859375 0.89765625 0.0265625 0.015625
0 0.61328125 0.853125 0.02265625 0.0203125
0 0.61484375 0.93515625 0.02265625 0.01875
0 0.64296875 0.96015625 0.028125 0.01796875
0 0.66484375 0.9265625 0.03046875 0.0265625
0 0.7359375 0.9046875 0.02734375 0.03125
0 0.70390625 0.8953125 0.02734375 0.01875
0 0.7046875 0.76171875 0.02265625 0.01953125