0 0.2484375 0.146875 0.04609375 0.04296875
0 0.203125 0.11640625 0.01796875 0.0203125
0 0.2234375 0.22109375 0.0328125 0.0265625
0 0.23125 0.29296875 0.02890625 0.0296875
0 0.278125 0.35078125 0.02265625 0.03203125
0 0.30625 0.40625 0.01875 0.01328125
0 0.29921875 0.3609375 0.0234375 0.0140625
0 0.34375 0.44375 0.0296875 0.0265625
0 0.24375 0.60546875 0.01484375 0.01484375
0 0.2359375 0.56328125 0.01328125 0.01015625
0 0.284375 0.63203125 0.02578125 0.025
0 0.2546875 0.73515625 0.0171875 0.01640625
0 0.27421875 0.703125 0.01484375 0.01640625
0 0.29453125 0.75546875 0.00859375 0.01640625
0 0.29921875 0.73203125 0.02109375 0.0140625
0 0.2515625 0.81015625 0.02265625 0.0140625
0 0.2640625 0.8421875 0.01875 0.01953125
0 0.23359375 0.9375 0.015625 0.0171875
0 0.23046875 0.9046875 0.01484375 0.01484375
0 0.26328125 0.98828125 0.0234375 0.015625
0 0.36484375 0.09609375 0.021875 0.0265625
0 0.37734375 0.059375 0.03203125 0.02890625
0 0.40390625 0.1640625 0.015625 0.01875
0 0.3703125 0.22265625 0.02421875 0.015625
0 0.396875 0.2203125 0.02890625 0.0140625
0 0.38984375 0.296875 0.025 0.01875
0 0.38125 0.27109375 0.0125 0.0109375
0 0.3609375 0.3578125 0.01796875 0.02421875
0 0.39296875 0.3515625 0.015625 0.01328125
0 0.37578125 0.4015625 0.0171875 0.01796875
0 0.35 0.7171875 0.0203125 0.021875
0 0.49140625 0.08359375 0.02578125 0.015625
0 0.521875 0.16953125 0.01328125 0.01640625
0 0.5171875 0.1359375 0.0203125 0.02109375
0 0.51953125 0.10234375 0.01953125 0.0125
0 0.52109375 0.06015625 0.01328125 0.015625
0 0.51328125 0.0296875 0.01875 0.01484375
0 0.51484375 0.01328125 0.0203125 0.0171875
0 0.4828125 0.340625 0.03046875 0.03203125
0 0.4734375 0.315625 0.02265625 0.02578125
0 0.4546875 0.43203125 0.02265625 0.01640625
0 0.46953125 0.4671875 0.01796875 0.01640625
0 0.4796875 0.428125 0.01328125 0.01484375
0 0.4984375 0.396875 0.02421875 0.02109375
0 0.50546875 0.36171875 0.0234375 0.0171875
0 0.49453125 0.3234375 0.01953125 0.01796875
0 0.43203125 0.5515625 0.01640625 0.0125
0 0.415625 0.94375 0.0265625 0.0203125
0 0.43046875 0.91640625 0.02265625 0.01484375
0 0.471875 0.7375 0.0140625 0.0171875
0 0.45390625 0.8015625 0.0203125 0.025
0 0.51640625 0.79375 0.028125 0.01796875
0 0.45703125 0.85703125 0.02890625 0.01484375
0 0.46953125 0.9359375 0.01796875 0.0140625
0 0.56484375 0.04140625 0.03515625 0.02734375
0 0.63359375 0.0375 0.03828125 0.03359375
0 0.5921875 0.109375 0.02265625 0.0171875
0 0.6390625 0.15546875 0.05234375 0.02734375
0 0.56796875 0.290625 0.0171875 0.01484375
0 0.61640625 0.284375 0.03984375 0.0296875
0 0.55625 0.3671875 0.03984375 0.0296875
0 0.5609375 0.49609375 0.0265625 0.025
0 0.6265625 0.5109375 0.0125 0.0203125
0 0.60078125 0.70234375 0.03125 0.02890625
0 0.56171875 0.85546875 0.0265625 0.0234375
0 0.6140625 0.8265625 0.0296875 0.02578125
0 0.58828125 0.9484375 0.02421875 0.01484375
0 0.59765625 0.91640625 0.025 0.01875
0 0.6296875 0.909375 0.0171875 0.0140625
0 0.64765625 0.89375 0.01875 0.01640625
0 0.603125 0.97890625 0.025 0.0140625
0 0.6609375 0.98984375 0.02578125 0.01328125
0 0.6484375 0.971875 0.0171875 0.02265625
0 0.70546875 0.9609375 0.01875 0.0140625
0 0.7421875 0.04140625 0.01875 0.01796875
0 0.7640625 0.01015625 0.02265625 0.01953125
0 0.7296875 0.171875 0.01328125 0.0203125
0 0.73203125 0.1375 0.01796875 0.0234375
0 0.8046875 0.134375 0.021875 0.0265625
0 0.80390625 0.08671875 0.0234375 0.0265625
0 0.77109375 0.328125 0.028125 0.0203125
0 0.78125 0.315625 0.01953125 0.0234375
0 0.7453125 0.41484375 0.01484375 0.01484375
0 0.765625 0.52109375 0.0328125 0.01875
0 0.8046875 0.5078125 0.01015625 0.01640625
0 0.73046875 0.6109375 0.0203125 0.01796875
0 0.6984375 0.7453125 0.01484375 0.01328125
0 0.6625 0.72890625 0.0203125 0.021875
0 0.78125 0.7390625 0.0140625 0.02109375