0 0.85625 0.2515625 0.02578125 0.03671875
0 0.80546875 0.21484375 0.03671875 0.02734375
0 0.8546875 0.32265625 0.03203125 0.015625
0 0.72578125 0.2609375 0.0265625 0.02109375
0 0.84375 0.38828125 0.021875 0.0140625
0 0.85078125 0.45625 0.021875 0.01015625
0 0.78984375 0.4765625 0.0203125 0.0140625
0 0.7796875 0.434375 0.02265625 0.0140625
0 0.784375 0.38984375 0.0234375 0.01328125
0 0.74765625 0.46875 0.0265625 0.0171875
0 0.8078125 0.64453125 0.03203125 0.02109375
0 0.8375 0.61875 0.015625 0.015625
0 0.83515625 0.72578125 0.0140625 0.01171875
0 0.809375 0.7 0.01796875 0.0125
0 0.859375 0.865625 0.0125 0.01328125
0 0.8546875 0.85078125 0.01171875 0.0109375
0 0.84921875 0.825 0.01171875 0.0140625
0 0.84453125 0.79765625 0.0234375 0.02109375
0 0.83125 0.828125 0.02109375 0.01484375
0 0.82265625 0.79296875 0.015625 0.0140625
0 0.84453125 0.96328125 0.01953125 0.02109375
0 0.8671875 0.91328125 0.01875 0.015625
0 0.72109375 0.134375 0.03125 0.021875
0 0.7109375 0.0984375 0.01796875 0.02265625
0 0.71328125 0.06328125 0.025 0.021875
0 0.7203125 0.028125 0.01953125 0.02421875
0 0.6984375 0.15546875 0.015625 0.01484375
0 0.68515625 0.20234375 0.02109375 0.0171875
0 0.69140625 0.2875 0.015625 0.01171875
0 0.6921875 0.26328125 0.0171875 0.01796875
0 0.678125 0.2734375 0.02109375 0.01484375
0 0.7234375 0.38828125 0.01953125 0.01953125
0 0.70703125 0.4578125 0.01796875 0.0125
0 0.69921875 0.42734375 0.0203125 0.015625
0 0.7 0.40703125 0.021875 0.021875
0 0.68984375 0.38515625 0.021875 0.01640625
0 0.73203125 0.54375 0.01171875 0.0140625
0 0.72109375 0.53203125 0.0171875 0.00859375
0 0.7125 0.5078125 0.01796875 0.0140625
0 0.73671875 0.65546875 0.01640625 0.0125
0 0.7484375 0.71875 0.02109375 0.0171875
0 0.5640625 0.040625 0.0171875 0.0140625
0 0.55625 0.0109375 0.028125 0.02109375
0 0.51484375 0.090625 0.0203125 0.01953125
0 0.434375 0.04921875 0.05 0.03359375
0 0.58671875 0.2890625 0.015625 0.01640625
0 0.57890625 0.26875 0.01875 0.01484375
0 0.60859375 0.37109375 0.0234375 0.02265625
0 0.596875 0.4359375 0.0203125 0.0203125
0 0.58359375 0.4515625 0.01796875 0.01328125
0 0.58125 0.415625 0.021875 0.01875
0 0.58125 0.3984375 0.02734375 0.0140625
0 0.54140625 0.4015625 0.015625 0.01875
0 0.5390625 0.52890625 0.021875 0.025
0 0.509375 0.59609375 0.0359375 0.0296875
0 0.61953125 0.640625 0.02421875 0.01640625
0 0.62265625 0.7125 0.025 0.0171875
0 0.59921875 0.79921875 0.025 0.01953125
0 0.5625 0.85703125 0.02265625 0.021875
0 0.5140625 0.83515625 0.02265625 0.0265625
0 0.54140625 0.9109375 0.0296875 0.01796875
0 0.4875 0.89609375 0.02109375 0.0140625
0 0.3609375 0.13359375 0.0203125 0.01015625
0 0.3390625 0.09609375 0.0203125 0.021875
0 0.31484375 0.06640625 0.034375 0.025
0 0.265625 0.07734375 0.01796875 0.01796875
0 0.275 0.13671875 0.03671875 0.0328125
0 0.4234375 0.20703125 0.025 0.0265625
0 0.2953125 0.20625 0.01796875 0.0140625
0 0.28203125 0.18671875 0.0234375 0.02265625
0 0.32890625 0.38671875 0.03125 0.0296875
0 0.3171875 0.36875 0.0265625 0.01953125
0 0.4015625 0.5984375 0.0203125 0.0203125
0 0.34296875 0.56796875 0.02734375 0.0265625
0 0.43359375 0.76640625 0.02734375 0.02734375
0 0.459375 0.74296875 0.0171875 0.01953125
0 0.4609375 0.97890625 0.03046875 0.02890625
0 0.45 0.95546875 0.021875 0.0203125