0 0.0609375 0.075 0.065625 0.03359375
0 0.2234375 0.29765625 0.04140625 0.034375
0 0.08046875 0.44765625 0.0421875 0.025
0 0.1734375 0.43984375 0.05 0.04765625
0 0.209375 0.5546875 0.05234375 0.04453125
0 0.2125 0.85234375 0.04453125 0.03203125
0 0.3671875 0.8390625 0.0515625 0.03125
0 0.32578125 0.96484375 0.034375 0.034375
0 0.39375 0.946875 0.03515625 0.02421875
0 0.50390625 0.98984375 0.04375 0.0203125
0 0.42734375 0.1921875 0.03515625 0.0375
0 0.4296875 0.1078125 0.01875 0.03125
0 0.421875 0.03984375 0.040625 0.0140625
0 0.4734375 0.0703125 0.04765625 0.03125
0 0.47109375 0.465625 0.046875 0.03671875
0 0.54453125 0.40546875 0.02265625 0.04609375
0 0.45625 0.62109375 0.05234375 0.040625
0 0.6921875 0.6625 0.025 0.0453125
0 0.703125 0.46484375 0.02734375 0.0390625
0 0.715625 0.31796875 0.05234375 0.03671875
0 0.76484375 0.27265625 0.05234375 0.0390625
0 0.753125 0.1265625 0.03828125 0.025
0 0.67265625 0.08671875 0.05078125 0.0265625