0 0.8 0.82421875 0.021875 0.01875
0 0.80546875 0.8703125 0.03046875 0.0265625
0 0.721875 0.890625 0.03828125 0.034375
0 0.6640625 0.86640625 0.025 0.02265625
0 0.82578125 0.97265625 0.05859375 0.0328125
0 0.7859375 0.71171875 0.03125 0.01796875
0 0.69375 0.75625 0.015625 0.01015625
0 0.48671875 0.78203125 0.0234375 0.0234375
0 0.48515625 0.80859375 0.025 0.0203125
0 0.48671875 0.8453125 0.02734375 0.0265625
0 0.51875 0.9 0.02421875 0.03125
0 0.4296875 0.8609375 0.03203125 0.03125
0 0.43125 0.69765625 0.0234375 0.01796875
0 0.2015625 0.6765625 0.01640625 0.025
0 0.17421875 0.8703125 0.05078125 0.0265625
0 0.2265625 0.8921875 0.015625 0.01328125
0 0.528125 0.4453125 0.02734375 0.0421875
0 0.74921875 0.4375 0.034375 0.03828125
0 0.734375 0.5359375 0.0265625 0.02734375
0 0.78984375 0.5703125 0.02421875 0.01796875
0 0.771875 0.6671875 0.02734375 0.01640625
0 0.6375 0.7328125 0.03125 0.01640625
0 0.6265625 0.66875 0.040625 0.02734375
0 0.34765625 0.453125 0.0296875 0.02578125
0 0.35234375 0.47890625 0.0296875 0.02890625
0 0.54609375 0.37890625 0.02890625 0.0296875
0 0.4796875 0.403125 0.028125 0.01953125
0 0.68515625 0.28046875 0.02578125 0.0265625
0 0.72890625 0.39296875 0.021875 0.01796875
0 0.40703125 0.3078125 0.02890625 0.02890625
0 0.34765625 0.91953125 0.02421875 0.02265625