0 0.2390625 0.10546875 0.03125 0.01640625
0 0.2359375 0.07890625 0.0234375 0.021875
0 0.23984375 0.04609375 0.01796875 0.015625
0 0.2859375 0.12265625 0.0390625 0.0265625
0 0.28828125 0.0765625 0.0171875 0.015625
0 0.2828125 0.040625 0.03828125 0.028125
0 0.30703125 0.01875 0.028125 0.025
0 0.31171875 0.08984375 0.0265625 0.0109375
0 0.35546875 0.046875 0.05 0.03125
0 0.3609375 0.103125 0.028125 0.021875
0 0.2671875 0.240625 0.03046875 0.0171875
0 0.3203125 0.21796875 0.01875 0.01640625
0 0.32265625 0.19296875 0.03203125 0.01953125
0 0.190625 0.2015625 0.0296875 0.02109375
0 0.25703125 0.17734375 0.03828125 0.02734375
0 0.084375 0.10703125 0.03046875 0.01484375
0 0.09609375 0.18828125 0.0265625 0.02421875
0 0.09140625 0.3078125 0.0328125 0.02421875
0 0.140625 0.359375 0.0390625 0.03125
0 0.04140625 0.47109375 0.04296875 0.03984375
0 0.1046875 0.490625 0.02578125 0.02265625
0 0.0328125 0.6109375 0.0203125 0.0171875
0 0.07578125 0.6515625 0.03125 0.02109375
0 0.06953125 0.6171875 0.02890625 0.02578125
0 0.121875 0.63671875 0.028125 0.0203125
0 0.0140625 0.81015625 0.01796875 0.02265625
0 0.03984375 0.86953125 0.0328125 0.02578125
0 0.03984375 0.85234375 0.02109375 0.01875
0 0.11953125 0.95546875 0.03046875 0.02421875
0 0.215625 0.93046875 0.03828125 0.0203125
0 0.28203125 0.33515625 0.028125 0.02265625
0 0.28515625 0.2890625 0.0359375 0.01953125
0 0.36171875 0.3109375 0.0421875 0.02421875
0 0.3546875 0.2828125 0.02578125 0.01796875
0 0.384375 0.3734375 0.03671875 0.03046875
0 0.41953125 0.4 0.0296875 0.0140625
0 0.30234375 0.43203125 0.02890625 0.02421875
0 0.33125 0.57109375 0.03515625 0.02421875
0 0.32265625 0.54609375 0.0296875 0.02109375
0 0.31640625 0.52109375 0.04140625 0.02578125
0 0.39140625 0.49609375 0.03828125 0.03515625
0 0.37578125 0.5546875 0.03203125 0.02265625
0 0.26953125 0.6265625 0.028125 0.02578125
0 0.346875 0.609375 0.02265625 0.01796875
0 0.3875 0.58984375 0.02109375 0.01796875
0 0.34921875 0.6796875 0.02734375 0.0234375
0 0.3921875 0.66484375 0.03515625 0.0296875
0 0.409375 0.62421875 0.01640625 0.0203125
0 0.29765625 0.92734375 0.0265625 0.0265625
0 0.32265625 0.95703125 0.0296875 0.021875
0 0.34609375 0.93046875 0.015625 0.01796875
0 0.39609375 0.85625 0.02265625 0.01328125
0 0.38359375 0.97734375 0.028125 0.01796875
0 0.3890625 0.94765625 0.03046875 0.0265625
0 0.5859375 0.0578125 0.040625 0.02734375
0 0.6640625 0.0875 0.05234375 0.0453125
0 0.59921875 0.17265625 0.021875 0.0234375
0 0.6265625 0.1421875 0.0359375 0.01875
0 0.603125 0.22421875 0.02265625 0.01640625
0 0.4828125 0.203125 0.0625 0.03125
0 0.690625 0.2703125 0.01484375 0.03125
0 0.65703125 0.4796875 0.0265625 0.0265625
0 0.61484375 0.45 0.02578125 0.01953125
0 0.47421875 0.42265625 0.01796875 0.01953125
0 0.528125 0.5703125 0.03828125 0.02109375
0 0.53828125 0.52734375 0.0296875 0.01796875
0 0.675 0.6828125 0.03359375 0.02578125
0 0.54296875 0.64921875 0.021875 0.0203125
0 0.5828125 0.9578125 0.02890625 0.0265625
0 0.61796875 0.98125 0.03125 0.01875