0 0.2390625 0.89453125 0.03125 0.01640625
0 0.2359375 0.92109375 0.0234375 0.021875
0 0.23984375 0.95390625 0.01796875 0.015625
0 0.2859375 0.87734375 0.0390625 0.0265625
0 0.28828125 0.9234375 0.0171875 0.015625
0 0.2828125 0.959375 0.03828125 0.028125
0 0.30703125 0.98125 0.028125 0.025
0 0.31171875 0.91015625 0.0265625 0.0109375
0 0.35546875 0.953125 0.05 0.03125
0 0.3609375 0.896875 0.028125 0.021875
0 0.2671875 0.759375 0.03046875 0.0171875
0 0.3203125 0.78203125 0.01875 0.01640625
0 0.32265625 0.80703125 0.03203125 0.01953125
0 0.190625 0.7984375 0.0296875 0.02109375
0 0.25703125 0.82265625 0.03828125 0.02734375
0 0.084375 0.89296875 0.03046875 0.01484375
0 0.09609375 0.81171875 0.0265625 0.02421875
0 0.09140625 0.6921875 0.0328125 0.02421875
0 0.140625 0.640625 0.0390625 0.03125
0 0.04140625 0.52890625 0.04296875 0.03984375
0 0.1046875 0.509375 0.02578125 0.02265625
0 0.0328125 0.3890625 0.0203125 0.0171875
0 0.07578125 0.3484375 0.03125 0.02109375
0 0.06953125 0.3828125 0.02890625 0.02578125
0 0.121875 0.36328125 0.028125 0.0203125
0 0.0140625 0.18984375 0.01796875 0.02265625
0 0.03984375 0.13046875 0.0328125 0.02578125
0 0.03984375 0.14765625 0.02109375 0.01875
0 0.11953125 0.04453125 0.03046875 0.02421875
0 0.215625 0.06953125 0.03828125 0.0203125
0 0.28203125 0.66484375 0.028125 0.02265625
0 0.28515625 0.7109375 0.0359375 0.01953125
0 0.36171875 0.6890625 0.0421875 0.02421875
0 0.3546875 0.7171875 0.02578125 0.01796875
0 0.384375 0.6265625 0.03671875 0.03046875
0 0.41953125 0.6 0.0296875 0.0140625
0 0.30234375 0.56796875 0.02890625 0.02421875
0 0.33125 0.42890625 0.03515625 0.02421875
0 0.32265625 0.45390625 0.0296875 0.02109375
0 0.31640625 0.47890625 0.04140625 0.02578125
0 0.39140625 0.50390625 0.03828125 0.03515625
0 0.37578125 0.4453125 0.03203125 0.02265625
0 0.26953125 0.3734375 0.028125 0.02578125
0 0.346875 0.390625 0.02265625 0.01796875
0 0.3875 0.41015625 0.02109375 0.01796875
0 0.34921875 0.3203125 0.02734375 0.0234375
0 0.3921875 0.33515625 0.03515625 0.0296875
0 0.409375 0.37578125 0.01640625 0.0203125
0 0.29765625 0.07265625 0.0265625 0.0265625
0 0.32265625 0.04296875 0.0296875 0.021875
0 0.34609375 0.06953125 0.015625 0.01796875
0 0.39609375 0.14375 0.02265625 0.01328125
0 0.38359375 0.02265625 0.028125 0.01796875
0 0.3890625 0.05234375 0.03046875 0.0265625
0 0.5859375 0.9421875 0.040625 0.02734375
0 0.6640625 0.9125 0.05234375 0.0453125
0 0.59921875 0.82734375 0.021875 0.0234375
0 0.6265625 0.8578125 0.0359375 0.01875
0 0.603125 0.77578125 0.02265625 0.01640625
0 0.4828125 0.796875 0.0625 0.03125
0 0.690625 0.7296875 0.01484375 0.03125
0 0.65703125 0.5203125 0.0265625 0.0265625
0 0.61484375 0.55 0.02578125 0.01953125
0 0.47421875 0.57734375 0.01796875 0.01953125
0 0.528125 0.4296875 0.03828125 0.02109375
0 0.53828125 0.47265625 0.0296875 0.01796875
0 0.675 0.3171875 0.03359375 0.02578125
0 0.54296875 0.35078125 0.021875 0.0203125
0 0.5828125 0.0421875 0.02890625 0.0265625
0 0.61796875 0.01875 0.03125 0.01875