0 0.3859375 0.009375 0.028125 0.01875
0 0.43046875 0.00703125 0.0328125 0.0140625
0 0.225 0.26328125 0.03125 0.0296875
0 0.30078125 0.2328125 0.02421875 0.02109375
0 0.35390625 0.240625 0.03671875 0.0234375
0 0.3609375 0.35078125 0.03046875 0.02109375
0 0.40234375 0.359375 0.02109375 0.02109375
0 0.41171875 0.3265625 0.0328125 0.015625
0 0.4546875 0.36796875 0.03359375 0.02265625
0 0.4953125 0.3421875 0.04609375 0.03125
0 0.16953125 0.3765625 0.03125 0.03515625
0 0.49140625 0.421875 0.03203125 0.021875
0 0.62578125 0.02890625 0.03671875 0.03359375
0 0.6296875 0.146875 0.02109375 0.01328125
0 0.6421875 0.121875 0.01953125 0.003125
0 0.6546875 0.07421875 0.01640625 0.0203125
0 0.66015625 0.0359375 0.01796875 0.015625
0 0.64921875 0.46484375 0.02109375 0.02109375
0 0.67578125 0.46640625 0.028125 0.015625
0 0.54375 0.596875 0.04140625 0.0359375
0 0.5296875 0.54296875 0.03515625 0.02265625
0 0.39375 0.50625 0.0234375 0.02109375
0 0.36328125 0.58203125 0.04765625 0.0390625
0 0.23125 0.6484375 0.02890625 0.03046875
0 0.259375 0.66171875 0.02734375 0.021875
0 0.27734375 0.63203125 0.02578125 0.02265625
0 0.22265625 0.61484375 0.0203125 0.021875
0 0.2265625 0.50625 0.02109375 0.0203125
0 0.634375 0.5796875 0.034375 0.02265625
0 0.6703125 0.57578125 0.05078125 0.0328125
0 0.7125 0.5984375 0.0265625 0.02421875
0 0.12578125 0.19140625 0.0265625 0.0203125
0 0.1609375 0.19375 0.0359375 0.02421875
0 0.134375 0.1265625 0.01796875 0.01875