0 0.3453125 0.209375 0.0484375 0.03984375
0 0.38359375 0.1796875 0.06015625 0.0390625
0 0.47890625 0.14765625 0.0515625 0.02578125
0 0.58125 0.1875 0.046875 0.034375
0 0.509375 0.2796875 0.02734375 0.02734375
0 0.47578125 0.259375 0.04296875 0.0203125
0 0.25546875 0.2890625 0.0328125 0.03203125
0 0.31640625 0.53125 0.03515625 0.02734375
0 0.3515625 0.53984375 0.03203125 0.01640625
0 0.325 0.75625 0.03046875 0.03046875
0 0.28046875 0.84765625 0.0375 0.0265625
0 0.30546875 0.96640625 0.03828125 0.021875
0 0.315625 0.9375 0.021875 0.01328125
0 0.3203125 0.89296875 0.0234375 0.028125
0 0.44140625 0.94609375 0.03046875 0.01875
0 0.43828125 0.928125 0.0234375 0.0234375
0 0.4875 0.93828125 0.02578125 0.02109375
0 0.42265625 0.81328125 0.03359375 0.0296875
0 0.5140625 0.79609375 0.02265625 0.02578125
0 0.45859375 0.784375 0.0234375 0.01953125
0 0.41015625 0.72734375 0.02578125 0.01640625
0 0.509375 0.625 0.02890625 0.02421875
0 0.64609375 0.2828125 0.04140625 0.028125
0 0.6484375 0.353125 0.0265625 0.01953125
0 0.69375 0.30546875 0.040625 0.0234375
0 0.47265625 0.35625 0.03359375 0.025
0 0.56015625 0.484375 0.03671875 0.025
0 0.66640625 0.42890625 0.0359375 0.02734375
0 0.69375 0.40546875 0.03671875 0.0296875
0 0.66875 0.53046875 0.03125 0.02421875
0 0.65234375 0.6234375 0.028125 0.02109375
0 0.51328125 0.90234375 0.028125 0.0171875
0 0.565625 0.92421875 0.0296875 0.0171875