0 0.35234375 0.11953125 0.04609375 0.04140625
0 0.1828125 0.21875 0.0234375 0.0171875
0 0.2546875 0.21015625 0.0203125 0.01796875
0 0.2984375 0.22265625 0.028125 0.01875
0 0.24140625 0.32578125 0.03125 0.02578125
0 0.32265625 0.3359375 0.02265625 0.0140625
0 0.2265625 0.490625 0.02578125 0.01796875
0 0.3046875 0.475 0.0484375 0.03046875
0 0.30078125 0.54765625 0.0328125 0.01796875
0 0.221875 0.64375 0.0265625 0.0171875
0 0.2359375 0.62890625 0.025 0.01171875
0 0.40703125 0.634375 0.0265625 0.01875
0 0.246875 0.93359375 0.0453125 0.0234375
0 0.2734375 0.89453125 0.03828125 0.03359375
0 0.22421875 0.890625 0.0265625 0.01640625
0 0.34921875 0.89140625 0.02734375 0.01796875
0 0.3578125 0.859375 0.0203125 0.02109375
0 0.3234375 0.98359375 0.0296875 0.009375
0 0.36953125 0.94609375 0.03203125 0.01640625
0 0.4171875 0.90234375 0.03203125 0.01796875
0 0.53125 0.13671875 0.0265625 0.0265625
0 0.54609375 0.16015625 0.0265625 0.015625
0 0.57109375 0.15234375 0.028125 0.0203125
0 0.58828125 0.18515625 0.03046875 0.01640625
0 0.4546875 0.25625 0.0296875 0.02265625
0 0.4953125 0.290625 0.0328125 0.0203125
0 0.5171875 0.246875 0.0390625 0.028125
0 0.49609375 0.37578125 0.03203125 0.028125
0 0.5484375 0.63828125 0.0328125 0.02890625
0 0.46640625 0.61328125 0.0234375 0.02109375
0 0.52109375 0.6984375 0.03046875 0.02578125
0 0.41875 0.7734375 0.0328125 0.021875
0 0.45625 0.809375 0.0296875 0.01796875
0 0.53125 0.83984375 0.021875 0.01796875
0 0.5265625 0.8921875 0.04765625 0.0234375
0 0.634375 0.884375 0.02421875 0.03203125
0 0.69765625 0.89375 0.0546875 0.028125
0 0.7125 0.93359375 0.0328125 0.0234375
0 0.73046875 0.23828125 0.03359375 0.03046875
0 0.69921875 0.396875 0.05 0.0296875
0 0.63671875 0.271875 0.03046875 0.01484375
0 0.75 0.08203125 0.03359375 0.0265625
0 0.7953125 0.0515625 0.05703125 0.04140625
0 0.2125 0.3890625 0.02421875 0.01640625