0 0.9453125 0.95078125 0.02734375 0.03046875
0 0.6875 0.9421875 0.0578125 0.05
0 0.7328125 0.834375 0.05234375 0.03125
0 0.921875 0.740625 0.03203125 0.0203125
0 0.8703125 0.73984375 0.0578125 0.03828125
0 0.91875 0.8359375 0.03203125 0.0234375
0 0.821875 0.6140625 0.0390625 0.0203125
0 0.69609375 0.5328125 0.040625 0.02890625
0 0.7390625 0.56640625 0.02734375 0.02265625
0 0.8625 0.44140625 0.034375 0.0265625
0 0.77109375 0.459375 0.03671875 0.0359375
0 0.79921875 0.35859375 0.03046875 0.0234375
0 0.76953125 0.35546875 0.0359375 0.028125
0 0.82421875 0.159375 0.02734375 0.0234375
0 0.80234375 0.2203125 0.028125 0.0203125
0 0.734375 0.26875 0.03671875 0.015625
0 0.75 0.18046875 0.03671875 0.01875
0 0.83125 0.08203125 0.02890625 0.02578125
0 0.8203125 0.09609375 0.03515625 0.01953125
0 0.77890625 0.01640625 0.025 0.0171875
0 0.628125 0.90625 0.03984375 0.0359375
0 0.6109375 0.9515625 0.01796875 0.02421875
0 0.56015625 0.91875 0.04609375 0.02890625
0 0.5484375 0.96796875 0.046875 0.01796875
0 0.553125 0.8578125 0.02890625 0.021875
0 0.6515625 0.63359375 0.03671875 0.02265625
0 0.584375 0.69453125 0.04140625 0.01953125
0 0.559375 0.72109375 0.0328125 0.0203125
0 0.56640625 0.76640625 0.03984375 0.02421875
0 0.521875 0.7453125 0.03125 0.0171875
0 0.5640625 0.63984375 0.0265625 0.02265625
0 0.5234375 0.51171875 0.0390625 0.01796875
0 0.5984375 0.53984375 0.0234375 0.0140625
0 0.5453125 0.5484375 0.01875 0.02109375
0 0.6 0.415625 0.034375 0.0171875
0 0.54765625 0.38359375 0.02890625 0.0234375
0 0.5390625 0.41875 0.03125 0.021875
0 0.6328125 0.190625 0.02421875 0.01328125
0 0.64453125 0.103125 0.0203125 0.02109375
0 0.60234375 0.075 0.03125 0.034375
0 0.59453125 0.1171875 0.03359375 0.021875
0 0.5546875 0.06640625 0.03828125 0.028125
0 0.51796875 0.09453125 0.0390625 0.028125
0 0.54296875 0.028125 0.03359375 0.02265625
0 0.54609375 0.3078125 0.02734375 0.01875
0 0.4359375 0.8625 0.03203125 0.0390625
0 0.271875 0.9046875 0.040625 0.0421875
0 0.29296875 0.97734375 0.0515625 0.0234375
0 0.3484375 0.72578125 0.0421875 0.0359375
0 0.29765625 0.690625 0.046875 0.03203125
0 0.33828125 0.63359375 0.02734375 0.01640625
0 0.32109375 0.53828125 0.04296875 0.03671875
0 0.28125 0.55703125 0.03359375 0.03203125
0 0.3265625 0.41796875 0.0265625 0.021875
0 0.3515625 0.284375 0.0234375 0.03984375
0 0.35703125 0.2125 0.02109375 0.01640625