0 0.0546875 0.95078125 0.02734375 0.03046875
0 0.3125 0.9421875 0.0578125 0.05
0 0.2671875 0.834375 0.05234375 0.03125
0 0.078125 0.740625 0.03203125 0.0203125
0 0.1296875 0.73984375 0.0578125 0.03828125
0 0.08125 0.8359375 0.03203125 0.0234375
0 0.178125 0.6140625 0.0390625 0.0203125
0 0.30390625 0.5328125 0.040625 0.02890625
0 0.2609375 0.56640625 0.02734375 0.02265625
0 0.1375 0.44140625 0.034375 0.0265625
0 0.22890625 0.459375 0.03671875 0.0359375
0 0.20078125 0.35859375 0.03046875 0.0234375
0 0.23046875 0.35546875 0.0359375 0.028125
0 0.17578125 0.159375 0.02734375 0.0234375
0 0.19765625 0.2203125 0.028125 0.0203125
0 0.265625 0.26875 0.03671875 0.015625
0 0.25 0.18046875 0.03671875 0.01875
0 0.16875 0.08203125 0.02890625 0.02578125
0 0.1796875 0.09609375 0.03515625 0.01953125
0 0.22109375 0.01640625 0.025 0.0171875
0 0.371875 0.90625 0.03984375 0.0359375
0 0.3890625 0.9515625 0.01796875 0.02421875
0 0.43984375 0.91875 0.04609375 0.02890625
0 0.4515625 0.96796875 0.046875 0.01796875
0 0.446875 0.8578125 0.02890625 0.021875
0 0.3484375 0.63359375 0.03671875 0.02265625
0 0.415625 0.69453125 0.04140625 0.01953125
0 0.440625 0.72109375 0.0328125 0.0203125
0 0.43359375 0.76640625 0.03984375 0.02421875
0 0.478125 0.7453125 0.03125 0.0171875
0 0.4359375 0.63984375 0.0265625 0.02265625
0 0.4765625 0.51171875 0.0390625 0.01796875
0 0.4015625 0.53984375 0.0234375 0.0140625
0 0.4546875 0.5484375 0.01875 0.02109375
0 0.4 0.415625 0.034375 0.0171875
0 0.45234375 0.38359375 0.02890625 0.0234375
0 0.4609375 0.41875 0.03125 0.021875
0 0.3671875 0.190625 0.02421875 0.01328125
0 0.35546875 0.103125 0.0203125 0.02109375
0 0.39765625 0.075 0.03125 0.034375
0 0.40546875 0.1171875 0.03359375 0.021875
0 0.4453125 0.06640625 0.03828125 0.028125
0 0.48203125 0.09453125 0.0390625 0.028125
0 0.45703125 0.028125 0.03359375 0.02265625
0 0.45390625 0.3078125 0.02734375 0.01875
0 0.5640625 0.8625 0.03203125 0.0390625
0 0.728125 0.9046875 0.040625 0.0421875
0 0.70703125 0.97734375 0.0515625 0.0234375
0 0.6515625 0.72578125 0.0421875 0.0359375
0 0.70234375 0.690625 0.046875 0.03203125
0 0.66171875 0.63359375 0.02734375 0.01640625
0 0.67890625 0.53828125 0.04296875 0.03671875
0 0.71875 0.55703125 0.03359375 0.03203125
0 0.6734375 0.41796875 0.0265625 0.021875
0 0.6484375 0.284375 0.0234375 0.03984375
0 0.64296875 0.2125 0.02109375 0.01640625