0 0.27578125 0.9140625 0.04375 0.03125
0 0.2390625 0.95234375 0.03515625 0.025
0 0.07578125 0.80078125 0.0328125 0.02421875
0 0.17734375 0.81328125 0.04375 0.0328125
0 0.06015625 0.6890625 0.0234375 0.021875
0 0.2 0.6859375 0.03515625 0.0234375
0 0.25078125 0.65390625 0.04375 0.0140625
0 0.1171875 0.60078125 0.01953125 0.02265625
0 0.15 0.440625 0.0390625 0.0109375
0 0.13671875 0.48125 0.02734375 0.02109375
0 0.1671875 0.48828125 0.03671875 0.0359375
0 0.24453125 0.41796875 0.0359375 0.0265625
0 0.153125 0.32265625 0.04453125 0.01796875
0 0.20703125 0.0234375 0.05 0.0203125
0 0.19453125 0.06484375 0.04296875 0.0328125
0 0.2265625 0.09921875 0.05 0.028125
0 0.33203125 0.11640625 0.04296875 0.0375
0 0.38515625 0.0703125 0.0359375 0.0203125
0 0.62265625 0.06953125 0.0390625 0.01953125
0 0.609375 0.11796875 0.04140625 0.03203125
0 0.69453125 0.046875 0.03046875 0.028125
0 0.37734375 0.19453125 0.034375 0.02265625
0 0.50703125 0.3484375 0.028125 0.03359375
0 0.36484375 0.34375 0.03046875 0.02578125
0 0.428125 0.36953125 0.03515625 0.01484375
0 0.68203125 0.4734375 0.02734375 0.04609375
0 0.69296875 0.3328125 0.01875 0.02734375
0 0.46171875 0.6265625 0.05078125 0.02890625
0 0.45703125 0.72890625 0.03984375 0.034375
0 0.4 0.77109375 0.034375 0.0296875
0 0.4765625 0.7828125 0.0453125 0.028125
0 0.47421875 0.89765625 0.028125 0.028125
0 0.503125 0.86796875 0.04296875 0.03125
0 0.52734375 0.87421875 0.0375 0.02109375
0 0.4015625 0.9234375 0.03125 0.02421875
0 0.45546875 0.9421875 0.02734375 0.01953125
0 0.390625 0.83359375 0.01484375 0.015625
0 0.7140625 0.78046875 0.0296875 0.01953125
0 0.68203125 0.80625 0.04375 0.02890625
0 0.72421875 0.94140625 0.0421875 0.02578125
0 0.7640625 0.8296875 0.02265625 0.02109375
0 0.68984375 0.6015625 0.03125 0.021875