0 0.72421875 0.0859375 0.04375 0.03125
0 0.7609375 0.04765625 0.03515625 0.025
0 0.92421875 0.19921875 0.0328125 0.02421875
0 0.82265625 0.18671875 0.04375 0.0328125
0 0.93984375 0.3109375 0.0234375 0.021875
0 0.8 0.3140625 0.03515625 0.0234375
0 0.74921875 0.34609375 0.04375 0.0140625
0 0.8828125 0.39921875 0.01953125 0.02265625
0 0.85 0.559375 0.0390625 0.0109375
0 0.86328125 0.51875 0.02734375 0.02109375
0 0.8328125 0.51171875 0.03671875 0.0359375
0 0.75546875 0.58203125 0.0359375 0.0265625
0 0.846875 0.67734375 0.04453125 0.01796875
0 0.79296875 0.9765625 0.05 0.0203125
0 0.80546875 0.93515625 0.04296875 0.0328125
0 0.7734375 0.90078125 0.05 0.028125
0 0.66796875 0.88359375 0.04296875 0.0375
0 0.61484375 0.9296875 0.0359375 0.0203125
0 0.37734375 0.93046875 0.0390625 0.01953125
0 0.390625 0.88203125 0.04140625 0.03203125
0 0.30546875 0.953125 0.03046875 0.028125
0 0.62265625 0.80546875 0.034375 0.02265625
0 0.49296875 0.6515625 0.028125 0.03359375
0 0.63515625 0.65625 0.03046875 0.02578125
0 0.571875 0.63046875 0.03515625 0.01484375
0 0.31796875 0.5265625 0.02734375 0.04609375
0 0.30703125 0.6671875 0.01875 0.02734375
0 0.53828125 0.3734375 0.05078125 0.02890625
0 0.54296875 0.27109375 0.03984375 0.034375
0 0.6 0.22890625 0.034375 0.0296875
0 0.5234375 0.2171875 0.0453125 0.028125
0 0.52578125 0.10234375 0.028125 0.028125
0 0.496875 0.13203125 0.04296875 0.03125
0 0.47265625 0.12578125 0.0375 0.02109375
0 0.5984375 0.0765625 0.03125 0.02421875
0 0.54453125 0.0578125 0.02734375 0.01953125
0 0.609375 0.16640625 0.01484375 0.015625
0 0.2859375 0.21953125 0.0296875 0.01953125
0 0.31796875 0.19375 0.04375 0.02890625
0 0.27578125 0.05859375 0.0421875 0.02578125
0 0.2359375 0.1703125 0.02265625 0.02109375
0 0.31015625 0.3984375 0.03125 0.021875