0 0.721875 0.9328125 0.06015625 0.05390625
0 0.94765625 0.8109375 0.0609375 0.0515625
0 0.9828125 0.71328125 0.034375 0.01796875
0 0.9484375 0.76015625 0.03359375 0.02421875
0 0.68125 0.7578125 0.0296875 0.03515625
0 0.43359375 0.7984375 0.034375 0.03828125
0 0.6203125 0.8375 0.034375 0.0203125
0 0.56640625 0.859375 0.034375 0.03203125
0 0.57265625 0.94765625 0.03046875 0.025
0 0.44609375 0.95625 0.046875 0.03515625
0 0.2421875 0.96640625 0.075 0.04609375
0 0.4296875 0.86171875 0.04296875 0.025
0 0.440625 0.6890625 0.02734375 0.028125
0 0.42734375 0.7296875 0.0390625 0.0234375
0 0.37578125 0.775 0.03984375 0.0375
0 0.36796875 0.83359375 0.0265625 0.02578125
0 0.346875 0.8734375 0.034375 0.03125
0 0.43125 0.60234375 0.02421875 0.025
0 0.7109375 0.45390625 0.03515625 0.0515625
0 0.653125 0.4609375 0.03671875 0.034375
0 0.6671875 0.56015625 0.02734375 0.0234375
0 0.8 0.26640625 0.05703125 0.0421875
0 0.71328125 0.24375 0.03984375 0.03046875
0 0.940625 0.221875 0.04375 0.02890625
0 0.81875 0.0765625 0.0484375 0.0234375
0 0.76484375 0.07734375 0.04453125 0.02109375
0 0.6921875 0.05078125 0.02265625 0.025
0 0.73125 0.16171875 0.02421875 0.02109375
0 0.50703125 0.29921875 0.04375 0.0421875
0 0.4484375 0.31875 0.02734375 0.02265625
0 0.45859375 0.39765625 0.034375 0.02265625
0 0.26171875 0.32734375 0.04296875 0.02734375
0 0.45625 0.2234375 0.03125 0.02890625
0 0.3765625 0.03125 0.0484375 0.0234375
0 0.02578125 0.2546875 0.03359375 0.03125
0 0.27890625 0.365625 0.0328125 0.02265625
0 0.0640625 0.61875 0.0453125 0.0328125
0 0.28671875 0.540625 0.028125 0.0234375
0 0.240625 0.590625 0.078125 0.034375
0 0.01328125 0.45390625 0.0265625 0.03515625
0 0.10078125 0.51015625 0.0265625 0.021875