0 0.89296875 0.01875 0.034375 0.03125
0 0.90390625 0.11015625 0.03203125 0.01640625
0 0.87890625 0.18046875 0.021875 0.0234375
0 0.8890625 0.153125 0.02578125 0.0171875
0 0.74453125 0.09921875 0.03359375 0.021875
0 0.71171875 0.0484375 0.02578125 0.02265625
0 0.71484375 0.0203125 0.025 0.0203125
0 0.7 0.14609375 0.01328125 0.0140625
0 0.703125 0.1125 0.02421875 0.01796875
0 0.7046875 0.0890625 0.01484375 0.015625
0 0.65234375 0.0828125 0.02578125 0.021875
0 0.653125 0.053125 0.0234375 0.01953125
0 0.65703125 0.01796875 0.03671875 0.021875
0 0.77109375 0.503125 0.02265625 0.01171875
0 0.7640625 0.47421875 0.0234375 0.01328125
0 0.75859375 0.4546875 0.02109375 0.0109375
0 0.7578125 0.42265625 0.02421875 0.0140625
0 0.76171875 0.403125 0.0234375 0.01484375
0 0.76015625 0.37890625 0.02265625 0.0140625
0 0.76171875 0.36328125 0.02578125 0.0140625
0 0.75859375 0.34296875 0.03125 0.0171875
0 0.759375 0.30859375 0.0171875 0.01171875
0 0.7578125 0.28671875 0.03125 0.0171875
0 0.75625 0.2703125 0.0234375 0.0140625
0 0.7546875 0.24921875 0.01640625 0.01328125
0 0.75234375 0.21953125 0.0203125 0.021875
0 0.8453125 0.3765625 0.0140625 0.0109375
0 0.8484375 0.3578125 0.01796875 0.0109375
0 0.846875 0.3375 0.021875 0.015625
0 0.83359375 0.42421875 0.01171875 0.01328125
0 0.77890625 0.42734375 0.021875 0.0109375
0 0.79765625 0.5453125 0.02734375 0.028125
0 0.83515625 0.5125 0.01640625 0.01015625
0 0.840625 0.4984375 0.01796875 0.0125
0 0.8578125 0.47734375 0.01875 0.009375
0 0.7890625 0.803125 0.0359375 0.03125
0 0.81875 0.921875 0.01796875 0.009375
0 0.82265625 0.90078125 0.015625 0.01015625
0 0.809375 0.86875 0.02265625 0.02265625
0 0.775 0.83984375 0.02734375 0.025
0 0.79765625 0.9015625 0.0203125 0.021875
0 0.7703125 0.97890625 0.02265625 0.01953125
0 0.77109375 0.95625 0.0328125 0.01796875
0 0.703125 0.1984375 0.01796875 0.01328125
0 0.6859375 0.21015625 0.02109375 0.0171875
0 0.6859375 0.1796875 0.02109375 0.01875
0 0.71640625 0.2875 0.028125 0.015625
0 0.671875 0.32578125 0.03203125 0.03203125
0 0.6796875 0.290625 0.03515625 0.025
0 0.64375 0.30546875 0.0234375 0.01796875
0 0.7125 0.42265625 0.0265625 0.02578125
0 0.68203125 0.4125 0.02265625 0.02265625
0 0.73125 0.509375 0.02265625 0.0203125
0 0.70546875 0.56875 0.02578125 0.015625
0 0.69609375 0.5453125 0.01953125 0.01171875
0 0.4828125 0.31328125 0.02265625 0.02109375
0 0.571875 0.134375 0.01953125 0.01328125
0 0.63671875 0.20859375 0.0171875 0.0125
0 0.6109375 0.215625 0.01484375 0.009375
0 0.59140625 0.2953125 0.01953125 0.01640625
0 0.5875 0.2625 0.01484375 0.01015625
0 0.584375 0.23515625 0.015625 0.009375
0 0.58125 0.20390625 0.021875 0.0171875
0 0.57578125 0.17890625 0.021875 0.01796875
0 0.56015625 0.19609375 0.021875 0.01640625
0 0.5578125 0.16796875 0.01484375 0.01796875
0 0.54140625 0.1421875 0.021875 0.0203125
0 0.54453125 0.1078125 0.0171875 0.02265625
0 0.5078125 0.103125 0.0296875 0.0265625
0 0.56328125 0.09375 0.01640625 0.01484375
0 0.56640625 0.06171875 0.02578125 0.0140625
0 0.6015625 0.375 0.02265625 0.01640625
0 0.60234375 0.35 0.01640625 0.01015625
0 0.56875 0.31171875 0.02109375 0.01015625
0 0.5640625 0.29296875 0.01875 0.01484375
0 0.55703125 0.271875 0.015625 0.01171875
0 0.55078125 0.23203125 0.01484375 0.0109375
0 0.58046875 0.38515625 0.01640625 0.01875
0 0.58828125 0.3625 0.015625 0.0125
0 0.6296875 0.48125 0.01875 0.0140625
0 0.6140625 0.5 0.025 0.015625
0 0.6109375 0.46953125 0.01640625 0.01015625
0 0.7125 0.6765625 0.01953125 0.0125
0 0.6734375 0.66796875 0.025 0.0109375
0 0.665625 0.6421875 0.01640625 0.01484375
0 0.65703125 0.61875 0.01640625 0.0125
0 0.61875 0.58046875 0.01953125 0.015625
0 0.5859375 0.58359375 0.01875 0.0171875
0 0.70625 0.6125 0.01171875 0.01015625
0 0.7234375 0.771875 0.015625 0.015625
0 0.68828125 0.72734375 0.03046875 0.01875
0 0.4328125 0.22265625 0.0375 0.034375
0 0.421875 0.2453125 0.02421875 0.01171875
0 0.4859375 0.04453125 0.025 0.0203125
0 0.49140625 0.2125 0.01484375 0.0140625
0 0.50625 0.1890625 0.0109375 0.01484375
0 0.4375 0.3671875 0.028125 0.03046875
0 0.5 0.43125 0.0359375 0.021875
0 0.4796875 0.4640625 0.02734375 0.0171875
0 0.6 0.4375 0.0125 0.01328125
0 0.4703125 0.51015625 0.02265625 0.01875
0 0.5109375 0.55859375 0.02734375 0.0203125
0 0.47109375 0.56953125 0.01875 0.0125
0 0.4609375 0.55 0.01875 0.0171875
0 0.58359375 0.759375 0.025 0.0171875
0 0.5921875 0.74140625 0.01640625 0.015625
0 0.5515625 0.72421875 0.03515625 0.03359375
0 0.54140625 0.753125 0.01875 0.01328125
0 0.628125 0.87265625 0.0359375 0.0421875
0 0.5640625 0.8671875 0.02109375 0.021875
0 0.54609375 0.84921875 0.021875 0.0234375
0 0.6453125 0.93671875 0.02890625 0.01640625
0 0.51328125 0.90390625 0.01875 0.01640625
0 0.6 0.90625 0.04140625 0.0109375
0 0.59453125 0.9859375 0.0203125 0.00859375
0 0.5390625 0.9515625 0.0140625 0.015625
0 0.3328125 0.1109375 0.02421875 0.01796875
0 0.30703125 0.07890625 0.03125 0.01640625
0 0.26484375 0.04296875 0.02578125 0.02734375
0 0.2578125 0.01328125 0.02265625 0.0125
0 0.2828125 0.0984375 0.01640625 0.015625
0 0.24296875 0.06953125 0.021875 0.0140625
0 0.3078125 0.21875 0.02734375 0.02734375
0 0.3390625 0.20390625 0.0265625 0.02421875
0 0.36953125 0.1796875 0.01875 0.0171875
0 0.37734375 0.4234375 0.02578125 0.021875
0 0.309375 0.43046875 0.028125 0.0296875
0 0.3765625 0.68046875 0.0203125 0.01640625
0 0.34609375 0.66796875 0.01796875 0.015625
0 0.34453125 0.70859375 0.025 0.0125
0 0.409375 0.775 0.0171875 0.01796875
0 0.4296875 0.8453125 0.0296875 0.02421875
0 0.4375 0.81796875 0.01953125 0.0171875
0 0.38046875 0.79140625 0.021875 0.0171875
0 0.425 0.9359375 0.0171875 0.01171875
0 0.3734375 0.9921875 0.02734375 0.01484375
0 0.31640625 0.9859375 0.021875 0.021875
0 0.31796875 0.9546875 0.025 0.021875