0 0.89296875 0.98125 0.034375 0.03125
0 0.90390625 0.88984375 0.03203125 0.01640625
0 0.87890625 0.81953125 0.021875 0.0234375
0 0.8890625 0.846875 0.02578125 0.0171875
0 0.74453125 0.90078125 0.03359375 0.021875
0 0.71171875 0.9515625 0.02578125 0.02265625
0 0.71484375 0.9796875 0.025 0.0203125
0 0.7 0.85390625 0.01328125 0.0140625
0 0.703125 0.8875 0.02421875 0.01796875
0 0.7046875 0.9109375 0.01484375 0.015625
0 0.65234375 0.9171875 0.02578125 0.021875
0 0.653125 0.946875 0.0234375 0.01953125
0 0.65703125 0.98203125 0.03671875 0.021875
0 0.77109375 0.496875 0.02265625 0.01171875
0 0.7640625 0.52578125 0.0234375 0.01328125
0 0.75859375 0.5453125 0.02109375 0.0109375
0 0.7578125 0.57734375 0.02421875 0.0140625
0 0.76171875 0.596875 0.0234375 0.01484375
0 0.76015625 0.62109375 0.02265625 0.0140625
0 0.76171875 0.63671875 0.02578125 0.0140625
0 0.75859375 0.65703125 0.03125 0.0171875
0 0.759375 0.69140625 0.0171875 0.01171875
0 0.7578125 0.71328125 0.03125 0.0171875
0 0.75625 0.7296875 0.0234375 0.0140625
0 0.7546875 0.75078125 0.01640625 0.01328125
0 0.75234375 0.78046875 0.0203125 0.021875
0 0.8453125 0.6234375 0.0140625 0.0109375
0 0.8484375 0.6421875 0.01796875 0.0109375
0 0.846875 0.6625 0.021875 0.015625
0 0.83359375 0.57578125 0.01171875 0.01328125
0 0.77890625 0.57265625 0.021875 0.0109375
0 0.79765625 0.4546875 0.02734375 0.028125
0 0.83515625 0.4875 0.01640625 0.01015625
0 0.840625 0.5015625 0.01796875 0.0125
0 0.8578125 0.52265625 0.01875 0.009375
0 0.7890625 0.196875 0.0359375 0.03125
0 0.81875 0.078125 0.01796875 0.009375
0 0.82265625 0.09921875 0.015625 0.01015625
0 0.809375 0.13125 0.02265625 0.02265625
0 0.775 0.16015625 0.02734375 0.025
0 0.79765625 0.0984375 0.0203125 0.021875
0 0.7703125 0.02109375 0.02265625 0.01953125
0 0.77109375 0.04375 0.0328125 0.01796875
0 0.703125 0.8015625 0.01796875 0.01328125
0 0.6859375 0.78984375 0.02109375 0.0171875
0 0.6859375 0.8203125 0.02109375 0.01875
0 0.71640625 0.7125 0.028125 0.015625
0 0.671875 0.67421875 0.03203125 0.03203125
0 0.6796875 0.709375 0.03515625 0.025
0 0.64375 0.69453125 0.0234375 0.01796875
0 0.7125 0.57734375 0.0265625 0.02578125
0 0.68203125 0.5875 0.02265625 0.02265625
0 0.73125 0.490625 0.02265625 0.0203125
0 0.70546875 0.43125 0.02578125 0.015625
0 0.69609375 0.4546875 0.01953125 0.01171875
0 0.4828125 0.68671875 0.02265625 0.02109375
0 0.571875 0.865625 0.01953125 0.01328125
0 0.63671875 0.79140625 0.0171875 0.0125
0 0.6109375 0.784375 0.01484375 0.009375
0 0.59140625 0.7046875 0.01953125 0.01640625
0 0.5875 0.7375 0.01484375 0.01015625
0 0.584375 0.76484375 0.015625 0.009375
0 0.58125 0.79609375 0.021875 0.0171875
0 0.57578125 0.82109375 0.021875 0.01796875
0 0.56015625 0.80390625 0.021875 0.01640625
0 0.5578125 0.83203125 0.01484375 0.01796875
0 0.54140625 0.8578125 0.021875 0.0203125
0 0.54453125 0.8921875 0.0171875 0.02265625
0 0.5078125 0.896875 0.0296875 0.0265625
0 0.56328125 0.90625 0.01640625 0.01484375
0 0.56640625 0.93828125 0.02578125 0.0140625
0 0.6015625 0.625 0.02265625 0.01640625
0 0.60234375 0.65 0.01640625 0.01015625
0 0.56875 0.68828125 0.02109375 0.01015625
0 0.5640625 0.70703125 0.01875 0.01484375
0 0.55703125 0.728125 0.015625 0.01171875
0 0.55078125 0.76796875 0.01484375 0.0109375
0 0.58046875 0.61484375 0.01640625 0.01875
0 0.58828125 0.6375 0.015625 0.0125
0 0.6296875 0.51875 0.01875 0.0140625
0 0.6140625 0.5 0.025 0.015625
0 0.6109375 0.53046875 0.01640625 0.01015625
0 0.7125 0.3234375 0.01953125 0.0125
0 0.6734375 0.33203125 0.025 0.0109375
0 0.665625 0.3578125 0.01640625 0.01484375
0 0.65703125 0.38125 0.01640625 0.0125
0 0.61875 0.41953125 0.01953125 0.015625
0 0.5859375 0.41640625 0.01875 0.0171875
0 0.70625 0.3875 0.01171875 0.01015625
0 0.7234375 0.228125 0.015625 0.015625
0 0.68828125 0.27265625 0.03046875 0.01875
0 0.4328125 0.77734375 0.0375 0.034375
0 0.421875 0.7546875 0.02421875 0.01171875
0 0.4859375 0.95546875 0.025 0.0203125
0 0.49140625 0.7875 0.01484375 0.0140625
0 0.50625 0.8109375 0.0109375 0.01484375
0 0.4375 0.6328125 0.028125 0.03046875
0 0.5 0.56875 0.0359375 0.021875
0 0.4796875 0.5359375 0.02734375 0.0171875
0 0.6 0.5625 0.0125 0.01328125
0 0.4703125 0.48984375 0.02265625 0.01875
0 0.5109375 0.44140625 0.02734375 0.0203125
0 0.47109375 0.43046875 0.01875 0.0125
0 0.4609375 0.45 0.01875 0.0171875
0 0.58359375 0.240625 0.025 0.0171875
0 0.5921875 0.25859375 0.01640625 0.015625
0 0.5515625 0.27578125 0.03515625 0.03359375
0 0.54140625 0.246875 0.01875 0.01328125
0 0.628125 0.12734375 0.0359375 0.0421875
0 0.5640625 0.1328125 0.02109375 0.021875
0 0.54609375 0.15078125 0.021875 0.0234375
0 0.6453125 0.06328125 0.02890625 0.01640625
0 0.51328125 0.09609375 0.01875 0.01640625
0 0.6 0.09375 0.04140625 0.0109375
0 0.59453125 0.0140625 0.0203125 0.00859375
0 0.5390625 0.0484375 0.0140625 0.015625
0 0.3328125 0.8890625 0.02421875 0.01796875
0 0.30703125 0.92109375 0.03125 0.01640625
0 0.26484375 0.95703125 0.02578125 0.02734375
0 0.2578125 0.98671875 0.02265625 0.0125
0 0.2828125 0.9015625 0.01640625 0.015625
0 0.24296875 0.93046875 0.021875 0.0140625
0 0.3078125 0.78125 0.02734375 0.02734375
0 0.3390625 0.79609375 0.0265625 0.02421875
0 0.36953125 0.8203125 0.01875 0.0171875
0 0.37734375 0.5765625 0.02578125 0.021875
0 0.309375 0.56953125 0.028125 0.0296875
0 0.3765625 0.31953125 0.0203125 0.01640625
0 0.34609375 0.33203125 0.01796875 0.015625
0 0.34453125 0.29140625 0.025 0.0125
0 0.409375 0.225 0.0171875 0.01796875
0 0.4296875 0.1546875 0.0296875 0.02421875
0 0.4375 0.18203125 0.01953125 0.0171875
0 0.38046875 0.20859375 0.021875 0.0171875
0 0.425 0.0640625 0.0171875 0.01171875
0 0.3734375 0.0078125 0.02734375 0.01484375
0 0.31640625 0.0140625 0.021875 0.021875
0 0.31796875 0.0453125 0.025 0.021875