0 0.215625 0.0265625 0.015625 0.01640625
0 0.2390625 0.05703125 0.01953125 0.01171875
0 0.39765625 0.19375 0.021875 0.0203125
0 0.44140625 0.22578125 0.03203125 0.02890625
0 0.36640625 0.109375 0.02265625 0.01484375
0 0.25546875 0.26328125 0.0296875 0.021875
0 0.2640625 0.240625 0.02421875 0.01875
0 0.4375 0.1875 0.02421875 0.021875
0 0.321875 0.3390625 0.01484375 0.015625
0 0.40390625 0.33125 0.028125 0.0203125
0 0.30390625 0.46796875 0.03828125 0.0328125
0 0.37265625 0.428125 0.0328125 0.03125
0 0.2609375 0.4234375 0.02734375 0.01875
0 0.2578125 0.55546875 0.02421875 0.01875
0 0.290625 0.7625 0.03515625 0.0296875
0 0.2859375 0.7203125 0.02578125 0.01875
0 0.303125 0.640625 0.0234375 0.01484375
0 0.30546875 0.70390625 0.0296875 0.0234375
0 0.43125 0.1515625 0.03125 0.01640625
0 0.43203125 0.12890625 0.01484375 0.0125
0 0.43984375 0.10078125 0.02265625 0.01796875
0 0.5453125 0.1015625 0.03046875 0.02421875
0 0.5546875 0.01640625 0.02421875 0.01015625
0 0.5515625 0.075 0.028125 0.01796875
0 0.5953125 0.02890625 0.028125 0.01796875
0 0.52734375 0.2546875 0.03359375 0.03359375
0 0.528125 0.19921875 0.01328125 0.0171875
0 0.5625 0.19453125 0.021875 0.01796875
0 0.565625 0.16875 0.0171875 0.01484375
0 0.5453125 0.2796875 0.028125 0.021875
0 0.4625 0.44140625 0.05 0.03359375
0 0.6109375 0.48671875 0.034375 0.025
0 0.39140625 0.6234375 0.02578125 0.01875
0 0.44375 0.57734375 0.0390625 0.02109375
0 0.38203125 0.74921875 0.0296875 0.02265625
0 0.3671875 0.72578125 0.0390625 0.0203125
0 0.2703125 0.8265625 0.025 0.02109375
0 0.3015625 0.8015625 0.034375 0.01796875
0 0.2546875 0.88828125 0.0265625 0.0140625
0 0.28359375 0.86953125 0.01875 0.021875
0 0.68828125 0.27109375 0.0328125 0.04375
0 0.6390625 0.2109375 0.02578125 0.01796875
0 0.70859375 0.0625 0.0640625 0.05390625
0 0.7046875 0.1171875 0.059375 0.02890625
0 0.80546875 0.13203125 0.0234375 0.01328125
0 0.8453125 0.10625 0.02265625 0.028125
0 0.80390625 0.09140625 0.01640625 0.0140625
0 0.8484375 0.2265625 0.02265625 0.01875
0 0.76875 0.3375 0.0375 0.028125
0 0.61875 0.34140625 0.0421875 0.0296875
0 0.64609375 0.37734375 0.03125 0.01640625
0 0.64921875 0.43828125 0.03046875 0.0234375
0 0.65546875 0.66015625 0.025 0.02265625
0 0.70390625 0.64921875 0.03046875 0.021875
0 0.515625 0.75 0.03203125 0.0125
0 0.56484375 0.71484375 0.0234375 0.01640625
0 0.44609375 0.91328125 0.02578125 0.0203125
0 0.4875 0.87578125 0.0171875 0.02109375
0 0.53671875 0.83984375 0.03359375 0.02109375
0 0.55 0.81171875 0.02890625 0.01796875
0 0.50390625 0.971875 0.028125 0.0203125
0 0.53671875 0.984375 0.0203125 0.01796875
0 0.83203125 0.34453125 0.03046875 0.0265625
0 0.81484375 0.40390625 0.0375 0.01484375
0 0.78125 0.55859375 0.02421875 0.0171875
0 0.82890625 0.54765625 0.0296875 0.02265625
0 0.790625 0.65 0.0203125 0.01484375
0 0.790625 0.615625 0.0234375 0.01953125
0 0.684375 0.78046875 0.034375 0.01640625
0 0.70703125 0.73671875 0.0265625 0.01875
0 0.7421875 0.7578125 0.02734375 0.0203125