0 0.7515625 0.13515625 0.0265625 0.0234375
0 0.71171875 0.17265625 0.0328125 0.034375
0 0.721875 0.1375 0.0328125 0.01953125
0 0.68203125 0.2421875 0.05 0.040625
0 0.8109375 0.221875 0.03359375 0.01875
0 0.809375 0.19375 0.0390625 0.01953125
0 0.825 0.29609375 0.02265625 0.02421875
0 0.8109375 0.28359375 0.02421875 0.0234375
0 0.75703125 0.2875 0.0171875 0.015625
0 0.759375 0.3890625 0.02890625 0.0390625
0 0.84453125 0.42109375 0.04921875 0.0359375
0 0.596875 0.22890625 0.03125 0.02265625
0 0.615625 0.175 0.03359375 0.025
0 0.6171875 0.0421875 0.02734375 0.021875
0 0.53203125 0.02734375 0.025 0.01875
0 0.5109375 0.04765625 0.02421875 0.01875
0 0.5015625 0.1640625 0.0375 0.03203125
0 0.45703125 0.2140625 0.0390625 0.0390625
0 0.515625 0.2921875 0.05859375 0.03359375
0 0.48671875 0.3234375 0.03671875 0.02109375
0 0.65703125 0.3453125 0.0390625 0.03125
0 0.6375 0.37578125 0.034375 0.0296875
0 0.37265625 0.28203125 0.02890625 0.03046875
0 0.29765625 0.2859375 0.034375 0.02734375
0 0.47265625 0.3828125 0.01875 0.025
0 0.67421875 0.46484375 0.01484375 0.01484375
0 0.63828125 0.46328125 0.01328125 0.01484375
0 0.60078125 0.4640625 0.02421875 0.0171875
0 0.5171875 0.43984375 0.03515625 0.021875
0 0.68359375 0.5375 0.01953125 0.01953125
0 0.815625 0.61171875 0.02265625 0.01640625
0 0.79375 0.6375 0.015625 0.015625
0 0.83828125 0.8 0.025 0.03359375
0 0.80546875 0.77265625 0.03203125 0.025
0 0.82109375 0.7328125 0.02265625 0.025
0 0.40546875 0.76875 0.0359375 0.03125
0 0.4078125 0.77265625 0.02890625 0.02265625
0 0.396875 0.68671875 0.0234375 0.01953125
0 0.35078125 0.703125 0.034375 0.02578125
0 0.3171875 0.728125 0.03671875 0.02265625
0 0.38203125 0.9515625 0.0328125 0.02109375
0 0.334375 0.9359375 0.03515625 0.03203125
0 0.36953125 0.98984375 0.021875 0.0140625
0 0.21328125 0.99296875 0.025 0.0140625
0 0.628125 0.95625 0.02578125 0.0125
0 0.65 0.87109375 0.02578125 0.01953125
0 0.55625 0.79765625 0.03671875 0.02890625
0 0.31171875 0.05 0.03515625 0.03359375