0 0.728125 0.48046875 0.1015625 0.0984375
0 0.7953125 0.6203125 0.0640625 0.0625
0 0.73828125 0.684375 0.096875 0.0828125
0 0.8203125 0.6671875 0.065625 0.078125
0 0.8265625 0.771875 0.0671875 0.075
0 0.92734375 0.796875 0.0625 0.0859375
0 0.91171875 0.9140625 0.075 0.0921875
0 0.80703125 0.96328125 0.090625 0.0734375
0 0.5546875 0.7484375 0.09375 0.096875
0 0.65703125 0.6140625 0.096875 0.0859375
0 0.66875 0.55078125 0.078125 0.0859375
0 0.58515625 0.875 0.075 0.0765625
0 0.69140625 0.7921875 0.06875 0.0890625
0 0.75 0.84921875 0.0703125 0.0671875
0 0.3125 0.78671875 0.1140625 0.1046875
0 0.37109375 0.83046875 0.0859375 0.09375
0 0.39765625 0.89375 0.0671875 0.078125
0 0.28671875 0.9125 0.0984375 0.1125
0 0.146875 0.7125 0.078125 0.09375
0 0.12734375 0.79921875 0.0671875 0.090625
0 0.17734375 0.8765625 0.06875 0.0796875
0 0.2078125 0.73828125 0.065625 0.0734375
0 0.25859375 0.5984375 0.06875 0.0859375
0 0.33359375 0.559375 0.06875 0.0828125
0 0.328125 0.6421875 0.05 0.05625
0 0.4375 0.63984375 0.0953125 0.071875
0 0.52265625 0.665625 0.103125 0.0984375
0 0.26171875 0.4125 0.1078125 0.084375
0 0.27109375 0.4625 0.0671875 0.0796875
0 0.3703125 0.45625 0.0984375 0.0828125
0 0.46328125 0.57421875 0.0671875 0.071875
0 0.46015625 0.5109375 0.0578125 0.0609375
0 0.45234375 0.459375 0.0390625 0.0671875
0 0.54375 0.41875 0.06875 0.0625
0 0.56875 0.459375 0.059375 0.059375
0 0.60234375 0.55234375 0.053125 0.065625
0 0.59921875 0.49609375 0.065625 0.065625
0 0.515625 0.5921875 0.0796875 0.0578125
0 0.19921875 0.54453125 0.09375 0.071875
0 0.15234375 0.52421875 0.06875 0.0671875
0 0.125 0.60234375 0.0609375 0.059375
0 0.0453125 0.84453125 0.0828125 0.0828125
0 0.0515625 0.78125 0.075 0.071875
0 0.0234375 0.41484375 0.046875 0.103125
0 0.08515625 0.26875 0.0765625 0.0890625
0 0.153125 0.39296875 0.0328125 0.0546875
0 0.44375 0.3546875 0.0859375 0.0734375
0 0.36171875 0.3375 0.075 0.084375
0 0.4328125 0.3046875 0.0828125 0.08125
0 0.51015625 0.36328125 0.065625 0.0765625
0 0.60859375 0.34296875 0.0703125 0.05
0 0.6171875 0.29921875 0.078125 0.0734375
0 0.6703125 0.30390625 0.0625 0.0671875
0 0.71328125 0.39609375 0.075 0.075
0 0.71953125 0.34296875 0.0609375 0.0625
0 0.80234375 0.37734375 0.0828125 0.0765625
0 0.8796875 0.43515625 0.0421875 0.05625
0 0.8484375 0.39921875 0.053125 0.0765625
0 0.83125 0.3234375 0.04375 0.053125
0 0.87890625 0.34609375 0.0609375 0.06875
0 0.93203125 0.3984375 0.0484375 0.0640625
0 0.83046875 0.50703125 0.0671875 0.09375
0 0.81953125 0.459375 0.0671875 0.0796875
0 0.93125 0.50546875 0.09375 0.090625
0 0.93984375 0.3015625 0.078125 0.06875
0 0.78125 0.28671875 0.0546875 0.059375
0 0.82421875 0.24765625 0.053125 0.071875
0 0.521875 0.22109375 0.1109375 0.0671875
0 0.5875 0.09140625 0.078125 0.06875
0 0.39296875 0.5828125 0.0484375 0.0625
0 0.55 0.53203125 0.04375 0.0546875
0 0.784375 0.54765625 0.0609375 0.059375
0 0.74765625 0.60703125 0.046875 0.065625
0 0.91953125 0.67578125 0.065625 0.1015625
0 0.64296875 0.43125 0.0390625 0.046875
0 0.04609375 0.696875 0.0359375 0.059375
0 0.05 0.6578125 0.0546875 0.071875
0 0.08125 0.58828125 0.0453125 0.0703125
0 0.09296875 0.51796875 0.05625 0.0671875
0 0.0546875 0.58203125 0.0609375 0.065625