0 0.09609375 0.82109375 0.11875 0.20625
0 0.25546875 0.884375 0.1484375 0.1296875
0 0.4265625 0.88046875 0.09375 0.128125
0 0.5609375 0.83125 0.09375 0.1890625
0 0.6828125 0.83125 0.10625 0.134375
0 0.8046875 0.834375 0.08125 0.1578125
0 0.9171875 0.85078125 0.1296875 0.1984375
0 0.91953125 0.584375 0.1046875 0.2421875
0 0.2171875 0.72890625 0.075 0.071875
0 0.325 0.70703125 0.0625 0.14375
0 0.40234375 0.740625 0.0671875 0.0703125
0 0.44609375 0.71640625 0.046875 0.05
0 0.58359375 0.68359375 0.0796875 0.053125
0 0.540625 0.57421875 0.08125 0.2125
0 0.5734375 0.7125 0.05 0.0234375
0 0.6046875 0.6453125 0.05 0.0453125
0 0.671875 0.5671875 0.1453125 0.1921875
0 0.7 0.67109375 0.0625 0.053125
0 0.728125 0.71015625 0.08125 0.075
0 0.73515625 0.6359375 0.05 0.0515625
0 0.7953125 0.559375 0.1078125 0.1671875
0 0.109375 0.57265625 0.1359375 0.2140625
0 0.265625 0.56953125 0.1140625 0.178125
0 0.4 0.5828125 0.103125 0.20625
0 0.10625 0.24375 0.11875 0.3078125
0 0.15703125 0.3734375 0.071875 0.0796875
0 0.13828125 0.43359375 0.04375 0.0640625
0 0.2421875 0.24921875 0.125 0.3625
0 0.39296875 0.25390625 0.1125 0.3671875
0 0.47265625 0.296875 0.1 0.109375
0 0.54765625 0.25703125 0.08125 0.3890625
0 0.6046875 0.4125 0.078125 0.103125
0 0.671875 0.259375 0.1359375 0.353125
0 0.75078125 0.3171875 0.08125 0.1140625
0 0.8015625 0.1921875 0.0921875 0.2234375
0 0.9015625 0.3296875 0.1375 0.153125
0 0.91953125 0.14609375 0.115625 0.1890625