0 0.1421875 0.2078125 0.08125 0.14375
0 0.08203125 0.2859375 0.0609375 0.096875
0 0.37421875 0.4671875 0.0984375 0.146875
0 0.325 0.584375 0.065625 0.0921875
0 0.16015625 0.51640625 0.065625 0.09375
0 0.1375 0.40859375 0.040625 0.0859375
0 0.196875 0.43828125 0.0484375 0.071875
0 0.26484375 0.7453125 0.075 0.128125
0 0.175 0.7921875 0.0515625 0.0890625
0 0.2328125 0.86015625 0.0453125 0.0765625
0 0.33359375 0.87421875 0.0453125 0.084375
0 0.59453125 0.184375 0.071875 0.1078125
0 0.34609375 0.11484375 0.0546875 0.096875
0 0.64296875 0.284375 0.053125 0.0921875
0 0.8953125 0.18828125 0.0671875 0.1359375
0 0.8265625 0.4046875 0.0796875 0.15
0 0.8734375 0.49296875 0.0625 0.1109375
0 0.9390625 0.771875 0.065625 0.11875
0 0.82734375 0.68515625 0.0484375 0.071875
0 0.59375 0.7421875 0.0546875 0.0921875
0 0.61640625 0.85390625 0.0671875 0.096875
0 0.765625 0.88984375 0.0421875 0.096875
0 0.8078125 0.14296875 0.0515625 0.078125
0 0.86875 0.08671875 0.05 0.071875
0 0.359375 0.21328125 0.0546875 0.0625
0 0.0796875 0.77265625 0.0390625 0.0890625