0 0.09609375 0.17890625 0.11875 0.20625
0 0.25546875 0.115625 0.1484375 0.1296875
0 0.4265625 0.11953125 0.09375 0.128125
0 0.5609375 0.16875 0.09375 0.1890625
0 0.6828125 0.16875 0.10625 0.134375
0 0.8046875 0.165625 0.08125 0.1578125
0 0.9171875 0.14921875 0.1296875 0.1984375
0 0.91953125 0.415625 0.1046875 0.2421875
0 0.2171875 0.27109375 0.075 0.071875
0 0.325 0.29296875 0.0625 0.14375
0 0.40234375 0.259375 0.0671875 0.0703125
0 0.44609375 0.28359375 0.046875 0.05
0 0.58359375 0.31640625 0.0796875 0.053125
0 0.540625 0.42578125 0.08125 0.2125
0 0.5734375 0.2875 0.05 0.0234375
0 0.6046875 0.3546875 0.05 0.0453125
0 0.671875 0.4328125 0.1453125 0.1921875
0 0.7 0.32890625 0.0625 0.053125
0 0.728125 0.28984375 0.08125 0.075
0 0.73515625 0.3640625 0.05 0.0515625
0 0.7953125 0.440625 0.1078125 0.1671875
0 0.109375 0.42734375 0.1359375 0.2140625
0 0.265625 0.43046875 0.1140625 0.178125
0 0.4 0.4171875 0.103125 0.20625
0 0.10625 0.75625 0.11875 0.3078125
0 0.15703125 0.6265625 0.071875 0.0796875
0 0.13828125 0.56640625 0.04375 0.0640625
0 0.2421875 0.75078125 0.125 0.3625
0 0.39296875 0.74609375 0.1125 0.3671875
0 0.47265625 0.703125 0.1 0.109375
0 0.54765625 0.74296875 0.08125 0.3890625
0 0.6046875 0.5875 0.078125 0.103125
0 0.671875 0.740625 0.1359375 0.353125
0 0.75078125 0.6828125 0.08125 0.1140625
0 0.8015625 0.8078125 0.0921875 0.2234375
0 0.9015625 0.6703125 0.1375 0.153125
0 0.91953125 0.85390625 0.115625 0.1890625