0 0.48828125 0.75 0.084375 0.1203125
0 0.8140625 0.84921875 0.0703125 0.0828125
0 0.73515625 0.68046875 0.0578125 0.071875
0 0.80703125 0.61328125 0.04375 0.0484375
0 0.9375 0.5890625 0.0546875 0.075
0 0.98359375 0.5046875 0.03125 0.040625
0 0.7296875 0.45 0.053125 0.0859375
0 0.73046875 0.3203125 0.078125 0.1015625
0 0.89453125 0.3546875 0.0671875 0.0859375
0 0.90625 0.271875 0.0640625 0.0734375
0 0.6296875 0.3265625 0.0546875 0.071875
0 0.4421875 0.47109375 0.06875 0.090625
0 0.53828125 0.553125 0.05 0.065625
0 0.2984375 0.3984375 0.0671875 0.1015625
0 0.3828125 0.30703125 0.0375 0.065625
0 0.359375 0.3671875 0.05 0.078125
0 0.40234375 0.3921875 0.04375 0.103125
0 0.4796875 0.36015625 0.0421875 0.0625
0 0.553125 0.24765625 0.0296875 0.0828125
0 0.50859375 0.24609375 0.046875 0.078125
0 0.346875 0.1796875 0.0515625 0.078125
0 0.65 0.190625 0.0421875 0.065625
0 0.603125 0.16875 0.040625 0.0734375
0 0.65234375 0.0625 0.05 0.103125
0 0.353125 0.03671875 0.0546875 0.059375
0 0.46328125 0.08828125 0.046875 0.078125
0 0.409375 0.06484375 0.0390625 0.0609375
0 0.20234375 0.0328125 0.05625 0.065625
0 0.2875 0.0515625 0.05 0.0796875
0 0.15859375 0.1265625 0.08125 0.0828125
0 0.25390625 0.1609375 0.0390625 0.065625
0 0.22578125 0.21953125 0.06875 0.0765625
0 0.31328125 0.28203125 0.0546875 0.0859375
0 0.14765625 0.3 0.0578125 0.1015625
0 0.12890625 0.371875 0.05 0.06875
0 0.07734375 0.20390625 0.0359375 0.078125
0 0.25390625 0.634375 0.0421875 0.1
0 0.1921875 0.6640625 0.0390625 0.0515625
0 0.17421875 0.72109375 0.046875 0.084375
0 0.14921875 0.78671875 0.06875 0.0828125
0 0.26171875 0.86640625 0.046875 0.06875
0 0.25078125 0.921875 0.059375 0.0578125
0 0.203125 0.87109375 0.04375 0.090625
0 0.38046875 0.8515625 0.0359375 0.0453125
0 0.378125 0.8953125 0.053125 0.0609375
0 0.37734375 0.9453125 0.046875 0.065625
0 0.31484375 0.86796875 0.040625 0.065625
0 0.36015625 0.80078125 0.0390625 0.0578125
0 0.31015625 0.796875 0.04375 0.0625
0 0.2421875 0.74453125 0.065625 0.0796875
0 0.15703125 0.62109375 0.05 0.0671875
0 0.103125 0.646875 0.0375 0.0703125
0 0.12109375 0.56015625 0.0359375 0.0671875
0 0.21015625 0.57578125 0.04375 0.078125
0 0.34609375 0.5546875 0.0703125 0.071875
0 0.40859375 0.540625 0.0578125 0.090625
0 0.634375 0.746875 0.0515625 0.090625
0 0.80078125 0.728125 0.071875 0.0640625
0 0.93359375 0.7015625 0.06875 0.06875
0 0.61015625 0.48515625 0.0515625 0.0546875
0 0.53125 0.4453125 0.053125 0.06875
0 0.46171875 0.30390625 0.046875 0.05
0 0.76796875 0.2625 0.0484375 0.08125
0 0.8828125 0.0390625 0.0578125 0.0609375
0 0.74765625 0.5484375 0.0546875 0.078125
0 0.5640625 0.91015625 0.05 0.065625
0 0.45703125 0.9078125 0.046875 0.0515625
0 0.17421875 0.446875 0.0609375 0.0640625
0 0.190625 0.3671875 0.046875 0.0546875
0 0.059375 0.08984375 0.0421875 0.0515625
0 0.12890625 0.03359375 0.05 0.0671875
0 0.51484375 0.09296875 0.0421875 0.0578125
0 0.57265625 0.41640625 0.0578125 0.0671875
0 0.5890625 0.571875 0.0390625 0.053125
0 0.5625 0.71953125 0.04375 0.0578125
0 0.55078125 0.76953125 0.0375 0.05625
0 0.62421875 0.9171875 0.0359375 0.0421875
0 0.6109375 0.85078125 0.040625 0.05
0 0.8703125 0.94375 0.053125 0.046875
0 0.41171875 0.72265625 0.04375 0.0546875