0 0.165625 0.1125 0.121875 0.1234375
0 0.1453125 0.34921875 0.0578125 0.075
0 0.1140625 0.28671875 0.090625 0.134375
0 0.1171875 0.43515625 0.059375 0.1
0 0.065625 0.5125 0.0828125 0.10625
0 0.165625 0.5546875 0.0609375 0.0984375
0 0.2296875 0.534375 0.0703125 0.0796875
0 0.471875 0.47421875 0.078125 0.0890625
0 0.65078125 0.28125 0.0640625 0.1140625
0 0.7484375 0.52265625 0.075 0.0859375
0 0.75390625 0.41953125 0.0828125 0.078125
0 0.72734375 0.66953125 0.059375 0.1140625
0 0.57734375 0.50234375 0.0671875 0.0984375
0 0.4578125 0.3171875 0.078125 0.1046875
0 0.55390625 0.3375 0.06875 0.1078125
0 0.83046875 0.2484375 0.0546875 0.0953125
0 0.64609375 0.11328125 0.078125 0.0796875
0 0.25 0.7640625 0.075 0.096875
0 0.07734375 0.7625 0.090625 0.1078125
0 0.0734375 0.86171875 0.0734375 0.09375
0 0.19609375 0.93828125 0.059375 0.0890625
0 0.390625 0.7 0.05625 0.0890625
0 0.36328125 0.8265625 0.05 0.0796875
0 0.63203125 0.675 0.053125 0.06875
0 0.61328125 0.6078125 0.059375 0.075
0 0.771875 0.071875 0.075 0.10625
0 0.92578125 0.4515625 0.0453125 0.071875
0 0.97734375 0.5484375 0.0453125 0.0671875
0 0.89921875 0.5609375 0.0390625 0.046875
0 0.86015625 0.44921875 0.0484375 0.0703125
0 0.8203125 0.61875 0.0453125 0.075
0 0.759375 0.75 0.0453125 0.075
0 0.8328125 0.821875 0.046875 0.05625
0 0.87109375 0.775 0.040625 0.065625
0 0.6375 0.77578125 0.046875 0.065625
0 0.5765625 0.8015625 0.046875 0.0703125
0 0.57421875 0.89375 0.0484375 0.053125
0 0.55390625 0.96640625 0.0625 0.0671875
0 0.528125 0.715625 0.0453125 0.071875
0 0.50390625 0.81015625 0.0359375 0.075
0 0.4625 0.834375 0.0359375 0.0515625
0 0.5328125 0.5703125 0.0390625 0.0578125
0 0.509375 0.646875 0.0359375 0.0484375
0 0.4703125 0.62421875 0.0359375 0.0390625
0 0.4828125 0.54609375 0.040625 0.065625
0 0.85703125 0.16640625 0.0359375 0.05625
0 0.8296875 0.11953125 0.0515625 0.0765625
0 0.76640625 0.20625 0.0421875 0.090625
0 0.84765625 0.31484375 0.0453125 0.05625
0 0.80625 0.359375 0.0453125 0.059375
0 0.5703125 0.1765625 0.0375 0.0671875
0 0.54375 0.13359375 0.059375 0.0765625
0 0.56484375 0.26328125 0.0515625 0.071875
0 0.26328125 0.12421875 0.0484375 0.0859375
0 0.41484375 0.0265625 0.046875 0.053125
0 0.27578125 0.4921875 0.0578125 0.0671875
0 0.27265625 0.4234375 0.0625 0.071875
0 0.2515625 0.359375 0.05625 0.08125
0 0.21875 0.43671875 0.0390625 0.065625
0 0.19453125 0.40234375 0.040625 0.06875
0 0.06796875 0.41640625 0.0453125 0.078125
0 0.034375 0.146875 0.046875 0.0875
0 0.19296875 0.64140625 0.05 0.078125
0 0.1125 0.6734375 0.059375 0.075
0 0.20234375 0.715625 0.0375 0.059375
0 0.16171875 0.7125 0.0453125 0.08125
0 0.10078125 0.9625 0.0609375 0.075