0 0.834375 0.1125 0.121875 0.1234375
0 0.8546875 0.34921875 0.0578125 0.075
0 0.8859375 0.28671875 0.090625 0.134375
0 0.8828125 0.43515625 0.059375 0.1
0 0.934375 0.5125 0.0828125 0.10625
0 0.834375 0.5546875 0.0609375 0.0984375
0 0.7703125 0.534375 0.0703125 0.0796875
0 0.528125 0.47421875 0.078125 0.0890625
0 0.34921875 0.28125 0.0640625 0.1140625
0 0.2515625 0.52265625 0.075 0.0859375
0 0.24609375 0.41953125 0.0828125 0.078125
0 0.27265625 0.66953125 0.059375 0.1140625
0 0.42265625 0.50234375 0.0671875 0.0984375
0 0.5421875 0.3171875 0.078125 0.1046875
0 0.44609375 0.3375 0.06875 0.1078125
0 0.16953125 0.2484375 0.0546875 0.0953125
0 0.35390625 0.11328125 0.078125 0.0796875
0 0.75 0.7640625 0.075 0.096875
0 0.92265625 0.7625 0.090625 0.1078125
0 0.9265625 0.86171875 0.0734375 0.09375
0 0.80390625 0.93828125 0.059375 0.0890625
0 0.609375 0.7 0.05625 0.0890625
0 0.63671875 0.8265625 0.05 0.0796875
0 0.36796875 0.675 0.053125 0.06875
0 0.38671875 0.6078125 0.059375 0.075
0 0.228125 0.071875 0.075 0.10625
0 0.07421875 0.4515625 0.0453125 0.071875
0 0.02265625 0.5484375 0.0453125 0.0671875
0 0.10078125 0.5609375 0.0390625 0.046875
0 0.13984375 0.44921875 0.0484375 0.0703125
0 0.1796875 0.61875 0.0453125 0.075
0 0.240625 0.75 0.0453125 0.075
0 0.1671875 0.821875 0.046875 0.05625
0 0.12890625 0.775 0.040625 0.065625
0 0.3625 0.77578125 0.046875 0.065625
0 0.4234375 0.8015625 0.046875 0.0703125
0 0.42578125 0.89375 0.0484375 0.053125
0 0.44609375 0.96640625 0.0625 0.0671875
0 0.471875 0.715625 0.0453125 0.071875
0 0.49609375 0.81015625 0.0359375 0.075
0 0.5375 0.834375 0.0359375 0.0515625
0 0.4671875 0.5703125 0.0390625 0.0578125
0 0.490625 0.646875 0.0359375 0.0484375
0 0.5296875 0.62421875 0.0359375 0.0390625
0 0.5171875 0.54609375 0.040625 0.065625
0 0.14296875 0.16640625 0.0359375 0.05625
0 0.1703125 0.11953125 0.0515625 0.0765625
0 0.23359375 0.20625 0.0421875 0.090625
0 0.15234375 0.31484375 0.0453125 0.05625
0 0.19375 0.359375 0.0453125 0.059375
0 0.4296875 0.1765625 0.0375 0.0671875
0 0.45625 0.13359375 0.059375 0.0765625
0 0.43515625 0.26328125 0.0515625 0.071875
0 0.73671875 0.12421875 0.0484375 0.0859375
0 0.58515625 0.0265625 0.046875 0.053125
0 0.72421875 0.4921875 0.0578125 0.0671875
0 0.72734375 0.4234375 0.0625 0.071875
0 0.7484375 0.359375 0.05625 0.08125
0 0.78125 0.43671875 0.0390625 0.065625
0 0.80546875 0.40234375 0.040625 0.06875
0 0.93203125 0.41640625 0.0453125 0.078125
0 0.965625 0.146875 0.046875 0.0875
0 0.80703125 0.64140625 0.05 0.078125
0 0.8875 0.6734375 0.059375 0.075
0 0.79765625 0.715625 0.0375 0.059375
0 0.83828125 0.7125 0.0453125 0.08125
0 0.89921875 0.9625 0.0609375 0.075