0 0.4078125 0.40390625 0.04375 0.059375
0 0.1171875 0.4609375 0.071875 0.046875
0 0.26953125 0.59375 0.05625 0.05
0 0.3171875 0.62265625 0.0703125 0.053125
0 0.3109375 0.559375 0.0609375 0.0390625
0 0.403125 0.56953125 0.0625 0.0515625
0 0.5265625 0.584375 0.046875 0.040625
0 0.596875 0.60859375 0.0625 0.0546875
0 0.640625 0.575 0.0578125 0.046875
0 0.6359375 0.378125 0.05 0.04375
0 0.509375 0.353125 0.0515625 0.046875
0 0.66328125 0.51484375 0.0546875 0.0421875
0 0.46640625 0.49375 0.05 0.05
0 0.4046875 0.28125 0.04375 0.034375
0 0.309375 0.203125 0.059375 0.0484375
0 0.24765625 0.08359375 0.06875 0.05
0 0.6046875 0.4171875 0.03125 0.03125
0 0.63359375 0.428125 0.028125 0.021875
0 0.56640625 0.36328125 0.0296875 0.0296875
0 0.7171875 0.546875 0.03125 0.028125
0 0.77265625 0.57890625 0.0265625 0.0203125
0 0.7984375 0.5796875 0.021875 0.01875
0 0.89921875 0.575 0.025 0.03125
0 0.83359375 0.634375 0.028125 0.028125
0 0.79140625 0.67421875 0.0421875 0.0390625
0 0.7609375 0.64140625 0.0234375 0.028125
0 0.7609375 0.4609375 0.0265625 0.021875
0 0.6953125 0.35390625 0.03125 0.03125
0 0.60546875 0.3171875 0.028125 0.028125
0 0.61328125 0.271875 0.028125 0.028125
0 0.6015625 0.1984375 0.0265625 0.0265625
0 0.63515625 0.20625 0.028125 0.025
0 0.7171875 0.2390625 0.03125 0.025
0 0.77734375 0.2359375 0.034375 0.0296875
0 0.77890625 0.20703125 0.028125 0.03125
0 0.8828125 0.3109375 0.03125 0.0296875
0 0.79921875 0.3203125 0.0234375 0.021875
0 0.7625 0.3 0.0203125 0.0234375
0 0.803125 0.35078125 0.0203125 0.0171875
0 0.87890625 0.41328125 0.01875 0.021875
0 0.89453125 0.4234375 0.0171875 0.0171875
0 0.9265625 0.40390625 0.0234375 0.0203125
0 0.99140625 0.41640625 0.0171875 0.025
0 0.92421875 0.3453125 0.0296875 0.0296875
0 0.95625 0.325 0.0265625 0.01875
0 0.79453125 0.4140625 0.0234375 0.0203125
0 0.44921875 0.3078125 0.034375 0.034375
0 0.77421875 0.0984375 0.028125 0.028125
0 0.73515625 0.0421875 0.028125 0.028125
0 0.665625 0.09375 0.0203125 0.025
0 0.6921875 0.07421875 0.0265625 0.0296875
0 0.81875 0.02109375 0.028125 0.021875
0 0.8125 0.0859375 0.021875 0.0234375
0 0.8609375 0.08671875 0.0234375 0.0265625
0 0.51484375 0.0328125 0.028125 0.0234375
0 0.45625 0.065625 0.0265625 0.0265625
0 0.54296875 0.134375 0.0265625 0.0234375