0 0.18359375 0.36640625 0.03125 0.05
0 0.221875 0.3609375 0.0203125 0.0484375
0 0.2078125 0.22109375 0.0234375 0.04375
0 0.2234375 0.2828125 0.021875 0.04375
0 0.10078125 0.2953125 0.0390625 0.053125
0 0.48828125 0.3953125 0.0328125 0.0625
0 0.55 0.29765625 0.028125 0.034375
0 0.57265625 0.35703125 0.025 0.0359375
0 0.5984375 0.41484375 0.0203125 0.0421875
0 0.56953125 0.25234375 0.0296875 0.0359375
0 0.5296875 0.16328125 0.0296875 0.0609375
0 0.4234375 0.14921875 0.034375 0.0640625
0 0.70078125 0.17109375 0.025 0.0546875
0 0.721875 0.1859375 0.03125 0.0546875
0 0.74921875 0.28515625 0.03125 0.0390625
0 0.75078125 0.3328125 0.034375 0.05
0 0.821875 0.35859375 0.021875 0.0484375
0 0.784375 0.42109375 0.015625 0.0390625
0 0.8296875 0.42734375 0.03125 0.059375
0 0.70390625 0.39609375 0.0171875 0.0421875
0 0.68359375 0.52734375 0.0328125 0.0484375
0 0.7234375 0.50625 0.0234375 0.0484375
0 0.6859375 0.65859375 0.028125 0.0484375
0 0.59296875 0.53203125 0.025 0.0296875
0 0.621875 0.534375 0.0203125 0.034375
0 0.546875 0.60234375 0.0171875 0.0390625
0 0.565625 0.62265625 0.0328125 0.053125
0 0.55625 0.675 0.015625 0.03125
0 0.58671875 0.678125 0.03125 0.025
0 0.51328125 0.88046875 0.0203125 0.0328125
0 0.5140625 0.90859375 0.0265625 0.0453125
0 0.52109375 0.8203125 0.0125 0.03125
0 0.5359375 0.83515625 0.0140625 0.0328125
0 0.56796875 0.865625 0.025 0.0609375
0 0.33359375 0.4359375 0.0203125 0.0328125
0 0.3296875 0.47109375 0.025 0.0390625
0 0.3265625 0.3421875 0.0296875 0.025
0 0.340625 0.31015625 0.01875 0.04375
0 0.2609375 0.125 0.0140625 0.03125
0 0.284375 0.146875 0.0234375 0.059375
0 0.3296875 0.13515625 0.034375 0.046875
0 0.303125 0.0515625 0.01875 0.0328125
0 0.32265625 0.03671875 0.0296875 0.0515625
0 0.4796875 0.04140625 0.03125 0.0390625
0 0.51015625 0.0296875 0.0125 0.0234375
0 0.521875 0.05234375 0.025 0.040625
0 0.634375 0.01953125 0.025 0.0390625
0 0.59375 0.12734375 0.0203125 0.040625
0 0.61796875 0.06796875 0.0203125 0.04375
0 0.771875 0.06796875 0.028125 0.046875
0 0.81953125 0.065625 0.0296875 0.0546875
0 0.86171875 0.115625 0.0328125 0.0640625
0 0.8640625 0.01875 0.034375 0.0375
0 0.93359375 0.13359375 0.0296875 0.075
0 0.7609375 0.09140625 0.0296875 0.0390625
0 0.9 0.03828125 0.0296875 0.0515625
0 0.384375 0.2703125 0.0171875 0.0296875
0 0.4109375 0.30546875 0.0390625 0.05
0 0.46328125 0.45546875 0.0203125 0.0578125
0 0.23203125 0.4671875 0.03125 0.040625
0 0.23828125 0.41484375 0.0203125 0.03125
0 0.2515625 0.375 0.0265625 0.0359375
0 0.25546875 0.59375 0.025 0.0375
0 0.28984375 0.5765625 0.0140625 0.0234375
0 0.303125 0.5765625 0.0125 0.028125
0 0.32734375 0.5890625 0.0265625 0.0390625
0 0.3734375 0.63984375 0.0234375 0.03125
0 0.41015625 0.6453125 0.0203125 0.0375
0 0.3015625 0.73125 0.025 0.0234375
0 0.246875 0.62734375 0.0171875 0.028125
0 0.28125 0.65234375 0.0140625 0.021875
0 0.2921875 0.66171875 0.015625 0.0234375
0 0.3109375 0.6859375 0.0203125 0.03125
0 0.2515625 0.75 0.0265625 0.0390625
0 0.271875 0.78515625 0.021875 0.0359375
0 0.3 0.77265625 0.0140625 0.0265625
0 0.18671875 0.80546875 0.0171875 0.0375
0 0.21640625 0.8234375 0.0140625 0.0296875
0 0.2625 0.834375 0.025 0.03125
0 0.2234375 0.91953125 0.0265625 0.0390625
0 0.13984375 0.88046875 0.025 0.04375
0 0.140625 0.93203125 0.034375 0.053125
0 0.33984375 0.55703125 0.0140625 0.0203125
0 0.36015625 0.5703125 0.028125 0.0390625
0 0.4609375 0.64921875 0.0203125 0.0484375
0 0.134375 0.04140625 0.028125 0.05625
0 0.09609375 0.01875 0.03125 0.0375
0 0.18515625 0.05546875 0.0265625 0.046875
0 0.21484375 0.02421875 0.025 0.0421875
0 0.21328125 0.07734375 0.025 0.05625
0 0.19375 0.16875 0.025 0.04375
0 0.21015625 0.1578125 0.01875 0.0265625
0 0.27734375 0.1953125 0.01875 0.0390625
0 0.24140625 0.05390625 0.0203125 0.034375
0 0.25859375 0.078125 0.01875 0.0421875
0 0.1453125 0.47109375 0.021875 0.03125
0 0.171875 0.5140625 0.021875 0.0421875
0 0.11171875 0.3390625 0.0265625 0.0421875
0 0.13203125 0.33984375 0.01875 0.059375
0 0.06953125 0.3234375 0.03125 0.0625
0 0.075 0.7734375 0.0203125 0.0515625
0 0.53125 0.775 0.0109375 0.0265625
0 0.55 0.76640625 0.015625 0.0296875
0 0.5734375 0.775 0.015625 0.0296875
0 0.60234375 0.7015625 0.01875 0.0265625
0 0.6359375 0.7125 0.015625 0.0375
0 0.6109375 0.603125 0.015625 0.0296875
0 0.4609375 0.5234375 0.0171875 0.0390625
0 0.46640625 0.5609375 0.0140625 0.028125
0 0.490625 0.53515625 0.0171875 0.03125
0 0.49375 0.6625 0.0140625 0.0265625
0 0.453125 0.71328125 0.0125 0.0296875
0 0.51953125 0.69453125 0.0140625 0.0296875
0 0.53046875 0.715625 0.0140625 0.0296875
0 0.63984375 0.8953125 0.0203125 0.0390625
0 0.59765625 0.89375 0.01875 0.0328125
0 0.5640625 0.91953125 0.01875 0.0359375
0 0.5359375 0.95390625 0.015625 0.028125
0 0.40078125 0.80703125 0.01875 0.0421875
0 0.3828125 0.7609375 0.01875 0.0296875
0 0.41015625 0.70546875 0.015625 0.0234375
0 0.40859375 0.74140625 0.0171875 0.028125
0 0.36953125 0.68671875 0.0140625 0.0265625
0 0.28125 0.8671875 0.0125 0.0234375
0 0.25859375 0.903125 0.0140625 0.021875
0 0.3046875 0.86796875 0.0125 0.021875
0 0.403125 0.9265625 0.0109375 0.0296875
0 0.4671875 0.946875 0.0140625 0.0328125
0 0.26953125 0.9640625 0.0140625 0.0265625
0 0.27265625 0.503125 0.0140625 0.0265625
0 0.234375 0.496875 0.0140625 0.0203125
0 0.25546875 0.5125 0.015625 0.0203125
0 0.290625 0.525 0.015625 0.0234375
0 0.2046875 0.5890625 0.015625 0.0328125
0 0.215625 0.55390625 0.015625 0.025
0 0.1671875 0.6015625 0.0203125 0.0390625
0 0.14765625 0.396875 0.021875 0.0328125
0 0.06484375 0.54921875 0.0234375 0.0484375
0 0.03515625 0.65625 0.021875 0.05
0 0.07109375 0.63359375 0.028125 0.046875
0 0.1140625 0.19609375 0.0265625 0.0484375
0 0.065625 0.1265625 0.0265625 0.0453125
0 0.30078125 0.165625 0.0140625 0.025
0 0.3234375 0.1859375 0.015625 0.028125
0 0.33515625 0.225 0.0203125 0.0359375
0 0.34296875 0.18046875 0.015625 0.025
0 0.3578125 0.1046875 0.015625 0.028125
0 0.35859375 0.1375 0.0203125 0.034375
0 0.37578125 0.17734375 0.015625 0.034375
0 0.36796875 0.015625 0.015625 0.03125
0 0.36484375 0.05625 0.015625 0.0265625
0 0.3765625 0.09609375 0.015625 0.0296875
0 0.3765625 0.13125 0.015625 0.0265625
0 0.27890625 0.296875 0.0203125 0.025
0 0.25859375 0.3296875 0.0140625 0.028125
0 0.26953125 0.39296875 0.01875 0.03125
0 0.271875 0.34140625 0.0125 0.0265625
0 0.28046875 0.4390625 0.0140625 0.021875
0 0.353125 0.20625 0.0140625 0.0234375
0 0.375 0.2515625 0.01875 0.028125
0 0.3953125 0.25234375 0.0140625 0.028125
0 0.35703125 0.32421875 0.0140625 0.0265625
0 0.29609375 0.2078125 0.01875 0.0265625
0 0.25078125 0.23359375 0.0234375 0.034375
0 0.221875 0.175 0.015625 0.0265625
0 0.41953125 0.01875 0.021875 0.0375
0 0.428125 0.0671875 0.015625 0.0453125
0 0.3984375 0.4625 0.015625 0.0265625
0 0.39140625 0.40078125 0.0125 0.025
0 0.403125 0.42890625 0.0125 0.028125
0 0.35859375 0.4765625 0.0125 0.021875
0 0.3703125 0.484375 0.0109375 0.01875
0 0.3875 0.4328125 0.0109375 0.0171875
0 0.3671875 0.41171875 0.0125 0.0234375
0 0.40625 0.384375 0.0125 0.0234375
0 0.37734375 0.35859375 0.0109375 0.0203125
0 0.36953125 0.5 0.0125 0.0171875
0 0.415625 0.5828125 0.015625 0.0296875
0 0.38046875 0.58828125 0.0109375 0.0203125
0 0.39296875 0.58671875 0.0125 0.0203125
0 0.478125 0.34375 0.0171875 0.0296875
0 0.50859375 0.35703125 0.015625 0.0203125
0 0.52890625 0.3890625 0.0125 0.0265625
0 0.46171875 0.415625 0.0140625 0.028125
0 0.4703125 0.26875 0.0140625 0.03125
0 0.46875 0.3015625 0.0140625 0.0234375
0 0.5046875 0.3125 0.0125 0.021875
0 0.48671875 0.26796875 0.015625 0.028125
0 0.4890625 0.2453125 0.0125 0.0171875
0 0.49765625 0.26796875 0.0109375 0.01875
0 0.5109375 0.2796875 0.0125 0.025
0 0.4765625 0.18515625 0.0125 0.0234375
0 0.48828125 0.19921875 0.0125 0.028125
0 0.47421875 0.11484375 0.0171875 0.0265625
0 0.49765625 0.1375 0.01875 0.04375
0 0.51328125 0.1484375 0.0140625 0.025
0 0.50703125 0.18125 0.0125 0.01875
0 0.50703125 0.2046875 0.0125 0.0234375
0 0.52578125 0.21328125 0.0171875 0.025
0 0.53359375 0.25234375 0.015625 0.0328125
0 0.54609375 0.228125 0.015625 0.0234375
0 0.5625 0.19296875 0.0109375 0.0234375
0 0.565625 0.21640625 0.0125 0.0203125
0 0.58515625 0.1953125 0.015625 0.040625
0 0.57265625 0.12578125 0.015625 0.0375
0 0.52578125 0.08203125 0.0125 0.0265625
0 0.5359375 0.11171875 0.0125 0.0296875
0 0.52578125 0.0234375 0.0125 0.025
0 0.540625 0.04765625 0.0125 0.021875
0 0.54609375 0.0765625 0.0109375 0.0171875
0 0.56328125 0.053125 0.0109375 0.025
0 0.5625 0.08203125 0.0109375 0.021875
0 0.57734375 0.08046875 0.0125 0.0265625
0 0.5515625 0.0140625 0.0125 0.028125
0 0.5765625 0.0296875 0.0109375 0.03125
0 0.61015625 0.02578125 0.015625 0.0265625
0 0.553125 0.46015625 0.0125 0.03125
0 0.5953125 0.4640625 0.0171875 0.040625
0 0.56328125 0.40390625 0.0125 0.021875
0 0.56875 0.3875 0.0125 0.0234375
0 0.5390625 0.4234375 0.0109375 0.025
0 0.521875 0.5046875 0.0171875 0.0265625
0 0.5296875 0.5203125 0.0109375 0.0203125
0 0.56171875 0.54296875 0.0125 0.034375
0 0.56171875 0.58515625 0.0140625 0.0265625
0 0.53828125 0.4640625 0.0109375 0.0203125
0 0.49453125 0.61875 0.0125 0.021875
0 0.65625 0.0421875 0.0171875 0.0359375
0 0.659375 0.0765625 0.009375 0.0328125
0 0.6828125 0.08984375 0.0125 0.0296875
0 0.66328125 0.11328125 0.0171875 0.0296875
0 0.60078125 0.1625 0.015625 0.028125
0 0.66484375 0.178125 0.0125 0.025
0 0.68046875 0.15546875 0.0125 0.0328125
0 0.66484375 0.21796875 0.015625 0.0328125
0 0.6484375 0.196875 0.0140625 0.034375
0 0.6359375 0.21328125 0.0125 0.028125
0 0.59765625 0.30625 0.015625 0.034375
0 0.61953125 0.28984375 0.0109375 0.01875
0 0.62109375 0.25234375 0.0109375 0.0265625
0 0.63203125 0.24296875 0.0125 0.03125
0 0.63046875 0.271875 0.0125 0.03125
0 0.646875 0.27578125 0.0140625 0.03125
0 0.59921875 0.25703125 0.0125 0.028125
0 0.6796875 0.26015625 0.01875 0.0265625
0 0.621875 0.4078125 0.0203125 0.040625
0 0.6015625 0.38828125 0.0140625 0.028125
0 0.6515625 0.35234375 0.0140625 0.025
0 0.684375 0.32265625 0.0109375 0.0234375
0 0.6921875 0.3390625 0.0125 0.021875
0 0.70625 0.34296875 0.015625 0.0375
0 0.67265625 0.2828125 0.0109375 0.0234375
0 0.721875 0.34609375 0.015625 0.028125
0 0.7359375 0.2359375 0.015625 0.0421875
0 0.6703125 0.39375 0.0171875 0.028125
0 0.640625 0.55546875 0.0125 0.0296875
0 0.66640625 0.584375 0.0125 0.0234375
0 0.69453125 0.62109375 0.0171875 0.028125
0 0.7484375 0.478125 0.0171875 0.03125
0 0.74296875 0.56484375 0.0171875 0.04375
0 0.75234375 0.50703125 0.015625 0.0328125
0 0.721875 0.4078125 0.0125 0.0265625
0 0.73046875 0.41953125 0.015625 0.028125
0 0.71796875 0.375 0.0140625 0.028125
0 0.73515625 0.390625 0.0109375 0.0234375
0 0.6546875 0.609375 0.0140625 0.025
0 0.65546875 0.68203125 0.0125 0.0234375
0 0.7265625 0.74453125 0.0171875 0.040625
0 0.7046875 0.70234375 0.0203125 0.034375
0 0.7234375 0.6921875 0.015625 0.0375
0 0.7109375 0.01484375 0.0140625 0.0296875
0 0.7359375 0.0125 0.01875 0.025
0 0.9890625 0.11953125 0.021875 0.0421875
0 0.8125 0.20078125 0.0203125 0.0390625
0 0.7890625 0.2046875 0.0171875 0.03125
0 0.75703125 0.12890625 0.0203125 0.0359375
0 0.75546875 0.16640625 0.0234375 0.0359375
0 0.77109375 0.134375 0.015625 0.0390625
0 0.80234375 0.15859375 0.0109375 0.03125
0 0.8171875 0.165625 0.0171875 0.034375
0 0.87578125 0.1953125 0.015625 0.034375
0 0.89453125 0.19765625 0.015625 0.0390625
0 0.90703125 0.15625 0.021875 0.0265625
0 0.86640625 0.06640625 0.01875 0.0421875
0 0.89140625 0.0984375 0.015625 0.04375
0 0.9625 0.10078125 0.0171875 0.034375
0 0.9921875 0.1890625 0.015625 0.0421875
0 0.98515625 0.234375 0.0203125 0.034375
0 0.9609375 0.21796875 0.021875 0.0453125
0 0.95859375 0.321875 0.021875 0.0484375
0 0.928125 0.31328125 0.0171875 0.034375
0 0.84609375 0.31171875 0.021875 0.040625
0 0.77734375 0.27578125 0.0234375 0.0421875
0 0.7875 0.375 0.01875 0.03125
0 0.9921875 0.38046875 0.015625 0.0890625
0 0.90625 0.415625 0.0203125 0.0359375
0 0.8734375 0.2984375 0.0140625 0.0359375
0 0.88984375 0.3203125 0.015625 0.0328125
0 0.98984375 0.48828125 0.0171875 0.0390625
0 0.9140625 0.49375 0.0234375 0.0484375
0 0.89140625 0.48671875 0.0203125 0.0421875
0 0.85234375 0.5015625 0.0203125 0.0421875
0 0.81328125 0.515625 0.0171875 0.034375
0 0.88828125 0.5828125 0.021875 0.05
0 0.80390625 0.678125 0.01875 0.0359375
0 0.796875 0.75390625 0.015625 0.03125
0 0.82265625 0.69765625 0.01875 0.0359375
0 0.94453125 0.95546875 0.015625 0.0375
0 0.96484375 0.78046875 0.015625 0.03125
0 0.978125 0.7796875 0.0140625 0.0328125
0 0.9578125 0.67109375 0.01875 0.034375