0 0.8609375 0.1234375 0.0234375 0.0328125
0 0.865625 0.0765625 0.028125 0.0421875
0 0.95703125 0.12890625 0.0234375 0.046875
0 0.92578125 0.22578125 0.01875 0.0453125
0 0.96171875 0.34453125 0.0171875 0.0453125
0 0.93359375 0.44921875 0.025 0.071875
0 0.9296875 0.36796875 0.021875 0.0375
0 0.90078125 0.384375 0.0265625 0.0453125
0 0.91328125 0.46953125 0.0234375 0.0515625
0 0.83359375 0.659375 0.0203125 0.04375
0 0.815625 0.62890625 0.025 0.053125
0 0.89296875 0.70390625 0.0328125 0.0390625
0 0.93046875 0.8765625 0.0296875 0.0484375
0 0.9265625 0.809375 0.0203125 0.0609375
0 0.884375 0.7984375 0.021875 0.0515625
0 0.77734375 0.634375 0.01875 0.0421875
0 0.765625 0.5828125 0.01875 0.034375
0 0.746875 0.62578125 0.028125 0.034375
0 0.665625 0.55859375 0.0234375 0.028125
0 0.67421875 0.5234375 0.03125 0.04375
0 0.6765625 0.41015625 0.0203125 0.0453125
0 0.63046875 0.42109375 0.03125 0.0546875
0 0.6234375 0.35703125 0.021875 0.0375
0 0.63203125 0.315625 0.0171875 0.03125
0 0.58359375 0.4203125 0.0171875 0.034375
0 0.53828125 0.35546875 0.021875 0.0484375
0 0.59453125 0.35859375 0.0234375 0.0296875
0 0.58671875 0.29765625 0.0171875 0.028125
0 0.5578125 0.24453125 0.01875 0.04375
0 0.615625 0.23984375 0.0203125 0.034375
0 0.6 0.19609375 0.0203125 0.0296875
0 0.528125 0.70078125 0.01875 0.03125
0 0.525 0.65859375 0.0234375 0.0328125
0 0.5125 0.60859375 0.0296875 0.0671875
0 0.5421875 0.5453125 0.0265625 0.046875
0 0.5421875 0.4765625 0.0265625 0.05
0 0.534375 0.4375 0.0203125 0.0453125
0 0.5953125 0.690625 0.0328125 0.0484375
0 0.575 0.853125 0.0328125 0.04375
0 0.68046875 0.965625 0.03125 0.040625
0 0.5203125 0.95703125 0.03125 0.0328125
0 0.4765625 0.95 0.0296875 0.0390625
0 0.4671875 0.83671875 0.034375 0.0703125
0 0.465625 0.73828125 0.0234375 0.03125
0 0.43125 0.74375 0.0265625 0.0421875
0 0.40546875 0.57734375 0.0234375 0.04375
0 0.42578125 0.6421875 0.021875 0.034375
0 0.37578125 0.58828125 0.025 0.0515625
0 0.37890625 0.46640625 0.0203125 0.0484375
0 0.315625 0.47421875 0.0234375 0.0453125
0 0.27421875 0.49453125 0.021875 0.053125
0 0.346875 0.6453125 0.0203125 0.034375
0 0.32890625 0.6078125 0.01875 0.0359375
0 0.29921875 0.59921875 0.0203125 0.0546875
0 0.25078125 0.68046875 0.0296875 0.065625
0 0.2984375 0.82890625 0.03125 0.0640625
0 0.2734375 0.81875 0.034375 0.0609375
0 0.26328125 0.759375 0.025 0.0421875
0 0.2265625 0.9359375 0.0296875 0.0421875
0 0.18203125 0.93359375 0.028125 0.05
0 0.13671875 0.88046875 0.025 0.05625
0 0.24140625 0.909375 0.0265625 0.034375
0 0.24375 0.87109375 0.0328125 0.046875
0 0.2453125 0.8390625 0.0359375 0.05
0 0.175 0.6484375 0.034375 0.05
0 0.21875 0.71875 0.0203125 0.034375
0 0.215625 0.79453125 0.021875 0.0328125
0 0.20078125 0.84453125 0.0171875 0.0390625
0 0.1828125 0.8265625 0.0171875 0.0234375
0 0.1890625 0.80625 0.025 0.0390625
0 0.0640625 0.8609375 0.034375 0.0671875
0 0.1 0.95625 0.0203125 0.040625
0 0.0859375 0.9484375 0.0203125 0.0515625
0 0.0703125 0.68125 0.015625 0.0421875
0 0.0421875 0.67578125 0.01875 0.053125
0 0.11796875 0.528125 0.021875 0.04375
0 0.11171875 0.50390625 0.0234375 0.0375
0 0.1921875 0.33046875 0.028125 0.0609375
0 0.17578125 0.303125 0.0171875 0.0484375
0 0.33515625 0.37578125 0.015625 0.0296875
0 0.309375 0.33515625 0.028125 0.0609375
0 0.46015625 0.390625 0.01875 0.03125
0 0.43828125 0.3734375 0.0265625 0.0546875
0 0.43359375 0.4609375 0.0296875 0.0375
0 0.44296875 0.32734375 0.015625 0.03125
0 0.4109375 0.3328125 0.021875 0.04375
0 0.4859375 0.12109375 0.0265625 0.0375
0 0.490625 0.18828125 0.0203125 0.0359375
0 0.48046875 0.175 0.0203125 0.0328125
0 0.46328125 0.16484375 0.01875 0.03125
0 0.4359375 0.14609375 0.0234375 0.0515625
0 0.69609375 0.2640625 0.0234375 0.0390625
0 0.778125 0.0796875 0.01875 0.034375
0 0.80546875 0.0640625 0.0140625 0.034375
0 0.778125 0.04296875 0.0203125 0.03125
0 0.82421875 0.053125 0.0171875 0.03125
0 0.84140625 0.134375 0.015625 0.025
0 0.82734375 0.11015625 0.01875 0.03125
0 0.86328125 0.0390625 0.0109375 0.025
0 0.88046875 0.02734375 0.0125 0.025
0 0.925 0.071875 0.0140625 0.028125
0 0.95 0.03046875 0.01875 0.0296875
0 0.9125 0.04453125 0.015625 0.028125
0 0.8875 0.17890625 0.015625 0.0328125
0 0.8671875 0.2390625 0.0140625 0.01875
0 0.85390625 0.26171875 0.0140625 0.0296875
0 0.853125 0.2234375 0.0140625 0.021875
0 0.85390625 0.190625 0.0140625 0.03125
0 0.8375 0.18515625 0.0125 0.025
0 0.8234375 0.21875 0.0140625 0.034375
0 0.8265625 0.178125 0.009375 0.021875
0 0.81171875 0.190625 0.01875 0.028125
0 0.89765625 0.271875 0.015625 0.0328125
0 0.92890625 0.29453125 0.0171875 0.03125
0 0.87578125 0.32421875 0.0296875 0.0453125
0 0.8234375 0.30703125 0.0140625 0.0265625
0 0.78359375 0.1703125 0.0140625 0.028125
0 0.73828125 0.165625 0.0171875 0.0265625
0 0.74296875 0.1265625 0.0078125 0.021875
0 0.73984375 0.09453125 0.0125 0.0234375
0 0.71875 0.1328125 0.0109375 0.025
0 0.7078125 0.14765625 0.0125 0.0203125
0 0.69296875 0.12734375 0.015625 0.025
0 0.7296875 0.0328125 0.0140625 0.028125
0 0.64375 0.03125 0.015625 0.028125
0 0.746875 0.24921875 0.015625 0.03125
0 0.7265625 0.21875 0.015625 0.0296875
0 0.75078125 0.371875 0.015625 0.0265625
0 0.74296875 0.40390625 0.01875 0.040625
0 0.7328125 0.375 0.0125 0.0265625
0 0.83515625 0.39296875 0.0140625 0.0203125
0 0.79453125 0.40859375 0.0140625 0.028125
0 0.98984375 0.39140625 0.0203125 0.0359375
0 0.965625 0.4171875 0.025 0.0453125
0 0.88515625 0.57578125 0.01875 0.0515625
0 0.85390625 0.52734375 0.0203125 0.0390625
0 0.85078125 0.50078125 0.0140625 0.0328125
0 0.82890625 0.484375 0.0171875 0.0359375
0 0.77109375 0.52890625 0.0234375 0.0328125
0 0.85625 0.4546875 0.0125 0.03125
0 0.8421875 0.446875 0.0171875 0.0359375
0 0.8890625 0.66640625 0.0203125 0.0375
0 0.86640625 0.6546875 0.01875 0.046875
0 0.9078125 0.63046875 0.0203125 0.040625
0 0.9046875 0.5671875 0.0171875 0.0375
0 0.85390625 0.603125 0.0234375 0.0421875
0 0.809375 0.8265625 0.0234375 0.0453125
0 0.809375 0.79140625 0.025 0.040625
0 0.79296875 0.775 0.01875 0.0515625
0 0.77109375 0.74296875 0.0171875 0.03125
0 0.76953125 0.71328125 0.021875 0.0421875
0 0.81484375 0.93671875 0.03125 0.0484375
0 0.8671875 0.95859375 0.03125 0.0546875
0 0.7875 0.91796875 0.025 0.046875
0 0.71875 0.85546875 0.0203125 0.0375
0 0.72265625 0.80390625 0.021875 0.0421875
0 0.66640625 0.86953125 0.0171875 0.040625
0 0.72578125 0.696875 0.0203125 0.034375
0 0.6265625 0.75 0.015625 0.0359375
0 0.67734375 0.815625 0.0171875 0.028125
0 0.6421875 0.9046875 0.015625 0.0265625
0 0.6375 0.8671875 0.0171875 0.0375
0 0.57890625 0.98203125 0.0234375 0.0359375
0 0.5703125 0.93046875 0.0203125 0.040625
0 0.78359375 0.9765625 0.021875 0.046875
0 0.7484375 0.76953125 0.015625 0.0328125
0 0.66484375 0.775 0.0203125 0.0390625
0 0.66875 0.7359375 0.015625 0.0265625
0 0.6609375 0.690625 0.0125 0.0296875
0 0.72734375 0.5 0.0140625 0.0265625
0 0.76875 0.5015625 0.01875 0.0265625
0 0.74375 0.48828125 0.0171875 0.0234375
0 0.5953125 0.5765625 0.015625 0.03125
0 0.6015625 0.5359375 0.0171875 0.03125
0 0.6109375 0.59921875 0.0140625 0.028125
0 0.5953125 0.6140625 0.0203125 0.034375
0 0.621875 0.18125 0.0125 0.0265625
0 0.59765625 0.071875 0.0109375 0.025
0 0.53359375 0.0546875 0.0171875 0.028125
0 0.48671875 0.08515625 0.0234375 0.0375
0 0.43359375 0.08046875 0.0234375 0.0390625
0 0.4640625 0.0484375 0.0140625 0.028125
0 0.47578125 0.3109375 0.01875 0.0328125
0 0.46953125 0.28671875 0.015625 0.03125
0 0.4765625 0.24609375 0.015625 0.025
0 0.4484375 0.23125 0.015625 0.034375
0 0.4265625 0.225 0.01875 0.028125
0 0.54765625 0.28671875 0.015625 0.03125
0 0.44296875 0.2890625 0.0125 0.021875
0 0.396875 0.2984375 0.01875 0.03125
0 0.5453125 0.1671875 0.015625 0.028125
0 0.56171875 0.0375 0.0171875 0.0234375
0 0.6984375 0.23046875 0.015625 0.028125
0 0.71796875 0.353125 0.0140625 0.0234375
0 0.70859375 0.3375 0.015625 0.0296875
0 0.68828125 0.3140625 0.0140625 0.0234375
0 0.3578125 0.10390625 0.0203125 0.0390625
0 0.3375 0.2328125 0.0171875 0.0421875
0 0.3640625 0.28984375 0.0171875 0.0359375
0 0.3125 0.2375 0.01875 0.04375
0 0.29453125 0.24453125 0.015625 0.03125
0 0.29453125 0.29921875 0.0234375 0.03125
0 0.27265625 0.25078125 0.01875 0.04375
0 0.2765625 0.30625 0.015625 0.0375
0 0.23359375 0.22890625 0.0203125 0.028125
0 0.253125 0.1875 0.021875 0.03125
0 0.23359375 0.1875 0.0234375 0.05
0 0.31484375 0.1125 0.01875 0.0453125
0 0.390625 0.04296875 0.0203125 0.0375
0 0.35546875 0.04765625 0.0203125 0.0296875
0 0.3234375 0.02890625 0.01875 0.03125
0 0.296875 0.03828125 0.021875 0.040625
0 0.12265625 0.13046875 0.0203125 0.0390625
0 0.13046875 0.08984375 0.01875 0.0375
0 0.2203125 0.07421875 0.021875 0.040625
0 0.1828125 0.1375 0.021875 0.040625
0 0.15546875 0.234375 0.0171875 0.0328125
0 0.13828125 0.21640625 0.01875 0.0296875
0 0.1234375 0.2421875 0.0234375 0.034375
0 0.11953125 0.196875 0.0203125 0.0453125
0 0.2 0.24453125 0.01875 0.0328125
0 0.39140625 0.39765625 0.0203125 0.03125
0 0.334375 0.41796875 0.0125 0.0328125
0 0.30390625 0.37890625 0.0203125 0.034375
0 0.25625 0.4359375 0.0234375 0.0515625
0 0.40546875 0.53359375 0.0203125 0.04375
0 0.27734375 0.590625 0.0140625 0.0265625
0 0.2703125 0.5796875 0.015625 0.028125
0 0.215625 0.6234375 0.0171875 0.028125
0 0.2109375 0.58515625 0.025 0.0390625
0 0.17109375 0.5671875 0.025 0.05
0 0.1875 0.4859375 0.0171875 0.0375
0 0.14765625 0.4953125 0.01875 0.04375
0 0.134375 0.4375 0.0203125 0.0375
0 0.13671875 0.40703125 0.0171875 0.040625
0 0.15625 0.684375 0.0203125 0.0359375
0 0.52890625 0.73515625 0.015625 0.028125
0 0.5125 0.7328125 0.015625 0.028125
0 0.4140625 0.8046875 0.021875 0.0421875
0 0.46328125 0.8875 0.0125 0.0265625
0 0.42734375 0.8765625 0.0203125 0.053125
0 0.40625 0.87265625 0.0234375 0.04375
0 0.39765625 0.8359375 0.0203125 0.028125
0 0.42421875 0.96953125 0.0140625 0.034375
0 0.38984375 0.9734375 0.015625 0.034375
0 0.3625 0.9765625 0.015625 0.040625
0 0.38046875 0.93359375 0.01875 0.0375
0 0.34453125 0.95703125 0.01875 0.0375
0 0.33984375 0.9265625 0.0171875 0.034375
0 0.33828125 0.88515625 0.01875 0.03125
0 0.35234375 0.80546875 0.0140625 0.03125
0 0.3359375 0.8203125 0.015625 0.0296875
0 0.36796875 0.759375 0.0140625 0.03125
0 0.33515625 0.78046875 0.0171875 0.0390625
0 0.35546875 0.72109375 0.0125 0.03125
0 0.3203125 0.73828125 0.021875 0.034375
0 0.4015625 0.6953125 0.015625 0.0359375
0 0.4875 0.7140625 0.015625 0.03125
0 0.45078125 0.6984375 0.0234375 0.03125
0 0.525 0.88515625 0.021875 0.034375
0 0.49921875 0.8703125 0.0203125 0.0453125
0 0.51171875 0.8 0.015625 0.03125
0 0.49453125 0.6875 0.021875 0.0234375
0 0.44609375 0.9859375 0.021875 0.028125
0 0.4375 0.95 0.0140625 0.028125
0 0.421875 0.921875 0.015625 0.028125
0 0.315625 0.9109375 0.01875 0.0390625
0 0.2890625 0.98671875 0.0140625 0.0265625
0 0.26484375 0.9890625 0.0171875 0.021875
0 0.22265625 0.98359375 0.0203125 0.0328125
0 0.19375 0.9875 0.021875 0.025
0 0.1375 0.98125 0.021875 0.0375
0 0.134375 0.93515625 0.0203125 0.040625
0 0.125 0.80859375 0.0140625 0.025
0 0.12421875 0.77890625 0.0140625 0.0265625
0 0.115625 0.7375 0.015625 0.03125
0 0.12578125 0.69921875 0.0125 0.0375
0 0.0921875 0.58828125 0.0265625 0.040625
0 0.10859375 0.9046875 0.021875 0.040625
0 0.0359375 0.896875 0.01875 0.0390625
0 0.01171875 0.87578125 0.0234375 0.0484375
0 0.00703125 0.8140625 0.0140625 0.040625
0 0.040625 0.778125 0.015625 0.0453125
0 0.01640625 0.76015625 0.01875 0.040625
0 0.00703125 0.6140625 0.0140625 0.090625
0 0.009375 0.51171875 0.01875 0.0421875
0 0.0828125 0.5046875 0.021875 0.053125
0 0.06171875 0.65625 0.0140625 0.0359375
0 0.0578125 0.56171875 0.0203125 0.028125
0 0.11171875 0.41015625 0.028125 0.0546875
0 0.0609375 0.353125 0.01875 0.0265625
0 0.0625 0.32109375 0.0203125 0.0359375
0 0.04296875 0.3328125 0.0171875 0.034375
0 0.03515625 0.22578125 0.0203125 0.05
0 0.0203125 0.22109375 0.01875 0.0359375
0 0.75859375 0.94765625 0.0171875 0.034375
0 0.73984375 0.9171875 0.0203125 0.0328125
0 0.6234375 0.90859375 0.0140625 0.025
0 0.7890625 0.84375 0.021875 0.0296875
0 0.65859375 0.81953125 0.0140625 0.03125
0 0.62578125 0.82578125 0.0140625 0.025
0 0.73984375 0.66796875 0.015625 0.0265625
0 0.67109375 0.65859375 0.015625 0.03125
0 0.72734375 0.65859375 0.0109375 0.0265625
0 0.73203125 0.60546875 0.0171875 0.03125