0 0.1390625 0.1234375 0.0234375 0.0328125
0 0.134375 0.0765625 0.028125 0.0421875
0 0.04296875 0.12890625 0.0234375 0.046875
0 0.07421875 0.22578125 0.01875 0.0453125
0 0.03828125 0.34453125 0.0171875 0.0453125
0 0.06640625 0.44921875 0.025 0.071875
0 0.0703125 0.36796875 0.021875 0.0375
0 0.09921875 0.384375 0.0265625 0.0453125
0 0.08671875 0.46953125 0.0234375 0.0515625
0 0.16640625 0.659375 0.0203125 0.04375
0 0.184375 0.62890625 0.025 0.053125
0 0.10703125 0.70390625 0.0328125 0.0390625
0 0.06953125 0.8765625 0.0296875 0.0484375
0 0.0734375 0.809375 0.0203125 0.0609375
0 0.115625 0.7984375 0.021875 0.0515625
0 0.22265625 0.634375 0.01875 0.0421875
0 0.234375 0.5828125 0.01875 0.034375
0 0.253125 0.62578125 0.028125 0.034375
0 0.334375 0.55859375 0.0234375 0.028125
0 0.32578125 0.5234375 0.03125 0.04375
0 0.3234375 0.41015625 0.0203125 0.0453125
0 0.36953125 0.42109375 0.03125 0.0546875
0 0.3765625 0.35703125 0.021875 0.0375
0 0.36796875 0.315625 0.0171875 0.03125
0 0.41640625 0.4203125 0.0171875 0.034375
0 0.46171875 0.35546875 0.021875 0.0484375
0 0.40546875 0.35859375 0.0234375 0.0296875
0 0.41328125 0.29765625 0.0171875 0.028125
0 0.4421875 0.24453125 0.01875 0.04375
0 0.384375 0.23984375 0.0203125 0.034375
0 0.4 0.19609375 0.0203125 0.0296875
0 0.471875 0.70078125 0.01875 0.03125
0 0.475 0.65859375 0.0234375 0.0328125
0 0.4875 0.60859375 0.0296875 0.0671875
0 0.4578125 0.5453125 0.0265625 0.046875
0 0.4578125 0.4765625 0.0265625 0.05
0 0.465625 0.4375 0.0203125 0.0453125
0 0.4046875 0.690625 0.0328125 0.0484375
0 0.425 0.853125 0.0328125 0.04375
0 0.31953125 0.965625 0.03125 0.040625
0 0.4796875 0.95703125 0.03125 0.0328125
0 0.5234375 0.95 0.0296875 0.0390625
0 0.5328125 0.83671875 0.034375 0.0703125
0 0.534375 0.73828125 0.0234375 0.03125
0 0.56875 0.74375 0.0265625 0.0421875
0 0.59453125 0.57734375 0.0234375 0.04375
0 0.57421875 0.6421875 0.021875 0.034375
0 0.62421875 0.58828125 0.025 0.0515625
0 0.62109375 0.46640625 0.0203125 0.0484375
0 0.684375 0.47421875 0.0234375 0.0453125
0 0.72578125 0.49453125 0.021875 0.053125
0 0.653125 0.6453125 0.0203125 0.034375
0 0.67109375 0.6078125 0.01875 0.0359375
0 0.70078125 0.59921875 0.0203125 0.0546875
0 0.74921875 0.68046875 0.0296875 0.065625
0 0.7015625 0.82890625 0.03125 0.0640625
0 0.7265625 0.81875 0.034375 0.0609375
0 0.73671875 0.759375 0.025 0.0421875
0 0.7734375 0.9359375 0.0296875 0.0421875
0 0.81796875 0.93359375 0.028125 0.05
0 0.86328125 0.88046875 0.025 0.05625
0 0.75859375 0.909375 0.0265625 0.034375
0 0.75625 0.87109375 0.0328125 0.046875
0 0.7546875 0.8390625 0.0359375 0.05
0 0.825 0.6484375 0.034375 0.05
0 0.78125 0.71875 0.0203125 0.034375
0 0.784375 0.79453125 0.021875 0.0328125
0 0.79921875 0.84453125 0.0171875 0.0390625
0 0.8171875 0.8265625 0.0171875 0.0234375
0 0.8109375 0.80625 0.025 0.0390625
0 0.9359375 0.8609375 0.034375 0.0671875
0 0.9 0.95625 0.0203125 0.040625
0 0.9140625 0.9484375 0.0203125 0.0515625
0 0.9296875 0.68125 0.015625 0.0421875
0 0.9578125 0.67578125 0.01875 0.053125
0 0.88203125 0.528125 0.021875 0.04375
0 0.88828125 0.50390625 0.0234375 0.0375
0 0.8078125 0.33046875 0.028125 0.0609375
0 0.82421875 0.303125 0.0171875 0.0484375
0 0.66484375 0.37578125 0.015625 0.0296875
0 0.690625 0.33515625 0.028125 0.0609375
0 0.53984375 0.390625 0.01875 0.03125
0 0.56171875 0.3734375 0.0265625 0.0546875
0 0.56640625 0.4609375 0.0296875 0.0375
0 0.55703125 0.32734375 0.015625 0.03125
0 0.5890625 0.3328125 0.021875 0.04375
0 0.5140625 0.12109375 0.0265625 0.0375
0 0.509375 0.18828125 0.0203125 0.0359375
0 0.51953125 0.175 0.0203125 0.0328125
0 0.53671875 0.16484375 0.01875 0.03125
0 0.5640625 0.14609375 0.0234375 0.0515625
0 0.30390625 0.2640625 0.0234375 0.0390625
0 0.221875 0.0796875 0.01875 0.034375
0 0.19453125 0.0640625 0.0140625 0.034375
0 0.221875 0.04296875 0.0203125 0.03125
0 0.17578125 0.053125 0.0171875 0.03125
0 0.15859375 0.134375 0.015625 0.025
0 0.17265625 0.11015625 0.01875 0.03125
0 0.13671875 0.0390625 0.0109375 0.025
0 0.11953125 0.02734375 0.0125 0.025
0 0.075 0.071875 0.0140625 0.028125
0 0.05 0.03046875 0.01875 0.0296875
0 0.0875 0.04453125 0.015625 0.028125
0 0.1125 0.17890625 0.015625 0.0328125
0 0.1328125 0.2390625 0.0140625 0.01875
0 0.14609375 0.26171875 0.0140625 0.0296875
0 0.146875 0.2234375 0.0140625 0.021875
0 0.14609375 0.190625 0.0140625 0.03125
0 0.1625 0.18515625 0.0125 0.025
0 0.1765625 0.21875 0.0140625 0.034375
0 0.1734375 0.178125 0.009375 0.021875
0 0.18828125 0.190625 0.01875 0.028125
0 0.10234375 0.271875 0.015625 0.0328125
0 0.07109375 0.29453125 0.0171875 0.03125
0 0.12421875 0.32421875 0.0296875 0.0453125
0 0.1765625 0.30703125 0.0140625 0.0265625
0 0.21640625 0.1703125 0.0140625 0.028125
0 0.26171875 0.165625 0.0171875 0.0265625
0 0.25703125 0.1265625 0.0078125 0.021875
0 0.26015625 0.09453125 0.0125 0.0234375
0 0.28125 0.1328125 0.0109375 0.025
0 0.2921875 0.14765625 0.0125 0.0203125
0 0.30703125 0.12734375 0.015625 0.025
0 0.2703125 0.0328125 0.0140625 0.028125
0 0.35625 0.03125 0.015625 0.028125
0 0.253125 0.24921875 0.015625 0.03125
0 0.2734375 0.21875 0.015625 0.0296875
0 0.24921875 0.371875 0.015625 0.0265625
0 0.25703125 0.40390625 0.01875 0.040625
0 0.2671875 0.375 0.0125 0.0265625
0 0.16484375 0.39296875 0.0140625 0.0203125
0 0.20546875 0.40859375 0.0140625 0.028125
0 0.01015625 0.39140625 0.0203125 0.0359375
0 0.034375 0.4171875 0.025 0.0453125
0 0.11484375 0.57578125 0.01875 0.0515625
0 0.14609375 0.52734375 0.0203125 0.0390625
0 0.14921875 0.50078125 0.0140625 0.0328125
0 0.17109375 0.484375 0.0171875 0.0359375
0 0.22890625 0.52890625 0.0234375 0.0328125
0 0.14375 0.4546875 0.0125 0.03125
0 0.1578125 0.446875 0.0171875 0.0359375
0 0.1109375 0.66640625 0.0203125 0.0375
0 0.13359375 0.6546875 0.01875 0.046875
0 0.0921875 0.63046875 0.0203125 0.040625
0 0.0953125 0.5671875 0.0171875 0.0375
0 0.14609375 0.603125 0.0234375 0.0421875
0 0.190625 0.8265625 0.0234375 0.0453125
0 0.190625 0.79140625 0.025 0.040625
0 0.20703125 0.775 0.01875 0.0515625
0 0.22890625 0.74296875 0.0171875 0.03125
0 0.23046875 0.71328125 0.021875 0.0421875
0 0.18515625 0.93671875 0.03125 0.0484375
0 0.1328125 0.95859375 0.03125 0.0546875
0 0.2125 0.91796875 0.025 0.046875
0 0.28125 0.85546875 0.0203125 0.0375
0 0.27734375 0.80390625 0.021875 0.0421875
0 0.33359375 0.86953125 0.0171875 0.040625
0 0.27421875 0.696875 0.0203125 0.034375
0 0.3734375 0.75 0.015625 0.0359375
0 0.32265625 0.815625 0.0171875 0.028125
0 0.3578125 0.9046875 0.015625 0.0265625
0 0.3625 0.8671875 0.0171875 0.0375
0 0.42109375 0.98203125 0.0234375 0.0359375
0 0.4296875 0.93046875 0.0203125 0.040625
0 0.21640625 0.9765625 0.021875 0.046875
0 0.2515625 0.76953125 0.015625 0.0328125
0 0.33515625 0.775 0.0203125 0.0390625
0 0.33125 0.7359375 0.015625 0.0265625
0 0.3390625 0.690625 0.0125 0.0296875
0 0.27265625 0.5 0.0140625 0.0265625
0 0.23125 0.5015625 0.01875 0.0265625
0 0.25625 0.48828125 0.0171875 0.0234375
0 0.4046875 0.5765625 0.015625 0.03125
0 0.3984375 0.5359375 0.0171875 0.03125
0 0.3890625 0.59921875 0.0140625 0.028125
0 0.4046875 0.6140625 0.0203125 0.034375
0 0.378125 0.18125 0.0125 0.0265625
0 0.40234375 0.071875 0.0109375 0.025
0 0.46640625 0.0546875 0.0171875 0.028125
0 0.51328125 0.08515625 0.0234375 0.0375
0 0.56640625 0.08046875 0.0234375 0.0390625
0 0.5359375 0.0484375 0.0140625 0.028125
0 0.52421875 0.3109375 0.01875 0.0328125
0 0.53046875 0.28671875 0.015625 0.03125
0 0.5234375 0.24609375 0.015625 0.025
0 0.5515625 0.23125 0.015625 0.034375
0 0.5734375 0.225 0.01875 0.028125
0 0.45234375 0.28671875 0.015625 0.03125
0 0.55703125 0.2890625 0.0125 0.021875
0 0.603125 0.2984375 0.01875 0.03125
0 0.4546875 0.1671875 0.015625 0.028125
0 0.43828125 0.0375 0.0171875 0.0234375
0 0.3015625 0.23046875 0.015625 0.028125
0 0.28203125 0.353125 0.0140625 0.0234375
0 0.29140625 0.3375 0.015625 0.0296875
0 0.31171875 0.3140625 0.0140625 0.0234375
0 0.6421875 0.10390625 0.0203125 0.0390625
0 0.6625 0.2328125 0.0171875 0.0421875
0 0.6359375 0.28984375 0.0171875 0.0359375
0 0.6875 0.2375 0.01875 0.04375
0 0.70546875 0.24453125 0.015625 0.03125
0 0.70546875 0.29921875 0.0234375 0.03125
0 0.72734375 0.25078125 0.01875 0.04375
0 0.7234375 0.30625 0.015625 0.0375
0 0.76640625 0.22890625 0.0203125 0.028125
0 0.746875 0.1875 0.021875 0.03125
0 0.76640625 0.1875 0.0234375 0.05
0 0.68515625 0.1125 0.01875 0.0453125
0 0.609375 0.04296875 0.0203125 0.0375
0 0.64453125 0.04765625 0.0203125 0.0296875
0 0.6765625 0.02890625 0.01875 0.03125
0 0.703125 0.03828125 0.021875 0.040625
0 0.87734375 0.13046875 0.0203125 0.0390625
0 0.86953125 0.08984375 0.01875 0.0375
0 0.7796875 0.07421875 0.021875 0.040625
0 0.8171875 0.1375 0.021875 0.040625
0 0.84453125 0.234375 0.0171875 0.0328125
0 0.86171875 0.21640625 0.01875 0.0296875
0 0.8765625 0.2421875 0.0234375 0.034375
0 0.88046875 0.196875 0.0203125 0.0453125
0 0.8 0.24453125 0.01875 0.0328125
0 0.60859375 0.39765625 0.0203125 0.03125
0 0.665625 0.41796875 0.0125 0.0328125
0 0.69609375 0.37890625 0.0203125 0.034375
0 0.74375 0.4359375 0.0234375 0.0515625
0 0.59453125 0.53359375 0.0203125 0.04375
0 0.72265625 0.590625 0.0140625 0.0265625
0 0.7296875 0.5796875 0.015625 0.028125
0 0.784375 0.6234375 0.0171875 0.028125
0 0.7890625 0.58515625 0.025 0.0390625
0 0.82890625 0.5671875 0.025 0.05
0 0.8125 0.4859375 0.0171875 0.0375
0 0.85234375 0.4953125 0.01875 0.04375
0 0.865625 0.4375 0.0203125 0.0375
0 0.86328125 0.40703125 0.0171875 0.040625
0 0.84375 0.684375 0.0203125 0.0359375
0 0.47109375 0.73515625 0.015625 0.028125
0 0.4875 0.7328125 0.015625 0.028125
0 0.5859375 0.8046875 0.021875 0.0421875
0 0.53671875 0.8875 0.0125 0.0265625
0 0.57265625 0.8765625 0.0203125 0.053125
0 0.59375 0.87265625 0.0234375 0.04375
0 0.60234375 0.8359375 0.0203125 0.028125
0 0.57578125 0.96953125 0.0140625 0.034375
0 0.61015625 0.9734375 0.015625 0.034375
0 0.6375 0.9765625 0.015625 0.040625
0 0.61953125 0.93359375 0.01875 0.0375
0 0.65546875 0.95703125 0.01875 0.0375
0 0.66015625 0.9265625 0.0171875 0.034375
0 0.66171875 0.88515625 0.01875 0.03125
0 0.64765625 0.80546875 0.0140625 0.03125
0 0.6640625 0.8203125 0.015625 0.0296875
0 0.63203125 0.759375 0.0140625 0.03125
0 0.66484375 0.78046875 0.0171875 0.0390625
0 0.64453125 0.72109375 0.0125 0.03125
0 0.6796875 0.73828125 0.021875 0.034375
0 0.5984375 0.6953125 0.015625 0.0359375
0 0.5125 0.7140625 0.015625 0.03125
0 0.54921875 0.6984375 0.0234375 0.03125
0 0.475 0.88515625 0.021875 0.034375
0 0.50078125 0.8703125 0.0203125 0.0453125
0 0.48828125 0.8 0.015625 0.03125
0 0.50546875 0.6875 0.021875 0.0234375
0 0.55390625 0.9859375 0.021875 0.028125
0 0.5625 0.95 0.0140625 0.028125
0 0.578125 0.921875 0.015625 0.028125
0 0.684375 0.9109375 0.01875 0.0390625
0 0.7109375 0.98671875 0.0140625 0.0265625
0 0.73515625 0.9890625 0.0171875 0.021875
0 0.77734375 0.98359375 0.0203125 0.0328125
0 0.80625 0.9875 0.021875 0.025
0 0.8625 0.98125 0.021875 0.0375
0 0.865625 0.93515625 0.0203125 0.040625
0 0.875 0.80859375 0.0140625 0.025
0 0.87578125 0.77890625 0.0140625 0.0265625
0 0.884375 0.7375 0.015625 0.03125
0 0.87421875 0.69921875 0.0125 0.0375
0 0.9078125 0.58828125 0.0265625 0.040625
0 0.89140625 0.9046875 0.021875 0.040625
0 0.9640625 0.896875 0.01875 0.0390625
0 0.98828125 0.87578125 0.0234375 0.0484375
0 0.99296875 0.8140625 0.0140625 0.040625
0 0.959375 0.778125 0.015625 0.0453125
0 0.98359375 0.76015625 0.01875 0.040625
0 0.99296875 0.6140625 0.0140625 0.090625
0 0.990625 0.51171875 0.01875 0.0421875
0 0.9171875 0.5046875 0.021875 0.053125
0 0.93828125 0.65625 0.0140625 0.0359375
0 0.9421875 0.56171875 0.0203125 0.028125
0 0.88828125 0.41015625 0.028125 0.0546875
0 0.9390625 0.353125 0.01875 0.0265625
0 0.9375 0.32109375 0.0203125 0.0359375
0 0.95703125 0.3328125 0.0171875 0.034375
0 0.96484375 0.22578125 0.0203125 0.05
0 0.9796875 0.22109375 0.01875 0.0359375
0 0.24140625 0.94765625 0.0171875 0.034375
0 0.26015625 0.9171875 0.0203125 0.0328125
0 0.3765625 0.90859375 0.0140625 0.025
0 0.2109375 0.84375 0.021875 0.0296875
0 0.34140625 0.81953125 0.0140625 0.03125
0 0.37421875 0.82578125 0.0140625 0.025
0 0.26015625 0.66796875 0.015625 0.0265625
0 0.32890625 0.65859375 0.015625 0.03125
0 0.27265625 0.65859375 0.0109375 0.0265625
0 0.26796875 0.60546875 0.0171875 0.03125