0 0.0890625 0.01875 0.065625 0.02890625
0 0.19296875 0.03828125 0.03515625 0.03203125
0 0.13125 0.22578125 0.0234375 0.02578125
0 0.13203125 0.1734375 0.03515625 0.03515625
0 0.18828125 0.15546875 0.0625 0.07109375
0 0.15390625 0.3078125 0.03671875 0.0265625
0 0.21328125 0.265625 0.028125 0.02578125
0 0.2921875 0.23125 0.0578125 0.03671875
0 0.234375 0.36953125 0.059375 0.04296875
0 0.07265625 0.54921875 0.04609375 0.03203125
0 0.1875 0.484375 0.09296875 0.065625
0 0.234375 0.68359375 0.046875 0.02109375
0 0.2265625 0.60390625 0.028125 0.02265625
0 0.2703125 0.64453125 0.025 0.015625
0 0.2578125 0.57109375 0.02109375 0.01640625
0 0.3109375 0.51484375 0.0421875 0.03046875
0 0.30390625 0.46328125 0.09296875 0.06328125
0 0.28046875 0.60546875 0.034375 0.02578125
0 0.3453125 0.54609375 0.0359375 0.0296875
0 0.37265625 0.5125 0.03984375 0.03828125
0 0.3890625 0.4296875 0.05546875 0.03125
0 0.34140625 0.39375 0.05625 0.0359375
0 0.3265625 0.32421875 0.053125 0.04765625
0 0.4140625 0.309375 0.09609375 0.04609375
0 0.4734375 0.15 0.08828125 0.04609375
0 0.0375 0.65234375 0.07421875 0.0546875
0 0.04375 0.76796875 0.06796875 0.05078125
0 0.09765625 0.68671875 0.04453125 0.02734375
0 0.17421875 0.6578125 0.0453125 0.04921875
0 0.03671875 0.51796875 0.07109375 0.0375
0 0.0328125 0.89375 0.0515625 0.03046875
0 0.06875 0.84296875 0.025 0.028125
0 0.1015625 0.83125 0.03125 0.03984375
0 0.12421875 0.95546875 0.06484375 0.03359375
0 0.17734375 0.8953125 0.0390625 0.02734375
0 0.171875 0.8203125 0.05390625 0.04140625
0 0.45 0.84453125 0.06640625 0.04140625
0 0.2796875 0.8125 0.04921875 0.03828125
0 0.409375 0.8046875 0.06953125 0.02578125
0 0.35078125 0.775 0.059375 0.03125
0 0.2734375 0.75625 0.06953125 0.03359375
0 0.4453125 0.60859375 0.05234375 0.04296875
0 0.38125 0.69375 0.05 0.03515625
0 0.49296875 0.63984375 0.04296875 0.0453125
0 0.5125 0.41953125 0.06328125 0.04296875
0 0.5234375 0.32109375 0.0703125 0.0609375
0 0.5578125 0.49765625 0.03671875 0.03515625
0 0.6859375 0.42578125 0.0671875 0.04296875
0 0.5984375 0.309375 0.0453125 0.0296875
0 0.70859375 0.3484375 0.03125 0.04453125
0 0.75625 0.43828125 0.04296875 0.034375
0 0.7953125 0.38359375 0.09140625 0.04140625
0 0.77421875 0.3515625 0.04921875 0.04140625
0 0.615625 0.57578125 0.0640625 0.034375
0 0.49296875 0.52421875 0.04609375 0.03359375
0 0.59921875 0.86953125 0.03671875 0.0203125
0 0.47578125 0.76953125 0.059375 0.04765625
0 0.58125 0.796875 0.03671875 0.025
0 0.5828125 0.75390625 0.0359375 0.03203125
0 0.69765625 0.76328125 0.03125 0.02265625
0 0.7515625 0.75234375 0.0625 0.0421875
0 0.73125 0.6765625 0.04921875 0.03046875
0 0.775 0.6296875 0.046875 0.021875
0 0.75546875 0.584375 0.05625 0.034375
0 0.6546875 0.553125 0.0390625 0.03984375
0 0.746875 0.54140625 0.034375 0.03359375
0 0.83359375 0.5796875 0.0203125 0.0296875
0 0.859375 0.52421875 0.05390625 0.04609375
0 0.87734375 0.565625 0.02265625 0.0265625
0 0.81484375 0.91328125 0.04609375 0.0421875
0 0.9015625 0.89140625 0.04921875 0.04296875
0 0.840625 0.86796875 0.046875 0.0296875
0 0.91953125 0.68828125 0.034375 0.02421875
0 0.95 0.5578125 0.04375 0.03671875
0 0.93828125 0.36953125 0.03828125 0.02890625
0 0.8671875 0.33671875 0.04375 0.046875
0 0.246875 0.9171875 0.05859375 0.0296875
0 0.28046875 0.17265625 0.0609375 0.03046875