0 0.9109375 0.01875 0.065625 0.02890625
0 0.80703125 0.03828125 0.03515625 0.03203125
0 0.86875 0.22578125 0.0234375 0.02578125
0 0.86796875 0.1734375 0.03515625 0.03515625
0 0.81171875 0.15546875 0.0625 0.07109375
0 0.84609375 0.3078125 0.03671875 0.0265625
0 0.78671875 0.265625 0.028125 0.02578125
0 0.7078125 0.23125 0.0578125 0.03671875
0 0.765625 0.36953125 0.059375 0.04296875
0 0.92734375 0.54921875 0.04609375 0.03203125
0 0.8125 0.484375 0.09296875 0.065625
0 0.765625 0.68359375 0.046875 0.02109375
0 0.7734375 0.60390625 0.028125 0.02265625
0 0.7296875 0.64453125 0.025 0.015625
0 0.7421875 0.57109375 0.02109375 0.01640625
0 0.6890625 0.51484375 0.0421875 0.03046875
0 0.69609375 0.46328125 0.09296875 0.06328125
0 0.71953125 0.60546875 0.034375 0.02578125
0 0.6546875 0.54609375 0.0359375 0.0296875
0 0.62734375 0.5125 0.03984375 0.03828125
0 0.6109375 0.4296875 0.05546875 0.03125
0 0.65859375 0.39375 0.05625 0.0359375
0 0.6734375 0.32421875 0.053125 0.04765625
0 0.5859375 0.309375 0.09609375 0.04609375
0 0.5265625 0.15 0.08828125 0.04609375
0 0.9625 0.65234375 0.07421875 0.0546875
0 0.95625 0.76796875 0.06796875 0.05078125
0 0.90234375 0.68671875 0.04453125 0.02734375
0 0.82578125 0.6578125 0.0453125 0.04921875
0 0.96328125 0.51796875 0.07109375 0.0375
0 0.9671875 0.89375 0.0515625 0.03046875
0 0.93125 0.84296875 0.025 0.028125
0 0.8984375 0.83125 0.03125 0.03984375
0 0.87578125 0.95546875 0.06484375 0.03359375
0 0.82265625 0.8953125 0.0390625 0.02734375
0 0.828125 0.8203125 0.05390625 0.04140625
0 0.55 0.84453125 0.06640625 0.04140625
0 0.7203125 0.8125 0.04921875 0.03828125
0 0.590625 0.8046875 0.06953125 0.02578125
0 0.64921875 0.775 0.059375 0.03125
0 0.7265625 0.75625 0.06953125 0.03359375
0 0.5546875 0.60859375 0.05234375 0.04296875
0 0.61875 0.69375 0.05 0.03515625
0 0.50703125 0.63984375 0.04296875 0.0453125
0 0.4875 0.41953125 0.06328125 0.04296875
0 0.4765625 0.32109375 0.0703125 0.0609375
0 0.4421875 0.49765625 0.03671875 0.03515625
0 0.3140625 0.42578125 0.0671875 0.04296875
0 0.4015625 0.309375 0.0453125 0.0296875
0 0.29140625 0.3484375 0.03125 0.04453125
0 0.24375 0.43828125 0.04296875 0.034375
0 0.2046875 0.38359375 0.09140625 0.04140625
0 0.22578125 0.3515625 0.04921875 0.04140625
0 0.384375 0.57578125 0.0640625 0.034375
0 0.50703125 0.52421875 0.04609375 0.03359375
0 0.40078125 0.86953125 0.03671875 0.0203125
0 0.52421875 0.76953125 0.059375 0.04765625
0 0.41875 0.796875 0.03671875 0.025
0 0.4171875 0.75390625 0.0359375 0.03203125
0 0.30234375 0.76328125 0.03125 0.02265625
0 0.2484375 0.75234375 0.0625 0.0421875
0 0.26875 0.6765625 0.04921875 0.03046875
0 0.225 0.6296875 0.046875 0.021875
0 0.24453125 0.584375 0.05625 0.034375
0 0.3453125 0.553125 0.0390625 0.03984375
0 0.253125 0.54140625 0.034375 0.03359375
0 0.16640625 0.5796875 0.0203125 0.0296875
0 0.140625 0.52421875 0.05390625 0.04609375
0 0.12265625 0.565625 0.02265625 0.0265625
0 0.18515625 0.91328125 0.04609375 0.0421875
0 0.0984375 0.89140625 0.04921875 0.04296875
0 0.159375 0.86796875 0.046875 0.0296875
0 0.08046875 0.68828125 0.034375 0.02421875
0 0.05 0.5578125 0.04375 0.03671875
0 0.06171875 0.36953125 0.03828125 0.02890625
0 0.1328125 0.33671875 0.04375 0.046875
0 0.753125 0.9171875 0.05859375 0.0296875
0 0.71953125 0.17265625 0.0609375 0.03046875