0 0.5328125 0.771875 0.0875 0.078125
0 0.58671875 0.8359375 0.0890625 0.0703125
0 0.62109375 0.78359375 0.084375 0.0703125
0 0.59296875 0.7234375 0.078125 0.046875
0 0.62421875 0.68828125 0.0578125 0.0671875
0 0.625 0.63046875 0.084375 0.06875
0 0.72578125 0.590625 0.1015625 0.075
0 0.7796875 0.53203125 0.059375 0.046875
0 0.9140625 0.465625 0.1046875 0.09375
0 0.5890625 0.546875 0.0828125 0.05
0 0.7203125 0.68359375 0.0796875 0.05
0 0.33203125 0.63671875 0.0609375 0.0578125
0 0.29765625 0.528125 0.05 0.0359375
0 0.21015625 0.5046875 0.0640625 0.04375
0 0.1546875 0.43125 0.08125 0.065625
0 0.18046875 0.3078125 0.0671875 0.0546875
0 0.26875 0.38671875 0.084375 0.059375
0 0.58984375 0.2828125 0.0875 0.05625
0 0.684375 0.4546875 0.0671875 0.0546875
0 0.665625 0.3796875 0.065625 0.04375
0 0.29140625 0.2015625 0.0671875 0.05625
0 0.3046875 0.11484375 0.0703125 0.0546875
0 0.4078125 0.11328125 0.053125 0.046875
0 0.490625 0.17890625 0.0984375 0.0578125
0 0.50703125 0.10625 0.0703125 0.0515625
0 0.0765625 0.2453125 0.0703125 0.0453125
0 0.784375 0.2734375 0.0625 0.0546875
0 0.8984375 0.21953125 0.065625 0.05625
0 0.6203125 0.18828125 0.1015625 0.0515625
0 0.77734375 0.05234375 0.0828125 0.065625
0 0.9 0.075 0.065625 0.065625
0 0.36171875 0.321875 0.0875 0.046875
0 0.94453125 0.3703125 0.0703125 0.05
0 0.9265625 0.29296875 0.053125 0.0421875
0 0.190625 0.1421875 0.0515625 0.03125
0 0.165625 0.1671875 0.0328125 0.025
0 0.19140625 0.1921875 0.040625 0.025
0 0.1421875 0.196875 0.0359375 0.025
0 0.18515625 0.22578125 0.05 0.0265625
0 0.134375 0.2390625 0.040625 0.034375
0 0.04765625 0.20859375 0.05 0.028125
0 0.0640625 0.16875 0.04375 0.040625
0 0.0546875 0.05390625 0.0359375 0.0265625
0 0.06484375 0.08046875 0.0421875 0.0328125
0 0.13828125 0.0640625 0.0328125 0.028125
0 0.1671875 0.0390625 0.0453125 0.03125
0 0.3078125 0.0140625 0.040625 0.028125
0 0.2578125 0.03671875 0.034375 0.03125
0 0.3125 0.04609375 0.04375 0.0265625
0 0.49921875 0.03671875 0.0546875 0.0375
0 0.4015625 0.05859375 0.046875 0.025
0 0.0296875 0.11640625 0.0203125 0.0203125
0 0.0578125 0.10859375 0.028125 0.021875
0 0.078125 0.12890625 0.0265625 0.01875
0 0.1203125 0.103125 0.025 0.021875
0 0.13984375 0.11328125 0.0234375 0.021875
0 0.1859375 0.0921875 0.0296875 0.0203125
0 0.22421875 0.09609375 0.025 0.0203125
0 0.23046875 0.0703125 0.03125 0.01875
0 0.28671875 0.07578125 0.0296875 0.025
0 0.3375 0.071875 0.04375 0.025
0 0.35234375 0.1328125 0.0390625 0.0234375
0 0.2578125 0.1359375 0.0375 0.0265625
0 0.290625 0.1515625 0.0265625 0.021875
0 0.3421875 0.1625 0.021875 0.0203125
0 0.38515625 0.15625 0.034375 0.025
0 0.37265625 0.1796875 0.03125 0.0265625
0 0.4109375 0.19140625 0.0296875 0.021875
0 0.42109375 0.22890625 0.0328125 0.034375
0 0.31015625 0.2625 0.040625 0.0265625
0 0.27890625 0.2859375 0.040625 0.03125
0 0.2484375 0.2640625 0.0265625 0.01875
0 0.3890625 0.2875 0.0328125 0.025
0 0.43046875 0.2921875 0.040625 0.028125
0 0.409375 0.24765625 0.028125 0.01875
0 0.09296875 0.33125 0.0390625 0.0203125
0 0.16953125 0.35546875 0.0484375 0.03125
0 0.11015625 0.371875 0.0421875 0.0234375
0 0.153125 0.3875 0.0484375 0.0234375
0 0.05390625 0.39453125 0.05 0.0328125
0 0.2734375 0.33125 0.0375 0.034375
0 0.32265625 0.37734375 0.0484375 0.03125
0 0.37578125 0.3765625 0.0546875 0.0328125
0 0.48515625 0.34921875 0.0328125 0.0265625
0 0.13515625 0.4703125 0.0328125 0.028125
0 0.26796875 0.453125 0.0453125 0.0265625
0 0.34375 0.415625 0.0421875 0.028125
0 0.36640625 0.4421875 0.053125 0.0296875
0 0.315625 0.4796875 0.0421875 0.0296875
0 0.36328125 0.484375 0.0375 0.0265625
0 0.4578125 0.45625 0.0390625 0.0265625
0 0.4890625 0.48359375 0.05 0.03125
0 0.44921875 0.4921875 0.028125 0.021875
0 0.42734375 0.55234375 0.03125 0.0265625
0 0.51484375 0.528125 0.0296875 0.0296875
0 0.42890625 0.61796875 0.04375 0.0234375
0 0.384375 0.6125 0.0390625 0.028125
0 0.203125 0.58828125 0.05 0.0328125
0 0.11953125 0.56796875 0.0515625 0.0359375
0 0.121875 0.50859375 0.04375 0.034375
0 0.025 0.584375 0.05 0.04375
0 0.1359375 0.61171875 0.0390625 0.040625
0 0.309375 0.590625 0.034375 0.028125
0 0.2640625 0.58359375 0.0375 0.0234375
0 0.25703125 0.62109375 0.0375 0.03125
0 0.184375 0.62578125 0.0328125 0.0265625
0 0.15390625 0.64765625 0.0296875 0.0296875
0 0.25390625 0.67109375 0.046875 0.028125
0 0.3140625 0.69296875 0.046875 0.0359375
0 0.24375 0.71484375 0.0484375 0.03125
0 0.184375 0.6984375 0.040625 0.028125
0 0.02890625 0.6453125 0.04375 0.028125
0 0.03515625 0.69375 0.0703125 0.0421875
0 0.3671875 0.65390625 0.040625 0.03125
0 0.4109375 0.6859375 0.0421875 0.0328125
0 0.459375 0.71796875 0.046875 0.0390625
0 0.3640625 0.7171875 0.0453125 0.0265625
0 0.396875 0.73515625 0.0390625 0.01875
0 0.2921875 0.721875 0.03125 0.028125
0 0.2390625 0.76796875 0.03125 0.0265625
0 0.26484375 0.78125 0.0375 0.0203125
0 0.33125 0.75390625 0.021875 0.0296875
0 0.4921875 0.88203125 0.059375 0.05
0 0.50546875 0.825 0.04375 0.034375
0 0.35546875 0.81796875 0.05 0.03125
0 0.62734375 0.04609375 0.0359375 0.025
0 0.5796875 0.065625 0.028125 0.025
0 0.64921875 0.10078125 0.03125 0.0234375
0 0.66015625 0.0796875 0.0484375 0.028125
0 0.84296875 0.1125 0.04375 0.03125
0 0.90390625 0.14609375 0.0390625 0.040625
0 0.978125 0.17109375 0.0390625 0.0296875
0 0.77421875 0.1609375 0.040625 0.0375
0 0.70859375 0.190625 0.08125 0.0375
0 0.734375 0.17421875 0.028125 0.0234375
0 0.6609375 0.16796875 0.0265625 0.0203125
0 0.60625 0.128125 0.0390625 0.021875
0 0.59765625 0.10234375 0.0375 0.0296875
0 0.559375 0.159375 0.034375 0.0296875
0 0.6734375 0.11953125 0.03125 0.0265625
0 0.6328125 0.14296875 0.0375 0.0203125
0 0.67734375 0.046875 0.034375 0.0234375
0 0.7078125 0.05859375 0.04375 0.025
0 0.72578125 0.10859375 0.034375 0.0328125
0 0.85859375 0.15 0.03125 0.03125
0 0.82578125 0.19140625 0.034375 0.0265625
0 0.725 0.2296875 0.0421875 0.0296875
0 0.74921875 0.215625 0.034375 0.0265625
0 0.62578125 0.2265625 0.046875 0.0359375
0 0.56484375 0.225 0.040625 0.028125
0 0.6984375 0.29453125 0.04375 0.0265625
0 0.928125 0.24765625 0.059375 0.0328125
0 0.98125 0.25625 0.0375 0.03125
0 0.965625 0.3 0.0390625 0.0359375
0 0.8640625 0.33125 0.0546875 0.0296875
0 0.796875 0.34453125 0.046875 0.034375
0 0.740625 0.36640625 0.046875 0.034375
0 0.61015625 0.328125 0.028125 0.028125
0 0.5421875 0.303125 0.05 0.03125
0 0.50703125 0.2640625 0.03125 0.021875
0 0.5171875 0.2453125 0.028125 0.0265625
0 0.57109375 0.35859375 0.03125 0.0234375
0 0.5890625 0.3859375 0.034375 0.0265625
0 0.609375 0.40625 0.0328125 0.0234375
0 0.55625 0.440625 0.0390625 0.046875
0 0.41015625 0.425 0.0375 0.028125
0 0.54296875 0.41015625 0.025 0.025
0 0.790625 0.41953125 0.0390625 0.0421875
0 0.70703125 0.403125 0.028125 0.028125
0 0.7328125 0.4109375 0.0234375 0.021875
0 0.8453125 0.384375 0.0359375 0.025
0 0.87109375 0.42109375 0.0375 0.021875
0 0.98671875 0.48671875 0.0265625 0.03125
0 0.58046875 0.50703125 0.0375 0.0296875
0 0.690625 0.5109375 0.053125 0.0375
0 0.65703125 0.4875 0.0421875 0.025
0 0.6359375 0.45390625 0.034375 0.0359375
0 0.725 0.4859375 0.0359375 0.025
0 0.91640625 0.56484375 0.0375 0.028125
0 0.9546875 0.59375 0.04375 0.0390625
0 0.8703125 0.621875 0.04375 0.028125
0 0.68671875 0.62421875 0.053125 0.0390625
0 0.66953125 0.59609375 0.046875 0.028125
0 0.56796875 0.62421875 0.040625 0.03125
0 0.46640625 0.57734375 0.03125 0.0234375
0 0.48515625 0.63671875 0.0375 0.034375
0 0.96015625 0.63828125 0.0359375 0.03125
0 0.91328125 0.7484375 0.04375 0.034375
0 0.80546875 0.70546875 0.04375 0.034375
0 0.69609375 0.746875 0.0625 0.0421875
0 0.70234375 0.79296875 0.0421875 0.040625
0 0.82109375 0.73984375 0.04375 0.0359375
0 0.48671875 0.759375 0.0359375 0.0296875
0 0.69375 0.88984375 0.0484375 0.0359375
0 0.82578125 0.84375 0.040625 0.0328125
0 0.8921875 0.83203125 0.046875 0.03125
0 0.94375 0.87734375 0.059375 0.0375
0 0.78046875 0.8953125 0.046875 0.0359375
0 0.7625 0.9390625 0.0625 0.03125