0 0.4671875 0.771875 0.0875 0.078125
0 0.41328125 0.8359375 0.0890625 0.0703125
0 0.37890625 0.78359375 0.084375 0.0703125
0 0.40703125 0.7234375 0.078125 0.046875
0 0.37578125 0.68828125 0.0578125 0.0671875
0 0.375 0.63046875 0.084375 0.06875
0 0.27421875 0.590625 0.1015625 0.075
0 0.2203125 0.53203125 0.059375 0.046875
0 0.0859375 0.465625 0.1046875 0.09375
0 0.4109375 0.546875 0.0828125 0.05
0 0.2796875 0.68359375 0.0796875 0.05
0 0.66796875 0.63671875 0.0609375 0.0578125
0 0.70234375 0.528125 0.05 0.0359375
0 0.78984375 0.5046875 0.0640625 0.04375
0 0.8453125 0.43125 0.08125 0.065625
0 0.81953125 0.3078125 0.0671875 0.0546875
0 0.73125 0.38671875 0.084375 0.059375
0 0.41015625 0.2828125 0.0875 0.05625
0 0.315625 0.4546875 0.0671875 0.0546875
0 0.334375 0.3796875 0.065625 0.04375
0 0.70859375 0.2015625 0.0671875 0.05625
0 0.6953125 0.11484375 0.0703125 0.0546875
0 0.5921875 0.11328125 0.053125 0.046875
0 0.509375 0.17890625 0.0984375 0.0578125
0 0.49296875 0.10625 0.0703125 0.0515625
0 0.9234375 0.2453125 0.0703125 0.0453125
0 0.215625 0.2734375 0.0625 0.0546875
0 0.1015625 0.21953125 0.065625 0.05625
0 0.3796875 0.18828125 0.1015625 0.0515625
0 0.22265625 0.05234375 0.0828125 0.065625
0 0.1 0.075 0.065625 0.065625
0 0.63828125 0.321875 0.0875 0.046875
0 0.05546875 0.3703125 0.0703125 0.05
0 0.0734375 0.29296875 0.053125 0.0421875
0 0.809375 0.1421875 0.0515625 0.03125
0 0.834375 0.1671875 0.0328125 0.025
0 0.80859375 0.1921875 0.040625 0.025
0 0.8578125 0.196875 0.0359375 0.025
0 0.81484375 0.22578125 0.05 0.0265625
0 0.865625 0.2390625 0.040625 0.034375
0 0.95234375 0.20859375 0.05 0.028125
0 0.9359375 0.16875 0.04375 0.040625
0 0.9453125 0.05390625 0.0359375 0.0265625
0 0.93515625 0.08046875 0.0421875 0.0328125
0 0.86171875 0.0640625 0.0328125 0.028125
0 0.8328125 0.0390625 0.0453125 0.03125
0 0.6921875 0.0140625 0.040625 0.028125
0 0.7421875 0.03671875 0.034375 0.03125
0 0.6875 0.04609375 0.04375 0.0265625
0 0.50078125 0.03671875 0.0546875 0.0375
0 0.5984375 0.05859375 0.046875 0.025
0 0.9703125 0.11640625 0.0203125 0.0203125
0 0.9421875 0.10859375 0.028125 0.021875
0 0.921875 0.12890625 0.0265625 0.01875
0 0.8796875 0.103125 0.025 0.021875
0 0.86015625 0.11328125 0.0234375 0.021875
0 0.8140625 0.0921875 0.0296875 0.0203125
0 0.77578125 0.09609375 0.025 0.0203125
0 0.76953125 0.0703125 0.03125 0.01875
0 0.71328125 0.07578125 0.0296875 0.025
0 0.6625 0.071875 0.04375 0.025
0 0.64765625 0.1328125 0.0390625 0.0234375
0 0.7421875 0.1359375 0.0375 0.0265625
0 0.709375 0.1515625 0.0265625 0.021875
0 0.6578125 0.1625 0.021875 0.0203125
0 0.61484375 0.15625 0.034375 0.025
0 0.62734375 0.1796875 0.03125 0.0265625
0 0.5890625 0.19140625 0.0296875 0.021875
0 0.57890625 0.22890625 0.0328125 0.034375
0 0.68984375 0.2625 0.040625 0.0265625
0 0.72109375 0.2859375 0.040625 0.03125
0 0.7515625 0.2640625 0.0265625 0.01875
0 0.6109375 0.2875 0.0328125 0.025
0 0.56953125 0.2921875 0.040625 0.028125
0 0.590625 0.24765625 0.028125 0.01875
0 0.90703125 0.33125 0.0390625 0.0203125
0 0.83046875 0.35546875 0.0484375 0.03125
0 0.88984375 0.371875 0.0421875 0.0234375
0 0.846875 0.3875 0.0484375 0.0234375
0 0.94609375 0.39453125 0.05 0.0328125
0 0.7265625 0.33125 0.0375 0.034375
0 0.67734375 0.37734375 0.0484375 0.03125
0 0.62421875 0.3765625 0.0546875 0.0328125
0 0.51484375 0.34921875 0.0328125 0.0265625
0 0.86484375 0.4703125 0.0328125 0.028125
0 0.73203125 0.453125 0.0453125 0.0265625
0 0.65625 0.415625 0.0421875 0.028125
0 0.63359375 0.4421875 0.053125 0.0296875
0 0.684375 0.4796875 0.0421875 0.0296875
0 0.63671875 0.484375 0.0375 0.0265625
0 0.5421875 0.45625 0.0390625 0.0265625
0 0.5109375 0.48359375 0.05 0.03125
0 0.55078125 0.4921875 0.028125 0.021875
0 0.57265625 0.55234375 0.03125 0.0265625
0 0.48515625 0.528125 0.0296875 0.0296875
0 0.57109375 0.61796875 0.04375 0.0234375
0 0.615625 0.6125 0.0390625 0.028125
0 0.796875 0.58828125 0.05 0.0328125
0 0.88046875 0.56796875 0.0515625 0.0359375
0 0.878125 0.50859375 0.04375 0.034375
0 0.975 0.584375 0.05 0.04375
0 0.8640625 0.61171875 0.0390625 0.040625
0 0.690625 0.590625 0.034375 0.028125
0 0.7359375 0.58359375 0.0375 0.0234375
0 0.74296875 0.62109375 0.0375 0.03125
0 0.815625 0.62578125 0.0328125 0.0265625
0 0.84609375 0.64765625 0.0296875 0.0296875
0 0.74609375 0.67109375 0.046875 0.028125
0 0.6859375 0.69296875 0.046875 0.0359375
0 0.75625 0.71484375 0.0484375 0.03125
0 0.815625 0.6984375 0.040625 0.028125
0 0.97109375 0.6453125 0.04375 0.028125
0 0.96484375 0.69375 0.0703125 0.0421875
0 0.6328125 0.65390625 0.040625 0.03125
0 0.5890625 0.6859375 0.0421875 0.0328125
0 0.540625 0.71796875 0.046875 0.0390625
0 0.6359375 0.7171875 0.0453125 0.0265625
0 0.603125 0.73515625 0.0390625 0.01875
0 0.7078125 0.721875 0.03125 0.028125
0 0.7609375 0.76796875 0.03125 0.0265625
0 0.73515625 0.78125 0.0375 0.0203125
0 0.66875 0.75390625 0.021875 0.0296875
0 0.5078125 0.88203125 0.059375 0.05
0 0.49453125 0.825 0.04375 0.034375
0 0.64453125 0.81796875 0.05 0.03125
0 0.37265625 0.04609375 0.0359375 0.025
0 0.4203125 0.065625 0.028125 0.025
0 0.35078125 0.10078125 0.03125 0.0234375
0 0.33984375 0.0796875 0.0484375 0.028125
0 0.15703125 0.1125 0.04375 0.03125
0 0.09609375 0.14609375 0.0390625 0.040625
0 0.021875 0.17109375 0.0390625 0.0296875
0 0.22578125 0.1609375 0.040625 0.0375
0 0.29140625 0.190625 0.08125 0.0375
0 0.265625 0.17421875 0.028125 0.0234375
0 0.3390625 0.16796875 0.0265625 0.0203125
0 0.39375 0.128125 0.0390625 0.021875
0 0.40234375 0.10234375 0.0375 0.0296875
0 0.440625 0.159375 0.034375 0.0296875
0 0.3265625 0.11953125 0.03125 0.0265625
0 0.3671875 0.14296875 0.0375 0.0203125
0 0.32265625 0.046875 0.034375 0.0234375
0 0.2921875 0.05859375 0.04375 0.025
0 0.27421875 0.10859375 0.034375 0.0328125
0 0.14140625 0.15 0.03125 0.03125
0 0.17421875 0.19140625 0.034375 0.0265625
0 0.275 0.2296875 0.0421875 0.0296875
0 0.25078125 0.215625 0.034375 0.0265625
0 0.37421875 0.2265625 0.046875 0.0359375
0 0.43515625 0.225 0.040625 0.028125
0 0.3015625 0.29453125 0.04375 0.0265625
0 0.071875 0.24765625 0.059375 0.0328125
0 0.01875 0.25625 0.0375 0.03125
0 0.034375 0.3 0.0390625 0.0359375
0 0.1359375 0.33125 0.0546875 0.0296875
0 0.203125 0.34453125 0.046875 0.034375
0 0.259375 0.36640625 0.046875 0.034375
0 0.38984375 0.328125 0.028125 0.028125
0 0.4578125 0.303125 0.05 0.03125
0 0.49296875 0.2640625 0.03125 0.021875
0 0.4828125 0.2453125 0.028125 0.0265625
0 0.42890625 0.35859375 0.03125 0.0234375
0 0.4109375 0.3859375 0.034375 0.0265625
0 0.390625 0.40625 0.0328125 0.0234375
0 0.44375 0.440625 0.0390625 0.046875
0 0.58984375 0.425 0.0375 0.028125
0 0.45703125 0.41015625 0.025 0.025
0 0.209375 0.41953125 0.0390625 0.0421875
0 0.29296875 0.403125 0.028125 0.028125
0 0.2671875 0.4109375 0.0234375 0.021875
0 0.1546875 0.384375 0.0359375 0.025
0 0.12890625 0.42109375 0.0375 0.021875
0 0.01328125 0.48671875 0.0265625 0.03125
0 0.41953125 0.50703125 0.0375 0.0296875
0 0.309375 0.5109375 0.053125 0.0375
0 0.34296875 0.4875 0.0421875 0.025
0 0.3640625 0.45390625 0.034375 0.0359375
0 0.275 0.4859375 0.0359375 0.025
0 0.08359375 0.56484375 0.0375 0.028125
0 0.0453125 0.59375 0.04375 0.0390625
0 0.1296875 0.621875 0.04375 0.028125
0 0.31328125 0.62421875 0.053125 0.0390625
0 0.33046875 0.59609375 0.046875 0.028125
0 0.43203125 0.62421875 0.040625 0.03125
0 0.53359375 0.57734375 0.03125 0.0234375
0 0.51484375 0.63671875 0.0375 0.034375
0 0.03984375 0.63828125 0.0359375 0.03125
0 0.08671875 0.7484375 0.04375 0.034375
0 0.19453125 0.70546875 0.04375 0.034375
0 0.30390625 0.746875 0.0625 0.0421875
0 0.29765625 0.79296875 0.0421875 0.040625
0 0.17890625 0.73984375 0.04375 0.0359375
0 0.51328125 0.759375 0.0359375 0.0296875
0 0.30625 0.88984375 0.0484375 0.0359375
0 0.17421875 0.84375 0.040625 0.0328125
0 0.1078125 0.83203125 0.046875 0.03125
0 0.05625 0.87734375 0.059375 0.0375
0 0.21953125 0.8953125 0.046875 0.0359375
0 0.2375 0.9390625 0.0625 0.03125