0 0.5234375 0.56015625 0.0921875 0.1453125
0 0.57109375 0.77109375 0.0765625 0.103125
0 0.42578125 0.86015625 0.06875 0.1671875
0 0.425 0.665625 0.053125 0.10625
0 0.35625 0.5859375 0.0578125 0.0859375
0 0.434375 0.51953125 0.0609375 0.10625
0 0.43125 0.40234375 0.0546875 0.1078125
0 0.415625 0.23203125 0.0625 0.10625
0 0.37421875 0.30625 0.0625 0.0828125
0 0.50703125 0.27265625 0.1375 0.1203125
0 0.62578125 0.44921875 0.05625 0.1296875
0 0.7484375 0.39765625 0.053125 0.0828125
0 0.85625 0.34296875 0.0859375 0.109375
0 0.95234375 0.3140625 0.0421875 0.0671875
0 0.959375 0.65234375 0.075 0.2359375
0 0.20390625 0.92890625 0.034375 0.1078125
0 0.20234375 0.70625 0.0375 0.0859375
0 0.16640625 0.5140625 0.05 0.0796875
0 0.1703125 0.0765625 0.046875 0.0796875
0 0.434375 0.1015625 0.0421875 0.0796875
0 0.67109375 0.21328125 0.0625 0.084375
0 0.58125 0.17890625 0.0453125 0.0875
0 0.52265625 0.90859375 0.0328125 0.053125