0 0.48984375 0.4890625 0.05 0.071875
0 0.41953125 0.60859375 0.0390625 0.0546875
0 0.45078125 0.68203125 0.0546875 0.059375
0 0.35078125 0.559375 0.0390625 0.0546875
0 0.10859375 0.378125 0.046875 0.04375
0 0.03203125 0.3359375 0.04375 0.059375
0 0.01796875 0.06171875 0.0140625 0.025
0 0.04609375 0.0671875 0.0359375 0.0390625
0 0.0875 0.01796875 0.05 0.0359375
0 0.31171875 0.16171875 0.05 0.0609375
0 0.48046875 0.0859375 0.0453125 0.0640625
0 0.44375 0.253125 0.046875 0.0578125
0 0.79921875 0.22109375 0.0359375 0.0421875
0 0.79609375 0.3015625 0.040625 0.0609375
0 0.81484375 0.37421875 0.0296875 0.0390625
0 0.72265625 0.40703125 0.034375 0.0421875
0 0.7234375 0.4859375 0.0296875 0.0453125
0 0.57890625 0.4 0.0328125 0.0484375
0 0.615625 0.39765625 0.0296875 0.04375
0 0.61015625 0.2328125 0.0359375 0.0421875
0 0.6046875 0.33984375 0.03125 0.040625
0 0.534375 0.34375 0.028125 0.034375
0 0.44140625 0.34140625 0.0265625 0.040625
0 0.48203125 0.3171875 0.0296875 0.0421875
0 0.29921875 0.48828125 0.0234375 0.0390625
0 0.309375 0.44140625 0.025 0.040625
0 0.32109375 0.40625 0.021875 0.028125
0 0.33203125 0.37734375 0.03125 0.0375
0 0.35625 0.34140625 0.0328125 0.0390625
0 0.4140625 0.32578125 0.021875 0.0296875
0 0.371875 0.45703125 0.0296875 0.0375
0 0.38671875 0.4125 0.0296875 0.0390625
0 0.4390625 0.42890625 0.034375 0.040625
0 0.5265625 0.56484375 0.028125 0.0328125
0 0.5375 0.5234375 0.025 0.0390625
0 0.57109375 0.60390625 0.034375 0.046875
0 0.7234375 0.6484375 0.0359375 0.0421875
0 0.63125 0.71953125 0.028125 0.0453125
0 0.62109375 0.5390625 0.028125 0.034375
0 0.57265625 0.4640625 0.021875 0.034375
0 0.63046875 0.45390625 0.021875 0.03125
0 0.73046875 0.2 0.0390625 0.0453125
0 0.76015625 0.10546875 0.0359375 0.04375
0 0.68046875 0.03984375 0.0390625 0.04375
0 0.61796875 0.128125 0.0265625 0.040625
0 0.92265625 0.209375 0.0296875 0.046875
0 0.97109375 0.23203125 0.0359375 0.053125
0 0.975 0.2921875 0.028125 0.0421875
0 0.9359375 0.37890625 0.0390625 0.0484375
0 0.98984375 0.39921875 0.0203125 0.0671875
0 0.93203125 0.678125 0.01875 0.028125
0 0.96796875 0.646875 0.0328125 0.0421875
0 0.9890625 0.5796875 0.021875 0.0375
0 0.98203125 0.71953125 0.0328125 0.0453125
0 0.9453125 0.8453125 0.0265625 0.0484375
0 0.97109375 0.8203125 0.0296875 0.0484375
0 0.796875 0.8046875 0.015625 0.0375
0 0.85703125 0.7703125 0.03125 0.04375
0 0.815625 0.74140625 0.0265625 0.034375
0 0.6640625 0.84453125 0.0484375 0.046875
0 0.7046875 0.87890625 0.040625 0.040625
0 0.60859375 0.98046875 0.028125 0.03125
0 0.64375 0.94375 0.0328125 0.0375
0 0.52109375 0.79609375 0.0265625 0.0296875
0 0.4453125 0.771875 0.0359375 0.0359375
0 0.31640625 0.740625 0.021875 0.0421875
0 0.3703125 0.78515625 0.0375 0.0484375
0 0.36171875 0.74609375 0.0296875 0.0421875
0 0.39375 0.73671875 0.040625 0.03125
0 0.38046875 0.70078125 0.0296875 0.053125
0 0.0359375 0.9078125 0.046875 0.0625
0 0.11953125 0.89921875 0.0484375 0.053125
0 0.1 0.84296875 0.0328125 0.0359375
0 0.0328125 0.5703125 0.0421875 0.0625
0 0.1265625 0.66328125 0.046875 0.0625
0 0.24765625 0.58203125 0.0390625 0.053125
0 0.184375 0.61484375 0.0375 0.046875
0 0.1640625 0.74453125 0.03125 0.0453125
0 0.20625 0.71015625 0.0265625 0.0546875
0 0.17890625 0.79765625 0.025 0.03125
0 0.2109375 0.784375 0.03125 0.0390625
0 0.26640625 0.7796875 0.0296875 0.0421875
0 0.3140625 0.87890625 0.0296875 0.0453125
0 0.40546875 0.978125 0.0265625 0.04375
0 0.36875 0.88984375 0.0296875 0.0421875
0 0.41875 0.88671875 0.0265625 0.0421875
0 0.340625 0.85625 0.0265625 0.0390625
0 0.02578125 0.175 0.0203125 0.0296875
0 0.06171875 0.16796875 0.040625 0.0546875
0 0.01796875 0.28046875 0.0234375 0.03125
0 0.0453125 0.24609375 0.028125 0.0375
0 0.07734375 0.22421875 0.0296875 0.059375
0 0.1390625 0.2890625 0.0328125 0.0421875
0 0.084375 0.31640625 0.040625 0.040625
0 0.22109375 0.03359375 0.04375 0.0359375
0 0.16015625 0.046875 0.028125 0.0390625
0 0.17734375 0.1328125 0.034375 0.0453125
0 0.225 0.31484375 0.0453125 0.0390625
0 0.03203125 0.0171875 0.0203125 0.0234375
0 0.01875 0.13828125 0.0171875 0.034375
0 0.0265625 0.38984375 0.028125 0.0359375
0 0.06484375 0.42265625 0.0296875 0.040625
0 0.0109375 0.5 0.021875 0.053125
0 0.03984375 0.48359375 0.01875 0.028125
0 0.071875 0.490625 0.025 0.034375
0 0.1046875 0.4984375 0.028125 0.04375
0 0.071875 0.54765625 0.028125 0.0421875
0 0.0203125 0.66171875 0.021875 0.0296875
0 0.02578125 0.62109375 0.025 0.034375
0 0.015625 0.7234375 0.0203125 0.0234375
0 0.04453125 0.70390625 0.028125 0.04375
0 0.07421875 0.67421875 0.0265625 0.0296875
0 0.0921875 0.73515625 0.0171875 0.0234375
0 0.1171875 0.7625 0.0203125 0.025
0 0.09140625 0.9859375 0.0359375 0.028125
0 0.06875 0.9203125 0.0296875 0.0359375
0 0.15625 0.95 0.0234375 0.03125
0 0.2015625 0.871875 0.0203125 0.0328125
0 0.2828125 0.9765625 0.025 0.0390625
0 0.1609375 0.909375 0.025 0.0265625
0 0.1328125 0.5578125 0.0265625 0.03125
0 0.115625 0.43203125 0.0265625 0.0328125
0 0.1984375 0.4921875 0.0203125 0.034375
0 0.19453125 0.45234375 0.0203125 0.0234375
0 0.1765625 0.57734375 0.021875 0.0265625
0 0.18984375 0.5453125 0.0203125 0.03125
0 0.09921875 0.078125 0.025 0.0375
0 0.11953125 0.046875 0.025 0.034375
0 0.1359375 0.18359375 0.021875 0.0328125
0 0.20625 0.08125 0.01875 0.0296875
0 0.23046875 0.1546875 0.0203125 0.028125
0 0.22578125 0.12109375 0.0171875 0.028125
0 0.2234375 0.07890625 0.01875 0.0296875
0 0.284375 0.10390625 0.03125 0.0375
0 0.40625 0.12890625 0.0328125 0.0359375
0 0.328125 0.0953125 0.021875 0.0296875
0 0.3609375 0.065625 0.0296875 0.0328125
0 0.36875 0.19375 0.021875 0.0328125
0 0.3625 0.271875 0.034375 0.0375
0 0.32109375 0.26328125 0.0265625 0.0390625
0 0.2296875 0.2515625 0.0234375 0.0328125
0 0.3234375 0.2109375 0.028125 0.040625
0 0.23671875 0.2234375 0.0234375 0.0296875
0 0.321875 0.0296875 0.0234375 0.0390625
0 0.38046875 0.02265625 0.025 0.0375
0 0.425 0.05546875 0.0234375 0.03125
0 0.44765625 0.03359375 0.0265625 0.03125
0 0.35390625 0.984375 0.025 0.0265625
0 0.36171875 0.93515625 0.0265625 0.0328125
0 0.32421875 0.7875 0.0203125 0.0296875
0 0.484375 0.990625 0.01875 0.01875
0 0.51796875 0.98046875 0.028125 0.0390625
0 0.44375 0.85 0.0296875 0.0359375
0 0.43359375 0.81875 0.025 0.0296875
0 0.34609375 0.60625 0.0203125 0.028125
0 0.328125 0.68203125 0.0203125 0.03125
0 0.26953125 0.6734375 0.0265625 0.034375
0 0.025 0.98515625 0.028125 0.0296875
0 0.51796875 0.84921875 0.021875 0.034375
0 0.540625 0.85390625 0.01875 0.028125
0 0.5828125 0.84765625 0.0203125 0.0296875
0 0.6140625 0.85859375 0.0203125 0.0296875
0 0.6375 0.896875 0.021875 0.034375
0 0.59765625 0.91640625 0.0265625 0.034375
0 0.7546875 0.9078125 0.025 0.040625
0 0.7515625 0.9609375 0.0171875 0.0234375
0 0.76875 0.9484375 0.0234375 0.0359375
0 0.5734375 0.7015625 0.0234375 0.0265625
0 0.4484375 0.72265625 0.021875 0.025
0 0.48125 0.7296875 0.021875 0.0328125
0 0.52421875 0.625 0.0234375 0.03125
0 0.684375 0.76640625 0.0171875 0.028125
0 0.7109375 0.76328125 0.021875 0.028125
0 0.74765625 0.74765625 0.021875 0.0328125
0 0.6609375 0.7453125 0.0171875 0.021875
0 0.6796875 0.72890625 0.01875 0.0234375
0 0.70390625 0.728125 0.028125 0.028125
0 0.61953125 0.61640625 0.0265625 0.0265625
0 0.65703125 0.6125 0.0203125 0.0265625
0 0.6484375 0.5828125 0.01875 0.028125
0 0.66484375 0.46171875 0.0265625 0.046875
0 0.6796875 0.53203125 0.0234375 0.0359375
0 0.715625 0.54609375 0.015625 0.025
0 0.7390625 0.546875 0.03125 0.0390625
0 0.7125 0.59765625 0.021875 0.028125
0 0.78671875 0.571875 0.028125 0.034375
0 0.77734375 0.6171875 0.028125 0.0296875
0 0.784375 0.65625 0.0203125 0.0359375
0 0.78359375 0.72578125 0.01875 0.0359375
0 0.74453125 0.85234375 0.0234375 0.034375
0 0.72578125 0.8046875 0.0203125 0.0203125
0 0.8578125 0.65390625 0.0265625 0.040625
0 0.709375 0.95234375 0.0203125 0.0390625
0 0.8703125 0.98515625 0.025 0.0296875
0 0.9078125 0.95546875 0.03125 0.0328125
0 0.95390625 0.98515625 0.0234375 0.0296875
0 0.9421875 0.9109375 0.021875 0.0375
0 0.959375 0.934375 0.0140625 0.025
0 0.96015625 0.88359375 0.01875 0.025
0 0.90234375 0.821875 0.0328125 0.034375
0 0.90859375 0.74296875 0.021875 0.034375
0 0.93515625 0.75703125 0.021875 0.0265625
0 0.8625 0.7140625 0.021875 0.034375
0 0.9484375 0.7203125 0.03125 0.025
0 0.88203125 0.646875 0.021875 0.03125
0 0.8859375 0.60078125 0.01875 0.028125
0 0.83125 0.57890625 0.0203125 0.03125
0 0.83671875 0.53671875 0.025 0.040625
0 0.7921875 0.4921875 0.03125 0.046875
0 0.84140625 0.47578125 0.0296875 0.0375
0 0.834375 0.415625 0.0296875 0.0390625
0 0.94296875 0.540625 0.0265625 0.0390625
0 0.88515625 0.4984375 0.021875 0.03125
0 0.85234375 0.3609375 0.025 0.046875
0 0.8859375 0.37734375 0.025 0.0328125
0 0.8796875 0.33125 0.025 0.0359375
0 0.8859375 0.25703125 0.0265625 0.046875
0 0.9765625 0.01484375 0.046875 0.0296875
0 0.96015625 0.09921875 0.0296875 0.04375
0 0.875 0.05 0.0296875 0.0359375
0 0.7890625 0.0625 0.0359375 0.0421875
0 0.83984375 0.1375 0.028125 0.0421875
0 0.8859375 0.15234375 0.0234375 0.034375
0 0.66328125 0.20390625 0.0203125 0.028125
0 0.6625 0.16640625 0.028125 0.0359375
0 0.67109375 0.128125 0.025 0.034375
0 0.70859375 0.1203125 0.0296875 0.0375
0 0.5765625 0.15859375 0.0296875 0.0296875
0 0.63203125 0.02890625 0.021875 0.0328125
0 0.68671875 0.24296875 0.021875 0.0359375
0 0.753125 0.296875 0.03125 0.0484375
0 0.675 0.32265625 0.028125 0.046875
0 0.4875 0.26953125 0.028125 0.0453125