0 0.4046875 0.40234375 0.08125 0.1421875
0 0.3140625 0.56171875 0.0640625 0.1140625
0 0.0296875 0.45 0.059375 0.1609375
0 0.0234375 0.73359375 0.046875 0.1078125
0 0.06796875 0.8796875 0.0625 0.0859375
0 0.2484375 0.85546875 0.053125 0.0640625
0 0.4 0.92109375 0.0625 0.1203125
0 0.67109375 0.93984375 0.0921875 0.1203125
0 0.60625 0.89921875 0.0390625 0.0625
0 0.8234375 0.9375 0.0734375 0.065625
0 0.75078125 0.846875 0.0359375 0.034375
0 0.675 0.62421875 0.0734375 0.121875
0 0.61953125 0.52734375 0.078125 0.0484375
0 0.625 0.56484375 0.075 0.0734375
0 0.83984375 0.57734375 0.0484375 0.13125
0 0.8640625 0.38515625 0.084375 0.1171875
0 0.8890625 0.2671875 0.05 0.06875
0 0.79375 0.1 0.05 0.0546875
0 0.90390625 0.0703125 0.071875 0.1046875
0 0.653125 0.26875 0.0625 0.0828125
0 0.6421875 0.16015625 0.0671875 0.084375
0 0.42890625 0.1453125 0.06875 0.0625
0 0.3875 0.23046875 0.053125 0.059375
0 0.2953125 0.28046875 0.0359375 0.0546875
0 0.20703125 0.31015625 0.0703125 0.0625
0 0.03828125 0.1046875 0.0515625 0.1109375
0 0.4609375 0.61796875 0.0703125 0.1390625