0 0.4046875 0.59765625 0.08125 0.1421875
0 0.3140625 0.43828125 0.0640625 0.1140625
0 0.0296875 0.55 0.059375 0.1609375
0 0.0234375 0.26640625 0.046875 0.1078125
0 0.06796875 0.1203125 0.0625 0.0859375
0 0.2484375 0.14453125 0.053125 0.0640625
0 0.4 0.07890625 0.0625 0.1203125
0 0.67109375 0.06015625 0.0921875 0.1203125
0 0.60625 0.10078125 0.0390625 0.0625
0 0.8234375 0.0625 0.0734375 0.065625
0 0.75078125 0.153125 0.0359375 0.034375
0 0.675 0.37578125 0.0734375 0.121875
0 0.61953125 0.47265625 0.078125 0.0484375
0 0.625 0.43515625 0.075 0.0734375
0 0.83984375 0.42265625 0.0484375 0.13125
0 0.8640625 0.61484375 0.084375 0.1171875
0 0.8890625 0.7328125 0.05 0.06875
0 0.79375 0.9 0.05 0.0546875
0 0.90390625 0.9296875 0.071875 0.1046875
0 0.653125 0.73125 0.0625 0.0828125
0 0.6421875 0.83984375 0.0671875 0.084375
0 0.42890625 0.8546875 0.06875 0.0625
0 0.3875 0.76953125 0.053125 0.059375
0 0.2953125 0.71953125 0.0359375 0.0546875
0 0.20703125 0.68984375 0.0703125 0.0625
0 0.03828125 0.8953125 0.0515625 0.1109375
0 0.4609375 0.38203125 0.0703125 0.1390625