0 0.05 0.86328125 0.0171875 0.03125
0 0.05390625 0.9234375 0.0265625 0.0265625
0 0.01328125 0.82265625 0.01328125 0.0328125
0 0.0921875 0.81796875 0.0203125 0.03125
0 0.134375 0.6546875 0.01640625 0.02421875
0 0.2046875 0.696875 0.0140625 0.02578125
0 0.20234375 0.69453125 0.01875 0.0234375
0 0.225 0.73671875 0.02578125 0.0375
0 0.0609375 0.6671875 0.0125 0.0171875
0 0.07734375 0.72265625 0.01640625 0.028125
0 0.090625 0.73046875 0.01875 0.01875
0 0.15546875 0.83515625 0.01953125 0.02109375
0 0.17734375 0.8078125 0.0171875 0.01875
0 0.1234375 0.85078125 0.01328125 0.021875
0 0.17265625 0.8390625 0.0171875 0.0234375
0 0.21171875 0.8625 0.0234375 0.03359375
0 0.29375 0.65546875 0.0140625 0.025
0 0.33515625 0.671875 0.01796875 0.034375
0 0.3234375 0.7125 0.01875 0.01875
0 0.3640625 0.728125 0.0140625 0.02578125
0 0.39765625 0.7859375 0.01640625 0.02578125
0 0.66015625 0.9359375 0.040625 0.0546875
0 0.73046875 0.9140625 0.028125 0.04140625
0 0.56796875 0.7734375 0.0265625 0.03125
0 0.61015625 0.76171875 0.0171875 0.01328125
0 0.6578125 0.7625 0.01875 0.021875
0 0.56796875 0.778125 0.01796875 0.028125
0 0.60703125 0.79765625 0.01953125 0.02421875
0 0.66875 0.8171875 0.01875 0.02578125
0 0.67890625 0.83984375 0.01640625 0.01875
0 0.5421875 0.57734375 0.01875 0.0296875
0 0.5921875 0.634375 0.0234375 0.0296875
0 0.6609375 0.64296875 0.02265625 0.02890625
0 0.70859375 0.7875 0.01328125 0.021875
0 0.728125 0.784375 0.01171875 0.028125
0 0.7546875 0.84921875 0.01796875 0.03515625
0 0.321875 0.90859375 0.02109375 0.0328125
0 0.2578125 0.8078125 0.01796875 0.025
0 0.28203125 0.71875 0.01953125 0.03203125
0 0.296875 0.78828125 0.0125 0.0234375
0 0.38125 0.80703125 0.01484375 0.0171875
0 0.39765625 0.86015625 0.01953125 0.02890625
0 0.43984375 0.93828125 0.01875 0.02734375
0 0.45390625 0.9625 0.0171875 0.02109375
0 0.51015625 0.978125 0.0234375 0.0375
0 0.27734375 0.45859375 0.0171875 0.0234375
0 0.29296875 0.5078125 0.01953125 0.03125
0 0.1734375 0.58203125 0.0203125 0.0328125
0 0.225 0.60625 0.01796875 0.02265625
0 0.2453125 0.53203125 0.0125 0.02265625
0 0.25078125 0.5953125 0.01875 0.02578125
0 0.39765625 0.628125 0.01640625 0.02265625
0 0.38828125 0.65703125 0.01640625 0.01953125
0 0.41640625 0.68671875 0.01875 0.02890625
0 0.44453125 0.41484375 0.0234375 0.040625
0 0.3609375 0.4015625 0.02890625 0.03203125
0 0.378125 0.446875 0.01796875 0.0234375
0 0.35625 0.52421875 0.0171875 0.028125
0 0.428125 0.49140625 0.01875 0.02109375
0 0.47421875 0.696875 0.01953125 0.03125
0 0.415625 0.57890625 0.01796875 0.04296875
0 0.484375 0.625 0.02578125 0.03203125
0 0.57734375 0.55859375 0.02109375 0.03125
0 0.6296875 0.55078125 0.021875 0.02578125
0 0.5890625 0.46875 0.0125 0.01875
0 0.45234375 0.50859375 0.0140625 0.01796875
0 0.48671875 0.50625 0.01171875 0.01953125
0 0.546875 0.815625 0.00703125 0.01953125
0 0.81328125 0.79765625 0.0140625 0.02421875
0 0.7140625 0.58515625 0.0203125 0.0203125
0 0.740625 0.63046875 0.02265625 0.03046875
0 0.78515625 0.7 0.01875 0.025
0 0.7328125 0.71171875 0.01875 0.0203125
0 0.71015625 0.4984375 0.02421875 0.0296875
0 0.76171875 0.55234375 0.0203125 0.02890625
0 0.4421875 0.5390625 0.015625 0.0171875
0 0.171875 0.9 0.0171875 0.02578125
0 0.23984375 0.94296875 0.0203125 0.03046875
0 0.59765625 0.884375 0.0265625 0.034375
0 0.41484375 0.74296875 0.01796875 0.01171875
0 0.16640625 0.6234375 0.01328125 0.01953125
0 0.8640625 0.67578125 0.0296875 0.02890625
0 0.92734375 0.6640625 0.0265625 0.03125
0 0.83359375 0.921875 0.0203125 0.0234375
0 0.8375 0.8078125 0.0140625 0.01875
0 0.92734375 0.88203125 0.04140625 0.03828125
0 0.95859375 0.79453125 0.028125 0.0328125
0 0.26796875 0.28125 0.02421875 0.025
0 0.27890625 0.3328125 0.021875 0.0265625
0 0.50859375 0.375 0.021875 0.03125
0 0.5078125 0.3765625 0.025 0.02890625
0 0.47421875 0.39765625 0.01953125 0.02421875
0 0.6078125 0.4359375 0.02109375 0.0265625