0 0.45546875 0.08984375 0.3203125 0.1796875
0 0.33046875 0.28984375 0.23125 0.175
0 0.31953125 0.575 0.228125 0.21875
0 0.29375 0.82421875 0.19375 0.175
0 0.703125 0.60390625 0.21875 0.1515625
0 0.653125 0.840625 0.1609375 0.1375
0 0.48828125 0.709375 0.1203125 0.0953125
0 0.496875 0.521875 0.1515625 0.1296875
0 0.7484375 0.7546875 0.1390625 0.0953125
0 0.89375 0.7734375 0.103125 0.0765625
0 0.87578125 0.7 0.115625 0.0953125
0 0.909375 0.3828125 0.1578125 0.115625
0 0.6953125 0.45078125 0.190625 0.140625
0 0.6671875 0.309375 0.1765625 0.1453125
0 0.86953125 0.1984375 0.109375 0.0921875
0 0.96171875 0.20859375 0.0765625 0.115625
0 0.75390625 0.15703125 0.1078125 0.1
0 0.8375 0.1015625 0.1140625 0.0890625
0 0.915625 0.0375 0.16875 0.075
0 0.740625 0.05234375 0.1125 0.078125
0 0.14296875 0.21171875 0.1625 0.1375
0 0.075 0.334375 0.1140625 0.1
0 0.1125 0.5015625 0.1359375 0.1
0 0.16796875 0.42890625 0.1375 0.1078125
0 0.12421875 0.79140625 0.128125 0.1
0 0.85 0.915625 0.065625 0.071875
0 0.95859375 0.93984375 0.0828125 0.06875
0 0.56171875 0.95546875 0.1375 0.0890625
0 0.48671875 0.865625 0.08125 0.0734375