0 0.5234375 0.52890625 0.1359375 0.215625
0 0.3859375 0.1109375 0.1 0.1296875
0 0.23515625 0.34296875 0.16875 0.2390625
0 0.16953125 0.23125 0.0625 0.0984375
0 0.09375 0.32109375 0.06875 0.0921875
0 0.49609375 0.0390625 0.053125 0.078125
0 0.7765625 0.496875 0.103125 0.18125
0 0.86171875 0.51796875 0.08125 0.14375
0 0.94296875 0.87421875 0.1140625 0.1359375
0 0.74609375 0.884375 0.1671875 0.1390625
0 0.49765625 0.96015625 0.0859375 0.0796875
0 0.3484375 0.97265625 0.075 0.0546875
0 0.16484375 0.94140625 0.1609375 0.1171875
0 0.02265625 0.5828125 0.0453125 0.11875
0 0.78828125 0.6921875 0.0375 0.0625