0 0.4765625 0.52890625 0.1359375 0.215625
0 0.6140625 0.1109375 0.1 0.1296875
0 0.76484375 0.34296875 0.16875 0.2390625
0 0.83046875 0.23125 0.0625 0.0984375
0 0.90625 0.32109375 0.06875 0.0921875
0 0.50390625 0.0390625 0.053125 0.078125
0 0.2234375 0.496875 0.103125 0.18125
0 0.13828125 0.51796875 0.08125 0.14375
0 0.05703125 0.87421875 0.1140625 0.1359375
0 0.25390625 0.884375 0.1671875 0.1390625
0 0.50234375 0.96015625 0.0859375 0.0796875
0 0.6515625 0.97265625 0.075 0.0546875
0 0.83515625 0.94140625 0.1609375 0.1171875
0 0.97734375 0.5828125 0.0453125 0.11875
0 0.21171875 0.6921875 0.0375 0.0625