0 0.4765625 0.47109375 0.1359375 0.215625
0 0.6140625 0.8890625 0.1 0.1296875
0 0.76484375 0.65703125 0.16875 0.2390625
0 0.83046875 0.76875 0.0625 0.0984375
0 0.90625 0.67890625 0.06875 0.0921875
0 0.50390625 0.9609375 0.053125 0.078125
0 0.2234375 0.503125 0.103125 0.18125
0 0.13828125 0.48203125 0.08125 0.14375
0 0.05703125 0.12578125 0.1140625 0.1359375
0 0.25390625 0.115625 0.1671875 0.1390625
0 0.50234375 0.03984375 0.0859375 0.0796875
0 0.6515625 0.02734375 0.075 0.0546875
0 0.83515625 0.05859375 0.1609375 0.1171875
0 0.97734375 0.4171875 0.0453125 0.11875
0 0.21171875 0.3078125 0.0375 0.0625