0 0.04296875 0.15546875 0.0453125 0.0703125
0 0.01640625 0.06875 0.0328125 0.0609375
0 0.115625 0.11171875 0.034375 0.0671875
0 0.15078125 0.121875 0.0390625 0.0453125
0 0.36328125 0.3234375 0.053125 0.0609375
0 0.1515625 0.39296875 0.0515625 0.08125
0 0.51796875 0.26015625 0.0421875 0.0578125
0 0.34765625 0.121875 0.046875 0.0484375
0 0.2359375 0.1203125 0.0390625 0.05625
0 0.184375 0.140625 0.0296875 0.0546875
0 0.06953125 0.20703125 0.0375 0.071875
0 0.53515625 0.1171875 0.0390625 0.05625
0 0.61171875 0.0296875 0.0640625 0.059375
0 0.6359375 0.09921875 0.0421875 0.05
0 0.66640625 0.23125 0.040625 0.0625
0 0.64765625 0.42734375 0.0609375 0.0515625
0 0.70546875 0.7390625 0.0421875 0.078125
0 0.553125 0.74609375 0.046875 0.06875
0 0.81953125 0.81796875 0.0421875 0.0796875
0 0.81640625 0.52890625 0.0296875 0.0546875
0 0.7765625 0.4421875 0.04375 0.0640625
0 0.7703125 0.50078125 0.0578125 0.059375
0 0.7125 0.47890625 0.0328125 0.0578125
0 0.7984375 0.3796875 0.0453125 0.0515625
0 0.76328125 0.2421875 0.059375 0.1078125
0 0.803125 0.24375 0.0375 0.0671875
0 0.784375 0.109375 0.0359375 0.0546875
0 0.77890625 0.1546875 0.034375 0.071875
0 0.81484375 0.04375 0.053125 0.0734375
0 0.81484375 0.1078125 0.0296875 0.04375
0 0.709375 0.07578125 0.0546875 0.0640625
0 0.8734375 0.040625 0.046875 0.059375
0 0.890625 0.33671875 0.028125 0.0640625
0 0.94296875 0.33828125 0.0375 0.0578125
0 0.809375 0.63671875 0.05625 0.0578125
0 0.715625 0.6546875 0.046875 0.0828125
0 0.65234375 0.671875 0.034375 0.06875
0 0.66328125 0.74609375 0.0375 0.0546875
0 0.65546875 0.56875 0.03125 0.0453125
0 0.97890625 0.41640625 0.0375 0.046875
0 0.9453125 0.6015625 0.0296875 0.0578125
0 0.63671875 0.3453125 0.04375 0.0546875
0 0.63203125 0.2609375 0.0375 0.0671875
0 0.4578125 0.3375 0.034375 0.0546875
0 0.1671875 0.22421875 0.065625 0.059375
0 0.334375 0.2484375 0.0375 0.0515625
0 0.38828125 0.24375 0.0421875 0.0546875
0 0.1484375 0.75390625 0.05625 0.1109375
0 0.390625 0.54296875 0.0546875 0.0625
0 0.2890625 0.35078125 0.05 0.0546875
0 0.44453125 0.0578125 0.0328125 0.059375
0 0.490625 0.0484375 0.025 0.046875
0 0.4046875 0.17734375 0.040625 0.0671875
0 0.459375 0.2125 0.0296875 0.05625
0 0.57890625 0.19296875 0.0359375 0.0546875
0 0.54296875 0.22109375 0.046875 0.0734375
0 0.64453125 0.146875 0.0265625 0.0578125
0 0.5390625 0.3203125 0.0296875 0.071875
0 0.98203125 0.19453125 0.0203125 0.0578125
0 0.88046875 0.16484375 0.0375 0.0421875
0 0.83046875 0.22109375 0.0390625 0.0640625
0 0.6 0.6203125 0.0203125 0.0609375
0 0.5375 0.53671875 0.0359375 0.053125
0 0.4578125 0.69296875 0.034375 0.075
0 0.4125 0.61328125 0.0578125 0.0609375
0 0.34609375 0.71171875 0.0453125 0.0671875
0 0.1328125 0.85078125 0.0328125 0.0640625
0 0.4828125 0.96640625 0.059375 0.0671875
0 0.078125 0.36796875 0.05 0.0703125
0 0.03515625 0.36875 0.028125 0.0515625
0 0.06484375 0.04453125 0.0203125 0.0359375
0 0.1546875 0.07265625 0.025 0.0328125
0 0.15859375 0.0296875 0.0234375 0.0265625
0 0.18984375 0.0828125 0.0203125 0.0328125
0 0.27890625 0.15546875 0.01875 0.028125
0 0.2921875 0.1296875 0.015625 0.028125
0 0.3140625 0.09296875 0.0171875 0.028125
0 0.34609375 0.02421875 0.028125 0.0375
0 0.49375 0.09765625 0.021875 0.0421875
0 0.5484375 0.06328125 0.01875 0.0296875
0 0.65703125 0.028125 0.0234375 0.0421875
0 0.7453125 0.0234375 0.01875 0.025
0 0.7578125 0.01484375 0.01875 0.028125
0 0.7765625 0.01328125 0.0125 0.0265625
0 0.74609375 0.09921875 0.015625 0.0203125
0 0.75703125 0.12421875 0.021875 0.03125
0 0.70390625 0.35546875 0.0265625 0.04375
0 0.68203125 0.30546875 0.028125 0.03125
0 0.65546875 0.296875 0.01875 0.0359375
0 0.7546875 0.34140625 0.01875 0.0328125
0 0.6609375 0.9015625 0.028125 0.03125
0 0.628125 0.9375 0.034375 0.0359375
0 0.7203125 0.84140625 0.0390625 0.03125
0 0.8328125 0.7375 0.025 0.034375
0 0.8671875 0.7546875 0.0328125 0.0359375
0 0.93828125 0.74609375 0.0328125 0.0390625
0 0.9 0.74921875 0.021875 0.0359375
0 0.84140625 0.53359375 0.0140625 0.04375
0 0.8625 0.5421875 0.0296875 0.0484375
0 0.828125 0.56328125 0.021875 0.0359375
0 0.81640625 0.4609375 0.025 0.0421875
0 0.8609375 0.36953125 0.028125 0.0265625
0 0.8390625 0.33359375 0.01875 0.0390625
0 0.80625 0.315625 0.0203125 0.0359375
0 0.8625 0.25546875 0.0203125 0.0328125
0 0.86171875 0.21015625 0.021875 0.03125
0 0.90859375 0.22734375 0.0203125 0.0390625