0 0.04296875 0.84453125 0.0453125 0.0703125
0 0.01640625 0.93125 0.0328125 0.0609375
0 0.115625 0.88828125 0.034375 0.0671875
0 0.15078125 0.878125 0.0390625 0.0453125
0 0.36328125 0.6765625 0.053125 0.0609375
0 0.1515625 0.60703125 0.0515625 0.08125
0 0.51796875 0.73984375 0.0421875 0.0578125
0 0.34765625 0.878125 0.046875 0.0484375
0 0.2359375 0.8796875 0.0390625 0.05625
0 0.184375 0.859375 0.0296875 0.0546875
0 0.06953125 0.79296875 0.0375 0.071875
0 0.53515625 0.8828125 0.0390625 0.05625
0 0.61171875 0.9703125 0.0640625 0.059375
0 0.6359375 0.90078125 0.0421875 0.05
0 0.66640625 0.76875 0.040625 0.0625
0 0.64765625 0.57265625 0.0609375 0.0515625
0 0.70546875 0.2609375 0.0421875 0.078125
0 0.553125 0.25390625 0.046875 0.06875
0 0.81953125 0.18203125 0.0421875 0.0796875
0 0.81640625 0.47109375 0.0296875 0.0546875
0 0.7765625 0.5578125 0.04375 0.0640625
0 0.7703125 0.49921875 0.0578125 0.059375
0 0.7125 0.52109375 0.0328125 0.0578125
0 0.7984375 0.6203125 0.0453125 0.0515625
0 0.76328125 0.7578125 0.059375 0.1078125
0 0.803125 0.75625 0.0375 0.0671875
0 0.784375 0.890625 0.0359375 0.0546875
0 0.77890625 0.8453125 0.034375 0.071875
0 0.81484375 0.95625 0.053125 0.0734375
0 0.81484375 0.8921875 0.0296875 0.04375
0 0.709375 0.92421875 0.0546875 0.0640625
0 0.8734375 0.959375 0.046875 0.059375
0 0.890625 0.66328125 0.028125 0.0640625
0 0.94296875 0.66171875 0.0375 0.0578125
0 0.809375 0.36328125 0.05625 0.0578125
0 0.715625 0.3453125 0.046875 0.0828125
0 0.65234375 0.328125 0.034375 0.06875
0 0.66328125 0.25390625 0.0375 0.0546875
0 0.65546875 0.43125 0.03125 0.0453125
0 0.97890625 0.58359375 0.0375 0.046875
0 0.9453125 0.3984375 0.0296875 0.0578125
0 0.63671875 0.6546875 0.04375 0.0546875
0 0.63203125 0.7390625 0.0375 0.0671875
0 0.4578125 0.6625 0.034375 0.0546875
0 0.1671875 0.77578125 0.065625 0.059375
0 0.334375 0.7515625 0.0375 0.0515625
0 0.38828125 0.75625 0.0421875 0.0546875
0 0.1484375 0.24609375 0.05625 0.1109375
0 0.390625 0.45703125 0.0546875 0.0625
0 0.2890625 0.64921875 0.05 0.0546875
0 0.44453125 0.9421875 0.0328125 0.059375
0 0.490625 0.9515625 0.025 0.046875
0 0.4046875 0.82265625 0.040625 0.0671875
0 0.459375 0.7875 0.0296875 0.05625
0 0.57890625 0.80703125 0.0359375 0.0546875
0 0.54296875 0.77890625 0.046875 0.0734375
0 0.64453125 0.853125 0.0265625 0.0578125
0 0.5390625 0.6796875 0.0296875 0.071875
0 0.98203125 0.80546875 0.0203125 0.0578125
0 0.88046875 0.83515625 0.0375 0.0421875
0 0.83046875 0.77890625 0.0390625 0.0640625
0 0.6 0.3796875 0.0203125 0.0609375
0 0.5375 0.46328125 0.0359375 0.053125
0 0.4578125 0.30703125 0.034375 0.075
0 0.4125 0.38671875 0.0578125 0.0609375
0 0.34609375 0.28828125 0.0453125 0.0671875
0 0.1328125 0.14921875 0.0328125 0.0640625
0 0.4828125 0.03359375 0.059375 0.0671875
0 0.078125 0.63203125 0.05 0.0703125
0 0.03515625 0.63125 0.028125 0.0515625
0 0.06484375 0.95546875 0.0203125 0.0359375
0 0.1546875 0.92734375 0.025 0.0328125
0 0.15859375 0.9703125 0.0234375 0.0265625
0 0.18984375 0.9171875 0.0203125 0.0328125
0 0.27890625 0.84453125 0.01875 0.028125
0 0.2921875 0.8703125 0.015625 0.028125
0 0.3140625 0.90703125 0.0171875 0.028125
0 0.34609375 0.97578125 0.028125 0.0375
0 0.49375 0.90234375 0.021875 0.0421875
0 0.5484375 0.93671875 0.01875 0.0296875
0 0.65703125 0.971875 0.0234375 0.0421875
0 0.7453125 0.9765625 0.01875 0.025
0 0.7578125 0.98515625 0.01875 0.028125
0 0.7765625 0.98671875 0.0125 0.0265625
0 0.74609375 0.90078125 0.015625 0.0203125
0 0.75703125 0.87578125 0.021875 0.03125
0 0.70390625 0.64453125 0.0265625 0.04375
0 0.68203125 0.69453125 0.028125 0.03125
0 0.65546875 0.703125 0.01875 0.0359375
0 0.7546875 0.65859375 0.01875 0.0328125
0 0.6609375 0.0984375 0.028125 0.03125
0 0.628125 0.0625 0.034375 0.0359375
0 0.7203125 0.15859375 0.0390625 0.03125
0 0.8328125 0.2625 0.025 0.034375
0 0.8671875 0.2453125 0.0328125 0.0359375
0 0.93828125 0.25390625 0.0328125 0.0390625
0 0.9 0.25078125 0.021875 0.0359375
0 0.84140625 0.46640625 0.0140625 0.04375
0 0.8625 0.4578125 0.0296875 0.0484375
0 0.828125 0.43671875 0.021875 0.0359375
0 0.81640625 0.5390625 0.025 0.0421875
0 0.8609375 0.63046875 0.028125 0.0265625
0 0.8390625 0.66640625 0.01875 0.0390625
0 0.80625 0.684375 0.0203125 0.0359375
0 0.8625 0.74453125 0.0203125 0.0328125
0 0.86171875 0.78984375 0.021875 0.03125
0 0.90859375 0.77265625 0.0203125 0.0390625