0 0.40390625 0.5859375 0.0671875 0.1875
0 0.47890625 0.50625 0.0375 0.05625
0 0.50546875 0.48359375 0.0625 0.121875
0 0.4578125 0.475 0.0484375 0.0953125
0 0.4703125 0.4234375 0.0390625 0.06875
0 0.465625 0.6625 0.034375 0.0671875
0 0.47421875 0.60390625 0.0375 0.0765625
0 0.4609375 0.9515625 0.071875 0.096875
0 0.2828125 0.91640625 0.059375 0.071875
0 0.3328125 0.93359375 0.0421875 0.071875
0 0.08984375 0.0546875 0.05 0.071875
0 0.184375 0.13046875 0.025 0.0625
0 0.0640625 0.27890625 0.028125 0.053125
0 0.0859375 0.2171875 0.0453125 0.0625
0 0.071875 0.16640625 0.0265625 0.053125
0 0.10390625 0.12421875 0.0453125 0.053125
0 0.01796875 0.16796875 0.0265625 0.0359375
0 0.2703125 0.33125 0.046875 0.059375
0 0.228125 0.34375 0.0359375 0.0546875
0 0.15703125 0.3046875 0.046875 0.0578125
0 0.271875 0.16328125 0.0296875 0.0578125
0 0.209375 0.24921875 0.0328125 0.046875
0 0.2484375 0.2390625 0.0359375 0.05625
0 0.271875 0.25546875 0.03125 0.053125
0 0.4296875 0.27578125 0.0453125 0.084375
0 0.38125 0.22265625 0.0296875 0.059375
0 0.40546875 0.2109375 0.040625 0.05
0 0.3609375 0.065625 0.0703125 0.0515625
0 0.38125 0.1734375 0.0359375 0.0640625
0 0.5140625 0.225 0.034375 0.0578125
0 0.4859375 0.19296875 0.0359375 0.06875
0 0.4546875 0.175 0.0296875 0.0484375
0 0.446875 0.1375 0.034375 0.0578125
0 0.55703125 0.08515625 0.046875 0.0875
0 0.55546875 0.21640625 0.0515625 0.0875
0 0.57578125 0.14375 0.04375 0.084375
0 0.6015625 0.190625 0.0609375 0.0671875
0 0.63828125 0.19765625 0.0578125 0.0828125
0 0.7859375 0.2171875 0.059375 0.096875
0 0.7484375 0.07578125 0.071875 0.0890625
0 0.62421875 0.29765625 0.046875 0.0984375
0 0.77109375 0.35546875 0.0484375 0.0796875
0 0.82109375 0.371875 0.05625 0.0703125
0 0.90078125 0.3546875 0.0671875 0.0796875
0 0.7609375 0.56640625 0.053125 0.0625
0 0.76953125 0.51015625 0.040625 0.0890625
0 0.80859375 0.51640625 0.0375 0.0859375
0 0.673828125 0.5438753968750001 0.673828125 0.51455596875 0.66796875 0.5057601390625 0.66015625 0.4793726546875 0.662109375 0.464712940625 0.66015625 0.4471212828125 0.6494140625 0.413403940625 0.6484375 0.43539351093749995 0.654296875 0.4500532265625 0.650390625 0.46764488281250005 0.654296875 0.4793726546875 0.65234375 0.49403236875 0.662109375 0.5292156828125 0.662109375 0.5438753968750001 0.6484375 0.5614670546875 0.642578125 0.581990653125 0.65234375 0.6201059109375 0.65234375 0.6464933953124999 0.6591796875 0.6567551968750001 0.6689453125 0.6538232546875 0.671875 0.6582211671875 0.6728515625 0.6802107390625001 0.685546875 0.6787447671875 0.67578125 0.6494253390625 0.666015625 0.6406295109375 0.6640625 0.623037853125 0.658203125 0.61131008125 0.65625 0.5878545390625 0.673828125 0.564398996875 0.677734375 0.5497392828125001 0.673828125 0.5438753968750001
0 0.6591796875 0.6567551968750001 0.67578125 0.655289225 0.67578125 0.6494253390625 0.6640625 0.634765625 0.658203125 0.5995823109375 0.6533203125 0.592252453125 0.6484375 0.5995823109375 0.65234375 0.6201059109375 0.65234375 0.6494253390625 0.6591796875 0.6567551968750001
0 0.69921875 0.58984375 0.0390625 0.0890625
0 0.57109375 0.53984375 0.034375 0.0625
0 0.5421875 0.41015625 0.0515625 0.1046875
0 0.53359375 0.7015625 0.046875 0.090625
0 0.953125 0.92265625 0.0390625 0.0984375
0 0.15625 0.96015625 0.075 0.0796875
0 0.03984375 0.771875 0.0609375 0.0640625
0 0.021875 0.67578125 0.04375 0.0515625
0 0.103125 0.76953125 0.04375 0.053125
0 0.6240234375 0.36062897031249996 0.6416015625 0.36649285468750004 0.6484375 0.385550484375 0.6484375 0.40607408281249996 0.6318359375 0.4192678265625 0.630859375 0.426597684375 0.6357421875 0.43392754062499994 0.654296875 0.44125739687500004 0.65234375 0.41780185468750003 0.66015625 0.40900602656249996 0.65625 0.3679588265625 0.6376953125 0.3430373125 0.6220703125 0.3371734265625 0.619140625 0.341571340625 0.619140625 0.3532991125 0.6240234375 0.36062897031249996
0 0.673828125 0.564398996875 0.677734375 0.552671225 0.6748046875 0.54534136875 0.6650390625 0.542409425 0.6484375 0.5614670546875 0.642578125 0.581990653125 0.650390625 0.5937184249999999 0.673828125 0.564398996875
0 0.9265625 0.68125 0.0390625 0.0703125
0 0.7890625 0.6640625 0.034375 0.0671875
0 0.79453125 0.73671875 0.0546875 0.059375
0 0.18671875 0.6671875 0.015625 0.04375
0 0.2125 0.653125 0.034375 0.0734375
0 0.3109375 0.5859375 0.046875 0.075
0 0.25 0.53203125 0.0625 0.09375
0 0.20390625 0.56171875 0.0484375 0.0953125
0 0.15546875 0.50078125 0.0453125 0.078125
0 0.1234375 0.63046875 0.0171875 0.040625
0 0.2640625 0.740625 0.0453125 0.05
0 0.2203125 0.80703125 0.040625 0.0671875
0 0.13671875 0.8484375 0.0375 0.071875
0 0.04296875 0.86484375 0.03125 0.0546875
0 0.0953125 0.93828125 0.0296875 0.0625
0 0.128125 0.921875 0.0296875 0.059375
0 0.0375 0.97421875 0.0328125 0.0515625
0 0.06640625 0.71953125 0.0203125 0.0359375
0 0.09140625 0.6890625 0.0203125 0.0390625
0 0.03671875 0.72890625 0.028125 0.0359375
0 0.05546875 0.63203125 0.0203125 0.040625
0 0.0265625 0.62734375 0.0265625 0.0328125
0 0.0234375 0.59453125 0.01875 0.028125
0 0.0453125 0.5984375 0.015625 0.028125
0 0.06875 0.5984375 0.015625 0.028125
0 0.00859375 0.54453125 0.0171875 0.0296875
0 0.0265625 0.5125 0.025 0.034375
0 0.03828125 0.38359375 0.0171875 0.0359375
0 0.01484375 0.4421875 0.0203125 0.0265625
0 0.0859375 0.403125 0.0171875 0.0375
0 0.09609375 0.57890625 0.028125 0.0359375
0 0.103125 0.5171875 0.0203125 0.040625
0 0.078125 0.49296875 0.0234375 0.0328125
0 0.05859375 0.37734375 0.0203125 0.03125
0 0.10546875 0.4546875 0.0203125 0.0359375
0 0.11875 0.43515625 0.0171875 0.0328125
0 0.05546875 0.46640625 0.01875 0.0375
0 0.07265625 0.459375 0.0203125 0.0390625
0 0.02265625 0.02734375 0.0453125 0.053125
0 0.02421875 0.065625 0.0296875 0.04375
0 0.14921875 0.02265625 0.04375 0.0453125
0 0.2640625 0.38671875 0.0390625 0.0484375
0 0.334375 0.4015625 0.0390625 0.0375
0 0.30078125 0.4359375 0.0234375 0.0328125
0 0.25859375 0.44921875 0.0203125 0.034375
0 0.23984375 0.43359375 0.0171875 0.040625
0 0.19453125 0.4359375 0.0171875 0.0296875
0 0.19453125 0.371875 0.0234375 0.0375
0 0.24296875 0.0890625 0.01875 0.0296875
0 0.31484375 0.025 0.0234375 0.0359375
0 0.29609375 0.503125 0.0203125 0.0359375
0 0.18046875 0.73046875 0.0390625 0.05
0 0.1421875 0.72265625 0.0359375 0.0625
0 0.13828125 0.7765625 0.0265625 0.0578125
0 0.165625 0.79453125 0.021875 0.0625
0 0.2578125 0.79140625 0.03125 0.05
0 0.2140625 0.71484375 0.021875 0.046875
0 0.24609375 0.690625 0.028125 0.0390625
0 0.25078125 0.63359375 0.0328125 0.059375
0 0.30390625 0.83828125 0.0296875 0.0484375
0 0.35859375 0.85859375 0.03125 0.0515625
0 0.3765625 0.90703125 0.03125 0.0390625
0 0.3671875 0.81953125 0.0328125 0.04375
0 0.33359375 0.803125 0.0234375 0.04375
0 0.3234375 0.7625 0.0234375 0.0421875
0 0.3 0.78359375 0.0296875 0.05625
0 0.3546875 0.76484375 0.025 0.0375
0 0.35 0.7125 0.025 0.059375
0 0.3890625 0.73046875 0.0265625 0.0515625
0 0.371875 0.68125 0.0296875 0.0703125
0 0.31015625 0.6828125 0.025 0.0421875
0 0.28515625 0.62734375 0.025 0.0609375
0 0.5171875 0.84140625 0.0421875 0.0484375
0 0.55390625 0.9703125 0.040625 0.0390625
0 0.47109375 0.7390625 0.025 0.046875
0 0.59296875 0.0203125 0.0328125 0.040625
0 0.68125 0.1109375 0.028125 0.04375
0 0.7171875 0.13984375 0.0265625 0.0609375
0 0.68125 0.246875 0.03125 0.04375
0 0.72734375 0.2203125 0.0296875 0.05625
0 0.70390625 0.34375 0.0328125 0.059375
0 0.6953125 0.39375 0.0484375 0.0390625
0 0.9125 0.64453125 0.0296875 0.046875
0 0.98984375 0.4765625 0.0203125 0.0390625
0 0.85703125 0.21953125 0.03125 0.090625
0 0.88984375 0.20625 0.025 0.059375
0 0.9609375 0.24609375 0.0453125 0.0578125
0 0.946875 0.19140625 0.03125 0.0578125
0 0.97890625 0.17421875 0.0328125 0.071875
0 0.94609375 0.02578125 0.0375 0.0515625
0 0.88515625 0.08203125 0.0328125 0.0640625
0 0.846875 0.13203125 0.034375 0.0578125
0 0.59765625 0.58125 0.015625 0.04375
0 0.61640625 0.6109375 0.0203125 0.0296875
0 0.6109375 0.6359375 0.015625 0.0234375
0 0.6296875 0.65390625 0.01875 0.025
0 0.5953125 0.6640625 0.0203125 0.0375
0 0.559375 0.65234375 0.0234375 0.0265625
0 0.53828125 0.62578125 0.0234375 0.040625
0 0.50625 0.60390625 0.0203125 0.0359375
0 0.50859375 0.6375 0.01875 0.028125
0 0.5015625 0.69609375 0.0296875 0.0296875
0 0.5046875 0.89921875 0.0203125 0.034375
0 0.7 0.71171875 0.0234375 0.0359375
0 0.62421875 0.7109375 0.015625 0.03125
0 0.75703125 0.61953125 0.01875 0.0234375
0 0.7875 0.80390625 0.0171875 0.0390625
0 0.8890625 0.68984375 0.01875 0.0359375
0 0.86875 0.6453125 0.0109375 0.0296875
0 0.85390625 0.61875 0.01875 0.0375
0 0.93203125 0.45703125 0.0265625 0.0203125
0 0.89921875 0.40859375 0.0234375 0.03125
0 0.92421875 0.38515625 0.025 0.0421875
0 0.9546875 0.3296875 0.01875 0.028125
0 0.96328125 0.36484375 0.0125 0.0234375
0 0.95234375 0.3515625 0.0125 0.021875
0 0.89765625 0.43671875 0.0140625 0.0234375
0 0.89765625 0.5 0.0171875 0.025
0 0.903125 0.4828125 0.0140625 0.0234375
0 0.9171875 0.54140625 0.0171875 0.0203125
0 0.90234375 0.56171875 0.021875 0.0265625
0 0.96328125 0.565625 0.0140625 0.028125
0 0.93984375 0.60703125 0.015625 0.0265625
0 0.9734375 0.6171875 0.0140625 0.021875
0 0.95546875 0.64140625 0.0140625 0.0234375
0 0.9421875 0.30234375 0.0171875 0.0359375
0 0.95546875 0.27734375 0.01875 0.025
0 0.871875 0.28984375 0.0234375 0.040625
0 0.97890625 0.334375 0.0109375 0.0234375
0 0.990625 0.27890625 0.0125 0.0203125
0 0.9421875 0.4203125 0.0125 0.021875
0 0.94296875 0.4015625 0.0109375 0.0171875
0 0.94609375 0.44453125 0.015625 0.0234375
0 0.60859375 0.4359375 0.0265625 0.046875
0 0.5640625 0.321875 0.0203125 0.0453125
0 0.43671875 0.38671875 0.0296875 0.0578125
0 0.459375 0.25859375 0.0234375 0.053125
0 0.48515625 0.26015625 0.021875 0.0453125
0 0.49765625 0.29453125 0.0265625 0.040625