0 0.0234375 0.5765625 0.0453125 0.0796875
0 0.0375 0.98671875 0.0515625 0.0265625
0 0.0953125 0.540625 0.0859375 0.171875
0 0.190625 0.37578125 0.053125 0.0515625
0 0.05234375 0.0875 0.1046875 0.175
0 0.25859375 0.22734375 0.084375 0.1125
0 0.20390625 0.27734375 0.0375 0.053125
0 0.25 0.6125 0.090625 0.115625
0 0.3625 0.8515625 0.046875 0.0671875
0 0.39609375 0.74921875 0.0359375 0.0625
0 0.35625 0.61640625 0.0671875 0.0703125
0 0.484375 0.5515625 0.0515625 0.0875
0 0.47265625 0.70078125 0.10625 0.121875
0 0.5875 0.46875 0.0796875 0.0984375
0 0.4953125 0.30703125 0.059375 0.1015625
0 0.46484375 0.11875 0.0578125 0.115625
0 0.5921875 0.0953125 0.05625 0.1453125
0 0.78203125 0.04765625 0.0859375 0.0953125
0 0.52109375 0.02578125 0.159375 0.0515625
0 0.68046875 0.16953125 0.065625 0.15625
0 0.603125 0.33125 0.059375 0.090625