0 0.40390625 0.66015625 0.0875 0.1
0 0.74140625 0.5453125 0.1046875 0.0921875
0 0.73203125 0.621875 0.06875 0.121875
0 0.8109375 0.4671875 0.053125 0.0859375
0 0.84140625 0.54296875 0.0578125 0.059375
0 0.9484375 0.71171875 0.103125 0.1671875
0 0.86953125 0.41953125 0.0890625 0.103125
0 0.77109375 0.34609375 0.0984375 0.0734375
0 0.6484375 0.29765625 0.1421875 0.1796875
0 0.4625 0.30859375 0.08125 0.08125
0 0.4765625 0.18359375 0.1421875 0.115625
0 0.30078125 0.03984375 0.0640625 0.0796875
0 0.21484375 0.171875 0.0359375 0.04375
0 0.29921875 0.2953125 0.09375 0.121875
0 0.021875 0.1640625 0.0375 0.05
0 0.7671875 0.03984375 0.115625 0.0796875
0 0.86328125 0.24296875 0.0546875 0.0671875
0 0.5671875 0.03203125 0.09375 0.0640625
0 0.89375 0.6359375 0.05625 0.065625
0 0.6125 0.7109375 0.046875 0.06875
0 0.4609375 0.034375 0.0609375 0.06875