0 0.55546875 0.396875 0.0921875 0.19375
0 0.63984375 0.34765625 0.04375 0.0453125
0 0.675 0.478125 0.078125 0.1140625
0 0.74375 0.59140625 0.04375 0.0625
0 0.9453125 0.453125 0.109375 0.234375
0 0.8953125 0.3984375 0.075 0.08125
0 0.79140625 0.134375 0.128125 0.1359375
0 0.23515625 0.446875 0.1546875 0.2265625
0 0.15625 0.38203125 0.084375 0.1359375
0 0.0859375 0.121875 0.16875 0.1609375
0 0.35078125 0.08203125 0.15625 0.1640625
0 0.51015625 0.7203125 0.103125 0.1046875
0 0.5984375 0.61171875 0.196875 0.146875
0 0.58671875 0.653125 0.0484375 0.059375
0 0.57421875 0.778125 0.05625 0.08125
0 0.5140625 0.640625 0.05625 0.0640625
0 0.17734375 0.75859375 0.053125 0.09375
0 0.90625 0.64296875 0.084375 0.1