0 0.159375 0.35546875 0.1765625 0.10625
0 0.0421875 0.40078125 0.034375 0.059375
0 0.1234375 0.51875 0.075 0.1234375
0 0.1078125 0.65 0.053125 0.090625
0 0.0171875 0.5328125 0.034375 0.0515625
0 0.16015625 0.97265625 0.1078125 0.0546875
0 0.2015625 0.88671875 0.059375 0.084375
0 0.0640625 0.83046875 0.128125 0.040625
0 0.42578125 0.8546875 0.0796875 0.084375
0 0.50703125 0.55 0.2078125 0.2171875
0 0.3703125 0.33984375 0.15 0.1125
0 0.8921875 0.296875 0.128125 0.10625
0 0.928125 0.184375 0.0609375 0.10625
0 0.83828125 0.38984375 0.1203125 0.0953125
0 0.91875 0.54609375 0.0875 0.140625
0 0.75078125 0.48359375 0.05 0.1046875
0 0.96796875 0.6921875 0.0640625 0.0859375
0 0.74375 0.6484375 0.059375 0.1203125
0 0.7578125 0.78984375 0.071875 0.084375
0 0.7484375 0.95234375 0.0578125 0.075
0 0.22890625 0.52890625 0.065625 0.0796875
0 0.31328125 0.5171875 0.06875 0.1