0 0.840625 0.64453125 0.1765625 0.10625
0 0.9578125 0.59921875 0.034375 0.059375
0 0.8765625 0.48125 0.075 0.1234375
0 0.8921875 0.35 0.053125 0.090625
0 0.9828125 0.4671875 0.034375 0.0515625
0 0.83984375 0.02734375 0.1078125 0.0546875
0 0.7984375 0.11328125 0.059375 0.084375
0 0.9359375 0.16953125 0.128125 0.040625
0 0.57421875 0.1453125 0.0796875 0.084375
0 0.49296875 0.45 0.2078125 0.2171875
0 0.6296875 0.66015625 0.15 0.1125
0 0.1078125 0.703125 0.128125 0.10625
0 0.071875 0.815625 0.0609375 0.10625
0 0.16171875 0.61015625 0.1203125 0.0953125
0 0.08125 0.45390625 0.0875 0.140625
0 0.24921875 0.51640625 0.05 0.1046875
0 0.03203125 0.3078125 0.0640625 0.0859375
0 0.25625 0.3515625 0.059375 0.1203125
0 0.2421875 0.21015625 0.071875 0.084375
0 0.2515625 0.04765625 0.0578125 0.075
0 0.77109375 0.47109375 0.065625 0.0796875
0 0.68671875 0.4828125 0.06875 0.1