0 0.8935546859375 0.0208333328125 0.876953125 0.048177084375 0.87890625 0.06640624843750001 0.8935546859375 0.0859375 0.91015625 0.08463541718749999 0.927734375 0.06901041718749999 0.9296875 0.035156248437499996 0.9169921859375 0.0208333328125 0.8935546859375 0.0208333328125
0 0.7646484359375 0.046875 0.75 0.061197915625 0.75 0.076822915625 0.7607421859375 0.09375 0.771484375 0.092447915625 0.78515625 0.079427084375 0.787109375 0.063802084375 0.7802734359375 0.0494791671875 0.7646484359375 0.046875
0 0.7705078140625 0.20833333281250002 0.74609375 0.2304687515625 0.744140625 0.2695312484375 0.7626953140625 0.2864583328125 0.783203125 0.2851562484375 0.80859375 0.264322915625 0.8125 0.24348958281250002 0.7998046859375 0.21614583281250002 0.7705078140625 0.20833333281250002
0 0.9404296859375 0.2760416671875 0.927734375 0.2929687515625 0.927734375 0.311197915625 0.9384765640625 0.3255208328125 0.94921875 0.3242187515625 0.962890625 0.311197915625 0.96484375 0.295572915625 0.9580078140625 0.28125 0.9404296859375 0.2760416671875
0 0.9599609359375 0.3645833328125 0.943359375 0.3815104171875 0.94140625 0.4101562484375 0.9541015640625 0.421875 0.970703125 0.42057291562500004 0.9931640640625 0.4036458328125 0.99609375 0.3867187515625 0.9775390640625 0.3645833328125 0.9599609359375 0.3645833328125
0 0.7783203140625 0.375 0.7666015640625 0.375 0.759765625 0.391927084375 0.7734375 0.4023437515625 0.78515625 0.3867187515625 0.7783203140625 0.375
0 0.78125 0.3632812484375 0.7919921859375 0.375 0.802734375 0.373697915625 0.8125 0.358072915625 0.810546875 0.3476562484375 0.8037109359375 0.3385416671875 0.7900390640625 0.3385416671875 0.78125 0.3632812484375
0 0.81640625 0.311197915625 0.8203125 0.3346354171875 0.837890625 0.342447915625 0.859375 0.3242187515625 0.857421875 0.3059895828125 0.8447265640625 0.2916666671875 0.8271484359375 0.2942708328125 0.81640625 0.311197915625
0 0.66015625 0.4309895828125 0.6630859359375 0.4583333328125 0.6875 0.4596354171875 0.6953125 0.45182291562500004 0.697265625 0.4335937515625 0.6865234359375 0.4192708328125 0.6728515640625 0.4192708328125 0.66015625 0.4309895828125
0 0.6171875 0.358072915625 0.6005859359375 0.3411458328125 0.5771484359375 0.3463541671875 0.564453125 0.3684895828125 0.56640625 0.389322915625 0.5791015640625 0.4036458328125 0.591796875 0.40494791562500004 0.6103515640625 0.3958333328125 0.619140625 0.3815104171875 0.6171875 0.358072915625
0 0.556640625 0.4596354171875 0.5673828140625 0.4713541671875 0.583984375 0.47005208437499996 0.595703125 0.4596354171875 0.59375 0.4414062484375 0.5849609359375 0.4296875 0.5654296859375 0.4322916671875 0.556640625 0.4596354171875
0 0.6083984359375 0.3020833328125 0.59765625 0.3164062484375 0.599609375 0.3346354171875 0.6083984359375 0.34375 0.62109375 0.342447915625 0.630859375 0.329427084375 0.630859375 0.313802084375 0.6220703140625 0.3020833328125 0.6083984359375 0.3020833328125
0 0.7041015640625 0.2890625 0.693359375 0.311197915625 0.7021484359375 0.3255208328125 0.712890625 0.3242187515625 0.720703125 0.3007812484375 0.7041015640625 0.2890625
0 0.8115234359375 0.140625 0.80078125 0.1497395828125 0.798828125 0.17057291562500002 0.8076171859375 0.1848958328125 0.8203125 0.18619791562500002 0.830078125 0.1757812484375 0.83203125 0.15494791562500002 0.8212890640625 0.140625 0.8115234359375 0.140625
0 0.5185546859375 0.0390625 0.513671875 0.045572915625 0.517578125 0.07421875156249999 0.5322265640625 0.0859375 0.546875 0.08463541718749999 0.5625 0.063802084375 0.560546875 0.042968751562500004 0.5439453140625 0.0286458328125 0.5185546859375 0.0390625
0 0.4423828140625 0.1197916671875 0.43359375 0.1341145828125 0.4375 0.1601562484375 0.4501953140625 0.171875 0.46875 0.17057291562500002 0.484375 0.15494791562500002 0.484375 0.12369791562500002 0.4677734359375 0.1119791671875 0.4423828140625 0.1197916671875
0 0.3271484359375 0.046875 0.310546875 0.063802084375 0.30859375 0.08984375156249999 0.3271484359375 0.1119791671875 0.34375 0.11067708437499998 0.357421875 0.09765624843750001 0.361328125 0.07421875156249999 0.3466796859375 0.0494791671875 0.3271484359375 0.046875
0 0.2158203140625 0.015625 0.205078125 0.029947915624999998 0.205078125 0.0585937515625 0.2177734359375 0.07291666718749999 0.236328125 0.07161458281250001 0.251953125 0.05598958281250001 0.251953125 0.035156248437499996 0.2373046859375 0.015625 0.2158203140625 0.015625
0 0.3447265640625 0.1822916671875 0.3359375 0.1966145828125 0.337890625 0.20963541718749998 0.359375 0.2148437515625 0.365234375 0.1914062484375 0.3447265640625 0.1822916671875
0 0.3994140640625 0.22395833281250002 0.38671875 0.2460937515625 0.390625 0.2747395828125 0.4111328140625 0.2942708328125 0.427734375 0.2929687515625 0.447265625 0.2721354171875 0.4453125 0.2382812484375 0.4267578140625 0.21875 0.3994140640625 0.22395833281250002
0 0.3134765640625 0.3098958328125 0.302734375 0.326822915625 0.3046875 0.3476562484375 0.3232421859375 0.3697916671875 0.34765625 0.373697915625 0.36328125 0.3502604171875 0.357421875 0.3190104171875 0.3369140640625 0.3020833328125 0.3134765640625 0.3098958328125
0 0.5830078140625 0.1510416671875 0.57421875 0.1627604171875 0.57421875 0.1809895828125 0.5849609359375 0.1953125 0.595703125 0.1940104171875 0.607421875 0.1783854171875 0.607421875 0.1601562484375 0.6005859359375 0.1484375 0.5830078140625 0.1510416671875
0 0.6044921859375 0.20833333281250002 0.5947265640625 0.2109375 0.591796875 0.233072915625 0.607421875 0.24088541718749998 0.61328125 0.217447915625 0.6044921859375 0.20833333281250002
0 0.48046875 0.3684895828125 0.4931640640625 0.3828125 0.501953125 0.3815104171875 0.51171875 0.373697915625 0.513671875 0.3528645828125 0.5048828140625 0.3411458328125 0.4912109359375 0.3411458328125 0.48046875 0.3684895828125
0 0.556640625 0.3190104171875 0.560546875 0.295572915625 0.5458984359375 0.2916666671875 0.54296875 0.3164062484375 0.556640625 0.3190104171875
0 0.443359375 0.5533854171875 0.453125 0.5377604171875 0.4443359359375 0.515625 0.4248046859375 0.5130208328125 0.4140625 0.5247395828125 0.4150390640625 0.546875 0.443359375 0.5533854171875
0 0.4560546859375 0.4505208328125 0.4375 0.47005208437499996 0.43359375 0.4960937515625 0.4521484359375 0.5182291671875 0.474609375 0.5221354171875 0.50390625 0.5039062484375 0.50390625 0.4778645828125 0.4814453140625 0.4505208328125 0.4560546859375 0.4505208328125
0 0.3212890640625 0.4270833328125 0.310546875 0.4440104171875 0.3125 0.4648437515625 0.3251953140625 0.4765625 0.345703125 0.4752604171875 0.359375 0.4622395828125 0.357421875 0.43880208437499996 0.3408203140625 0.421875 0.3212890640625 0.4270833328125
0 0.380859375 0.4882812484375 0.388671875 0.46744791562500004 0.3701171859375 0.4583333328125 0.36328125 0.4778645828125 0.380859375 0.4882812484375
0 0.71484375 0.514322915625 0.712890625 0.5403645828125 0.740234375 0.548177084375 0.7578125 0.5351562484375 0.7578125 0.5195312484375 0.7431640640625 0.5026041671875 0.7275390640625 0.5026041671875 0.71484375 0.514322915625
0 0.671875 0.5898437515625 0.6875 0.5742187515625 0.6787109359375 0.5494791671875 0.6572265640625 0.5416666671875 0.640625 0.5533854171875 0.6376953140625 0.5833333328125 0.671875 0.5898437515625
0 0.81484375 0.4234375 0.0375 0.040625
0 0.82421875 0.43880208437499996 0.8310546859375 0.453125 0.83984375 0.45442708437499996 0.8515625 0.4466145828125 0.853515625 0.4335937515625 0.8447265640625 0.421875 0.8330078140625 0.421875 0.82421875 0.43880208437499996
0 0.89453125 0.4804687515625 0.9033203140625 0.4921875 0.91796875 0.4908854171875 0.927734375 0.48307291562500004 0.9296875 0.47005208437499996 0.9189453140625 0.4557291671875 0.9052734359375 0.4557291671875 0.89453125 0.4804687515625
0 1 0.561197915625 0.9931640640625 0.5520833328125 0.9775390640625 0.5520833328125 0.962890625 0.576822915625 0.9755859359375 0.5911458328125 0.98828125 0.5898437515625 1 0.5820312484375 1 0.561197915625
0 0.9609375 0.688802084375 0.9765625 0.6783854171875 0.9765625 0.6601562484375 0.9658203140625 0.6484375 0.939453125 0.6627604171875 0.9423828140625 0.6848958328125 0.9609375 0.688802084375
0 1 0.6315104171875 0.9794921859375 0.625 0.96875 0.6471354171875 0.9794921859375 0.6588541671875 0.98828125 0.657552084375 1 0.6497395828125 1 0.6315104171875
0 0.857421875 0.6497395828125 0.8681640640625 0.6588541671875 0.8828125 0.657552084375 0.892578125 0.6497395828125 0.892578125 0.6289062484375 0.8779296859375 0.6171875 0.8623046859375 0.6223958328125 0.857421875 0.6497395828125
0 0.84765625 0.579427084375 0.8525390640625 0.6015625 0.880859375 0.6054687515625 0.890625 0.595052084375 0.890625 0.576822915625 0.8779296859375 0.5625 0.8583984359375 0.5651041671875 0.84765625 0.579427084375
0 0.8037109359375 0.5963541671875 0.7890625 0.610677084375 0.7890625 0.623697915625 0.7958984359375 0.6328125 0.8125 0.6341145828125 0.826171875 0.623697915625 0.826171875 0.608072915625 0.8154296859375 0.5963541671875 0.8037109359375 0.5963541671875
0 0.7431640640625 0.59375 0.7275390640625 0.59375 0.712890625 0.610677084375 0.712890625 0.626302084375 0.734375 0.639322915625 0.7490234359375 0.6380208328125 0.7578125 0.626302084375 0.7578125 0.610677084375 0.7431640640625 0.59375
0 0.49453125 0.6671875 0.028125 0.034375
0 0.54453125 0.7 0.025 0.0390625
0 0.5458984359375 0.6223958328125 0.5322265640625 0.6276041671875 0.52734375 0.639322915625 0.541015625 0.6601562484375 0.55859375 0.641927084375 0.5458984359375 0.6223958328125
0 0.58203125 0.6523437515625 0.5908203140625 0.6614583328125 0.603515625 0.6601562484375 0.611328125 0.654947915625 0.61328125 0.639322915625 0.6025390640625 0.6276041671875 0.5869140640625 0.6302083328125 0.58203125 0.6523437515625
0 0.44609375 0.63671875 0.0265625 0.0328125
0 0.4853515640625 0.5703125 0.4697265640625 0.5729166671875 0.466796875 0.595052084375 0.486328125 0.6002604171875 0.494140625 0.5820312484375 0.4853515640625 0.5703125
0 0.5263671859375 0.5260416671875 0.513671875 0.545572915625 0.5205078140625 0.5572916671875 0.533203125 0.5585937515625 0.54296875 0.5377604171875 0.5263671859375 0.5260416671875
0 0.099609375 0.576822915625 0.11230468593750001 0.5911458328125 0.1484375 0.595052084375 0.1640625 0.5742187515625 0.1513671859375 0.5416666671875 0.12207031406249999 0.5364583328125 0.099609375 0.5585937515625 0.099609375 0.576822915625
0 0.0703125 0.6757812484375 0.08203125 0.6653645828125 0.07519531406249999 0.6354166671875 0.0537109359375 0.6302083328125 0.0390625 0.6445312484375 0.045898435937499996 0.671875 0.0703125 0.6757812484375
0 0.0625 0.623697915625 0.0703125 0.6184895828125 0.072265625 0.5976562484375 0.0615234359375 0.5859375 0.043945314062500004 0.5911458328125 0.0390625 0.6158854171875 0.0625 0.623697915625
0 0.18359375 0.670572915625 0.1865234359375 0.7005208328125 0.21484375 0.701822915625 0.224609375 0.6914062484375 0.224609375 0.673177084375 0.2158203140625 0.6614583328125 0.1962890640625 0.6588541671875 0.18359375 0.670572915625
0 0.115234375 0.6341145828125 0.1171875 0.6523437515625 0.134765625 0.657552084375 0.14453125 0.6497395828125 0.14453125 0.6315104171875 0.1337890640625 0.6223958328125 0.12207031406249999 0.625 0.115234375 0.6341145828125
0 0.1337890640625 0.6901041671875 0.126953125 0.701822915625 0.12890625 0.717447915625 0.1357421859375 0.7265625 0.154296875 0.7278645828125 0.166015625 0.7148437515625 0.1640625 0.6940104171875 0.1533203140625 0.6848958328125 0.1337890640625 0.6901041671875
0 0.009765625 0.795572915625 0.016601564062499997 0.8125 0.03515625 0.8164062484375 0.05078125 0.8059895828125001 0.05078125 0.7851562484375 0.036132814062500004 0.7708333328125 0.020507814062499997 0.7734375 0.009765625 0.795572915625
0 0.080078125 0.748697915625 0.087890625 0.735677084375 0.08300781406249999 0.7213541671875 0.06347656406249999 0.71875 0.056640625 0.7278645828125 0.0595703140625 0.7473958328125 0.080078125 0.748697915625
0 0.4580078140625 0.75 0.435546875 0.7565104171875 0.4423828140625 0.78125 0.458984375 0.779947915625 0.462890625 0.7565104171875 0.4580078140625 0.75
0 0.4453125 0.751302084375 0.455078125 0.7434895828125 0.451171875 0.720052084375 0.4404296859375 0.7135416671875 0.4267578140625 0.71875 0.423828125 0.7460937515625 0.4453125 0.751302084375
0 0.5 0.7695312484375 0.5078125 0.7617187515625 0.5078125 0.748697915625 0.4990234359375 0.7395833328125 0.4853515640625 0.7447916671875 0.484375 0.766927084375 0.5 0.7695312484375
0 0.5703125 0.7408854171875 0.57421875 0.7617187515625 0.595703125 0.766927084375 0.607421875 0.7565104171875 0.607421875 0.7408854171875 0.5947265640625 0.7265625 0.5810546859375 0.7265625 0.5703125 0.7408854171875
0 0.67578125 0.733072915625 0.6845703140625 0.7473958328125 0.705078125 0.748697915625 0.7109375 0.7408854171875 0.7099609359375 0.7213541671875 0.6962890640625 0.7109375 0.6796875 0.717447915625 0.67578125 0.733072915625
0 0.828125 0.7070312484375 0.830078125 0.7252604171875 0.853515625 0.733072915625 0.86328125 0.7226562484375 0.865234375 0.7070312484375 0.8486328140625 0.6927083328125 0.8369140640625 0.6953125 0.828125 0.7070312484375
0 0.951171875 0.7617187515625 0.962890625 0.7460937515625 0.9560546859375 0.7265625 0.9306640640625 0.7213541671875 0.91796875 0.733072915625 0.9228515640625 0.7578125 0.951171875 0.7617187515625
0 0.798828125 0.8085937515625 0.8046875 0.8007812484375 0.8017578140625 0.7760416671875 0.7841796859375 0.7708333328125 0.76953125 0.782552084375 0.7744140640625 0.8046875 0.798828125 0.8085937515625
0 0.08203125 0.34921875 0.034375 0.0484375
0 0.05 0.43515625 0.03125 0.053125
0 0.365625 0.65234375 0.028125 0.0359375
0 0.378125 0.61796875 0.0265625 0.034375
0 0.41015625 0.6171875 0.01875 0.0296875
0 0.87265625 0.39921875 0.0328125 0.04375
0 0.76640625 0.478125 0.0359375 0.0421875
0 0.83515625 0.5484375 0.0265625 0.0359375