0 0.9169921859375 0.9791666671874999 0.9296875 0.9648437515625 0.927734375 0.9309895828125001 0.91015625 0.9153645828125001 0.8935546859375 0.9140625 0.87890625 0.9335937515625 0.876953125 0.951822915625 0.8935546859375 0.9791666671874999 0.9169921859375 0.9791666671874999
0 0.7802734359375 0.9505208328125001 0.787109375 0.936197915625 0.78515625 0.920572915625 0.771484375 0.907552084375 0.7607421859375 0.90625 0.75 0.923177084375 0.75 0.938802084375 0.7646484359375 0.953125 0.7802734359375 0.9505208328125001
0 0.7998046859375 0.7838541671875 0.8125 0.7565104171875 0.80859375 0.735677084375 0.783203125 0.7148437515625 0.7626953140625 0.7135416671875 0.744140625 0.7304687515625 0.74609375 0.7695312484375 0.7705078140625 0.7916666671875 0.7998046859375 0.7838541671875
0 0.9580078140625 0.71875 0.96484375 0.704427084375 0.962890625 0.688802084375 0.94921875 0.6757812484375 0.9384765640625 0.6744791671875 0.927734375 0.688802084375 0.927734375 0.7070312484375 0.9404296859375 0.7239583328125 0.9580078140625 0.71875
0 0.9775390640625 0.6354166671875 0.99609375 0.6132812484375 0.9931640640625 0.5963541671875 0.970703125 0.579427084375 0.9541015640625 0.578125 0.94140625 0.5898437515625 0.943359375 0.6184895828125 0.9599609359375 0.6354166671875 0.9775390640625 0.6354166671875
0 0.7666015640625 0.625 0.7783203140625 0.625 0.78515625 0.6132812484375 0.7734375 0.5976562484375 0.759765625 0.608072915625 0.7666015640625 0.625
0 0.8037109359375 0.6614583328125 0.810546875 0.6523437515625 0.8125 0.641927084375 0.802734375 0.626302084375 0.7919921859375 0.625 0.78125 0.6367187515625 0.7900390640625 0.6614583328125 0.8037109359375 0.6614583328125
0 0.8447265640625 0.7083333328125 0.857421875 0.6940104171875 0.859375 0.6757812484375 0.837890625 0.657552084375 0.8203125 0.6653645828125 0.81640625 0.688802084375 0.8271484359375 0.7057291671875 0.8447265640625 0.7083333328125
0 0.6865234359375 0.5807291671875 0.697265625 0.5664062484375 0.6953125 0.548177084375 0.6875 0.5403645828125 0.6630859359375 0.5416666671875 0.66015625 0.5690104171875 0.6728515640625 0.5807291671875 0.6865234359375 0.5807291671875
0 0.6171875 0.641927084375 0.619140625 0.6184895828125 0.6103515640625 0.6041666671875 0.591796875 0.595052084375 0.5791015640625 0.5963541671875 0.56640625 0.610677084375 0.564453125 0.6315104171875 0.5771484359375 0.6536458328125 0.6005859359375 0.6588541671875 0.6171875 0.641927084375
0 0.5849609359375 0.5703125 0.59375 0.5585937515625 0.595703125 0.5403645828125 0.583984375 0.529947915625 0.5673828140625 0.5286458328125 0.556640625 0.5403645828125 0.5654296859375 0.5677083328125 0.5849609359375 0.5703125
0 0.6220703140625 0.6979166671875 0.630859375 0.686197915625 0.630859375 0.670572915625 0.62109375 0.657552084375 0.6083984359375 0.65625 0.599609375 0.6653645828125 0.59765625 0.6835937515625 0.6083984359375 0.6979166671875 0.6220703140625 0.6979166671875
0 0.693359375 0.688802084375 0.7041015640625 0.7109375 0.720703125 0.6992187515625 0.712890625 0.6757812484375 0.7021484359375 0.6744791671875 0.693359375 0.688802084375
0 0.8212890640625 0.859375 0.83203125 0.845052084375 0.830078125 0.8242187515625 0.8203125 0.813802084375 0.8076171859375 0.8151041671874999 0.798828125 0.829427084375 0.80078125 0.8502604171874999 0.8115234359375 0.859375 0.8212890640625 0.859375
0 0.5439453140625 0.9713541671874999 0.560546875 0.9570312484375 0.5625 0.936197915625 0.546875 0.9153645828125001 0.5322265640625 0.9140625 0.517578125 0.9257812484375 0.513671875 0.954427084375 0.5185546859375 0.9609375 0.5439453140625 0.9713541671874999
0 0.4677734359375 0.8880208328125001 0.484375 0.876302084375 0.484375 0.845052084375 0.46875 0.829427084375 0.4501953140625 0.828125 0.4375 0.8398437515625 0.43359375 0.8658854171874999 0.4423828140625 0.8802083328125001 0.4677734359375 0.8880208328125001
0 0.3466796859375 0.9505208328125001 0.361328125 0.9257812484375 0.357421875 0.9023437515625 0.34375 0.889322915625 0.3271484359375 0.8880208328125001 0.30859375 0.9101562484375 0.310546875 0.936197915625 0.3271484359375 0.953125 0.3466796859375 0.9505208328125001
0 0.2373046859375 0.984375 0.251953125 0.9648437515625 0.251953125 0.9440104171874999 0.236328125 0.9283854171874999 0.2177734359375 0.9270833328125001 0.205078125 0.9414062484375 0.205078125 0.970052084375 0.2158203140625 0.984375 0.2373046859375 0.984375
0 0.3359375 0.8033854171874999 0.3447265640625 0.8177083328125001 0.365234375 0.8085937515625 0.359375 0.7851562484375 0.337890625 0.7903645828125 0.3359375 0.8033854171874999
0 0.4267578140625 0.78125 0.4453125 0.7617187515625 0.447265625 0.7278645828125 0.427734375 0.7070312484375 0.4111328140625 0.7057291671875 0.390625 0.7252604171875 0.38671875 0.7539062484375 0.3994140640625 0.7760416671875 0.4267578140625 0.78125
0 0.3369140640625 0.6979166671875 0.357421875 0.6809895828125 0.36328125 0.6497395828125 0.34765625 0.626302084375 0.3232421859375 0.6302083328125 0.3046875 0.6523437515625 0.302734375 0.673177084375 0.3134765640625 0.6901041671875 0.3369140640625 0.6979166671875
0 0.6005859359375 0.8515625 0.607421875 0.8398437515625 0.607421875 0.8216145828125001 0.595703125 0.8059895828125001 0.5849609359375 0.8046875 0.57421875 0.8190104171874999 0.57421875 0.8372395828125001 0.5830078140625 0.8489583328125001 0.6005859359375 0.8515625
0 0.5947265640625 0.7890625 0.6044921859375 0.7916666671875 0.61328125 0.782552084375 0.607421875 0.7591145828125 0.591796875 0.766927084375 0.5947265640625 0.7890625
0 0.5048828140625 0.6588541671875 0.513671875 0.6471354171875 0.51171875 0.626302084375 0.501953125 0.6184895828125 0.4931640640625 0.6171875 0.48046875 0.6315104171875 0.4912109359375 0.6588541671875 0.5048828140625 0.6588541671875
0 0.54296875 0.6835937515625 0.5458984359375 0.7083333328125 0.560546875 0.704427084375 0.556640625 0.6809895828125 0.54296875 0.6835937515625
0 0.4248046859375 0.4869791671875 0.4443359359375 0.484375 0.453125 0.4622395828125 0.443359375 0.4466145828125 0.4150390640625 0.453125 0.4140625 0.4752604171875 0.4248046859375 0.4869791671875
0 0.4814453140625 0.5494791671875 0.50390625 0.5221354171875 0.50390625 0.4960937515625 0.474609375 0.4778645828125 0.4521484359375 0.4817708328125 0.43359375 0.5039062484375 0.4375 0.529947915625 0.4560546859375 0.5494791671875 0.4814453140625 0.5494791671875
0 0.3408203140625 0.578125 0.357421875 0.561197915625 0.359375 0.5377604171875 0.345703125 0.5247395828125 0.3251953140625 0.5234375 0.3125 0.5351562484375 0.310546875 0.5559895828125 0.3212890640625 0.5729166671875 0.3408203140625 0.578125
0 0.36328125 0.5221354171875 0.3701171859375 0.5416666671875 0.388671875 0.532552084375 0.380859375 0.5117187515625 0.36328125 0.5221354171875
0 0.7431640640625 0.4973958328125 0.7578125 0.4804687515625 0.7578125 0.4648437515625 0.740234375 0.45182291562500004 0.712890625 0.4596354171875 0.71484375 0.48567708437499996 0.7275390640625 0.4973958328125 0.7431640640625 0.4973958328125
0 0.6572265640625 0.4583333328125 0.6787109359375 0.4505208328125 0.6875 0.4257812484375 0.671875 0.4101562484375 0.6376953140625 0.4166666671875 0.640625 0.4466145828125 0.6572265640625 0.4583333328125
0 0.81484375 0.5765625 0.0375 0.040625
0 0.8447265640625 0.578125 0.853515625 0.5664062484375 0.8515625 0.5533854171875 0.83984375 0.545572915625 0.8310546859375 0.546875 0.82421875 0.561197915625 0.8330078140625 0.578125 0.8447265640625 0.578125
0 0.9189453140625 0.5442708328125 0.9296875 0.529947915625 0.927734375 0.516927084375 0.91796875 0.5091145828125 0.9033203140625 0.5078125 0.89453125 0.5195312484375 0.9052734359375 0.5442708328125 0.9189453140625 0.5442708328125
0 1 0.4179687515625 0.98828125 0.4101562484375 0.9755859359375 0.4088541671875 0.962890625 0.42317708437499996 0.9775390640625 0.4479166671875 0.9931640640625 0.4479166671875 1 0.43880208437499996 1 0.4179687515625
0 0.9658203140625 0.3515625 0.9765625 0.3398437515625 0.9765625 0.3216145828125 0.9609375 0.311197915625 0.9423828140625 0.3151041671875 0.939453125 0.3372395828125 0.9658203140625 0.3515625
0 1 0.3502604171875 0.98828125 0.342447915625 0.9794921859375 0.3411458328125 0.96875 0.3528645828125 0.9794921859375 0.375 1 0.3684895828125 1 0.3502604171875
0 0.8779296859375 0.3828125 0.892578125 0.3710937515625 0.892578125 0.3502604171875 0.8828125 0.342447915625 0.8681640640625 0.3411458328125 0.857421875 0.3502604171875 0.8623046859375 0.3776041671875 0.8779296859375 0.3828125
0 0.8779296859375 0.4375 0.890625 0.42317708437499996 0.890625 0.40494791562500004 0.880859375 0.3945312484375 0.8525390640625 0.3984375 0.84765625 0.42057291562500004 0.8583984359375 0.4348958328125 0.8779296859375 0.4375
0 0.8154296859375 0.4036458328125 0.826171875 0.391927084375 0.826171875 0.376302084375 0.8125 0.3658854171875 0.7958984359375 0.3671875 0.7890625 0.376302084375 0.7890625 0.389322915625 0.8037109359375 0.4036458328125 0.8154296859375 0.4036458328125
0 0.7578125 0.389322915625 0.7578125 0.373697915625 0.7490234359375 0.3619791671875 0.734375 0.360677084375 0.712890625 0.373697915625 0.712890625 0.389322915625 0.7275390640625 0.40625 0.7431640640625 0.40625 0.7578125 0.389322915625
0 0.49453125 0.3328125 0.028125 0.034375
0 0.54453125 0.3 0.025 0.0390625
0 0.5322265640625 0.3723958328125 0.5458984359375 0.3776041671875 0.55859375 0.358072915625 0.541015625 0.3398437515625 0.52734375 0.360677084375 0.5322265640625 0.3723958328125
0 0.6025390640625 0.3723958328125 0.61328125 0.360677084375 0.611328125 0.345052084375 0.603515625 0.3398437515625 0.5908203140625 0.3385416671875 0.58203125 0.3476562484375 0.5869140640625 0.3697916671875 0.6025390640625 0.3723958328125
0 0.44609375 0.36328125 0.0265625 0.0328125
0 0.4697265640625 0.4270833328125 0.4853515640625 0.4296875 0.494140625 0.4179687515625 0.486328125 0.3997395828125 0.466796875 0.40494791562500004 0.4697265640625 0.4270833328125
0 0.513671875 0.45442708437499996 0.5263671859375 0.4739583328125 0.54296875 0.4622395828125 0.533203125 0.4414062484375 0.5205078140625 0.4427083328125 0.513671875 0.45442708437499996
0 0.12207031406249999 0.4635416671875 0.1513671859375 0.4583333328125 0.1640625 0.4257812484375 0.1484375 0.40494791562500004 0.11230468593750001 0.4088541671875 0.099609375 0.42317708437499996 0.099609375 0.4414062484375 0.12207031406249999 0.4635416671875
0 0.0537109359375 0.3697916671875 0.07519531406249999 0.3645833328125 0.08203125 0.3346354171875 0.0703125 0.3242187515625 0.045898435937499996 0.328125 0.0390625 0.3554687515625 0.0537109359375 0.3697916671875
0 0.0615234359375 0.4140625 0.072265625 0.4023437515625 0.0703125 0.3815104171875 0.0625 0.376302084375 0.0390625 0.3841145828125 0.043945314062500004 0.4088541671875 0.0615234359375 0.4140625
0 0.2158203140625 0.3385416671875 0.224609375 0.326822915625 0.224609375 0.3085937515625 0.21484375 0.298177084375 0.1865234359375 0.2994791671875 0.18359375 0.329427084375 0.1962890640625 0.3411458328125 0.2158203140625 0.3385416671875
0 0.1337890640625 0.3776041671875 0.14453125 0.3684895828125 0.14453125 0.3502604171875 0.134765625 0.342447915625 0.1171875 0.3476562484375 0.115234375 0.3658854171875 0.12207031406249999 0.375 0.1337890640625 0.3776041671875
0 0.1533203140625 0.3151041671875 0.1640625 0.3059895828125 0.166015625 0.2851562484375 0.154296875 0.2721354171875 0.1357421859375 0.2734375 0.12890625 0.282552084375 0.126953125 0.298177084375 0.1337890640625 0.3098958328125 0.1533203140625 0.3151041671875
0 0.036132814062500004 0.22916666718749998 0.05078125 0.2148437515625 0.05078125 0.1940104171875 0.03515625 0.1835937515625 0.016601564062499997 0.1875 0.009765625 0.204427084375 0.020507814062499997 0.2265625 0.036132814062500004 0.22916666718749998
0 0.06347656406249999 0.28125 0.08300781406249999 0.2786458328125 0.087890625 0.264322915625 0.080078125 0.251302084375 0.0595703140625 0.2526041671875 0.056640625 0.2721354171875 0.06347656406249999 0.28125
0 0.435546875 0.24348958281250002 0.4580078140625 0.25 0.462890625 0.24348958281250002 0.458984375 0.220052084375 0.4423828140625 0.21875 0.435546875 0.24348958281250002
0 0.4404296859375 0.2864583328125 0.451171875 0.279947915625 0.455078125 0.2565104171875 0.4453125 0.248697915625 0.423828125 0.2539062484375 0.4267578140625 0.28125 0.4404296859375 0.2864583328125
0 0.4990234359375 0.2604166671875 0.5078125 0.251302084375 0.5078125 0.2382812484375 0.5 0.2304687515625 0.484375 0.233072915625 0.4853515640625 0.2552083328125 0.4990234359375 0.2604166671875
0 0.5947265640625 0.2734375 0.607421875 0.2591145828125 0.607421875 0.24348958281250002 0.595703125 0.233072915625 0.57421875 0.2382812484375 0.5703125 0.2591145828125 0.5810546859375 0.2734375 0.5947265640625 0.2734375
0 0.6962890640625 0.2890625 0.7099609359375 0.2786458328125 0.7109375 0.2591145828125 0.705078125 0.251302084375 0.6845703140625 0.2526041671875 0.67578125 0.266927084375 0.6796875 0.282552084375 0.6962890640625 0.2890625
0 0.8486328140625 0.3072916671875 0.865234375 0.2929687515625 0.86328125 0.2773437515625 0.853515625 0.266927084375 0.830078125 0.2747395828125 0.828125 0.2929687515625 0.8369140640625 0.3046875 0.8486328140625 0.3072916671875
0 0.9306640640625 0.2786458328125 0.9560546859375 0.2734375 0.962890625 0.2539062484375 0.951171875 0.2382812484375 0.9228515640625 0.2421875 0.91796875 0.266927084375 0.9306640640625 0.2786458328125
0 0.7841796859375 0.22916666718749998 0.8017578140625 0.22395833281250002 0.8046875 0.1992187515625 0.798828125 0.1914062484375 0.7744140640625 0.1953125 0.76953125 0.217447915625 0.7841796859375 0.22916666718749998
0 0.08203125 0.65078125 0.034375 0.0484375
0 0.05 0.56484375 0.03125 0.053125
0 0.365625 0.34765625 0.028125 0.0359375
0 0.378125 0.38203125 0.0265625 0.034375
0 0.41015625 0.3828125 0.01875 0.0296875
0 0.87265625 0.60078125 0.0328125 0.04375
0 0.76640625 0.521875 0.0359375 0.0421875
0 0.83515625 0.4515625 0.0265625 0.0359375