0 0.35 0.921875 0.1046875 0.146875
0 0.11953125 0.84921875 0.0484375 0.08125
0 0.159375 0.7515625 0.0453125 0.065625
0 0.03203125 0.82421875 0.0640625 0.1484375
0 0.04375 0.70546875 0.0328125 0.0640625
0 0.1640625 0.53515625 0.071875 0.0875
0 0.24609375 0.42890625 0.03125 0.053125
0 0.31484375 0.540625 0.059375 0.0734375
0 0.02734375 0.55 0.0546875 0.1671875
0 0.13984375 0.21640625 0.053125 0.0875
0 0.36328125 0.23671875 0.0921875 0.09375
0 0.4421875 0.02734375 0.065625 0.0546875
0 0.71171875 0.190625 0.0828125 0.1265625
0 0.79921875 0.34609375 0.065625 0.078125