0 0.43828125 0.63046875 0.0953125 0.1890625
0 0.37734375 0.79921875 0.371875 0.14375
0 0.85 0.58359375 0.128125 0.2375
0 0.77890625 0.59140625 0.0859375 0.225
0 0.7796875 0.74453125 0.13125 0.171875
0 0.61796875 0.07265625 0.1328125 0.1453125
0 0.38046875 0.28671875 0.1625 0.15625
0 0.0796875 0.04921875 0.0953125 0.0984375
0 0.08125 0.34140625 0.0859375 0.1859375
0 0.11484375 0.58046875 0.0453125 0.103125
0 0.05234375 0.67421875 0.0578125 0.0890625
0 0.63984375 0.49921875 0.0828125 0.13125
0 0.63046875 0.6265625 0.040625 0.0984375
0 0.63828125 0.2265625 0.078125 0.190625