0 0.115625 0.6578125 0.0375 0.1109375
0 0.1546875 0.5609375 0.059375 0.0953125
0 0.0921875 0.47890625 0.04375 0.0953125
0 0.06484375 0.40234375 0.034375 0.0953125
0 0.13046875 0.35390625 0.05625 0.0734375
0 0.0578125 0.3140625 0.0359375 0.071875
0 0.109375 0.27265625 0.0765625 0.0984375
0 0.228125 0.23125 0.084375 0.1078125
0 0.315625 0.1390625 0.0703125 0.0828125
0 0.31640625 0.0515625 0.071875 0.0703125
0 0.05625 0.1125 0.0296875 0.065625
0 0.09765625 0.07578125 0.04375 0.05625
0 0.1015625 0.01640625 0.0421875 0.003125
0 0.05390625 0.60390625 0.04375 0.0859375
0 0.15546875 0.6515625 0.0265625 0.0734375
0 0.1484375 0.79453125 0.040625 0.0921875
0 0.1921875 0.74375 0.0328125 0.090625
0 0.04375 0.85234375 0.034375 0.075
0 0.1359375 0.93046875 0.04375 0.08125
0 0.19140625 0.87890625 0.04375 0.090625
0 0.06875 0.9328125 0.03125 0.06875
0 0.31875 0.4515625 0.0390625 0.08125
0 0.33671875 0.59765625 0.053125 0.1625
0 0.62265625 0.53515625 0.0734375 0.1109375
0 0.53671875 0.42109375 0.05625 0.125
0 0.6375 0.33203125 0.046875 0.0890625
0 0.7125 0.41796875 0.040625 0.071875
0 0.5921875 0.44375 0.034375 0.053125
0 0.80859375 0.8625 0.053125 0.0703125
0 0.6578125 0.9015625 0.0328125 0.0734375
0 0.72578125 0.86484375 0.0515625 0.0671875
0 0.7265625 0.79921875 0.03125 0.053125
0 0.7171875 0.71953125 0.040625 0.084375
0 0.56796875 0.834375 0.0703125 0.0859375
0 0.83828125 0.3 0.053125 0.090625
0 0.7234375 0.28359375 0.04375 0.0703125
0 0.734375 0.20078125 0.040625 0.0796875
0 0.63984375 0.24140625 0.05625 0.065625
0 0.66875 0.1609375 0.0359375 0.0515625
0 0.57578125 0.153125 0.0203125 0.0515625
0 0.4984375 0.0140625 0.0578125 0.028125
0 0.56875 0.01484375 0.059375 0.0296875
0 0.59453125 0.0671875 0.0359375 0.0671875
0 0.62109375 0.1203125 0.0453125 0.053125
0 0.61171875 0.03671875 0.0265625 0.0640625
0 0.6859375 0.05 0.04375 0.0703125
0 0.8203125 0.11953125 0.0421875 0.075
0 0.86953125 0.07890625 0.05625 0.0734375
0 0.91328125 0.03828125 0.034375 0.046875
0 0.8703125 0.1765625 0.0375 0.0734375
0 0.9171875 0.259375 0.0640625 0.10625
0 0.92578125 0.15 0.0296875 0.0828125
0 0.96796875 0.0875 0.040625 0.065625
0 0.9765625 0.0078125 0.0390625 0.015625
0 0.90390625 0.209375 0.046875 0.075
0 0.7640625 0.0765625 0.025 0.0359375
0 0.79140625 0.01875 0.03125 0.0375
0 0.9875 0.1796875 0.025 0.0921875
0 0.97421875 0.39765625 0.0515625 0.103125
0 0.846875 0.41875 0.075 0.0953125
0 0.9390625 0.540625 0.05 0.09375
0 0.9828125 0.7359375 0.034375 0.121875