0 0.419921875 0.4502607171875 0.4228515625 0.45465863124999994 0.431640625 0.4502607171875 0.4296875 0.43560100312500005 0.4228515625 0.43413503281250004 0.419921875 0.43853294531250003 0.419921875 0.4502607171875
0 0.4638671875 0.45759057500000005 0.470703125 0.4502607171875 0.470703125 0.44439683125 0.462890625 0.43560100312500005 0.4580078125 0.43413503281250004 0.453125 0.447328775 0.4638671875 0.45759057500000005
0 0.521484375 0.50596763125 0.521484375 0.488375975 0.517578125 0.476648203125 0.505859375 0.46492043125000004 0.4970703125 0.466386403125 0.490234375 0.476648203125 0.48828125 0.5030356874999999 0.4970703125 0.51622943125 0.5126953125 0.51622943125 0.521484375 0.50596763125
0 0.6982421875 0.43120308906249993 0.705078125 0.4238732328125 0.705078125 0.41214546093750004 0.6953125 0.40334963124999995 0.6884765625 0.40188366093749994 0.685546875 0.40628157500000006 0.685546875 0.4209412890625 0.6904296875 0.4282711453125 0.6982421875 0.43120308906249993
0 0.6181640625 0.507433603125 0.6279296875 0.5103655453125 0.634765625 0.5001037453125 0.625 0.48544403125 0.6162109375 0.48397805937499994 0.61328125 0.5001037453125 0.6181640625 0.507433603125
0 0.580078125 0.5411509453125001 0.5830078125 0.545548859375 0.591796875 0.5382190015625 0.58984375 0.5206273453125 0.5849609375 0.5191613734375 0.580078125 0.52649123125 0.580078125 0.5411509453125001
0 0.6279296875 0.5572766312499999 0.6328125 0.5499467734375 0.6328125 0.535287059375 0.626953125 0.5235592890625 0.6162109375 0.522093315625 0.611328125 0.5323551171875 0.611328125 0.5440828875 0.6220703125 0.5572766312499999 0.6279296875 0.5572766312499999
0 0.958984375 0.8753924296875001 0.95703125 0.8636646578124999 0.958984375 0.8460730015625 0.951171875 0.840209115625 0.9345703125 0.8416750859375 0.927734375 0.8519368875 0.927734375 0.8665965999999999 0.9404296875 0.8797903437500001 0.9521484375 0.8827222859375 0.9560546875 0.8797903437500001 0.958984375 0.8753924296875001
0 0.9443359375 0.7507848593750001 0.953125 0.7346591734375 0.951171875 0.7199994578125 0.939453125 0.7082716875 0.9326171875 0.706805715625 0.9248046875 0.7126696015625 0.91796875 0.7287952875 0.919921875 0.737591115625 0.9306640625 0.7537168015625 0.9443359375 0.7507848593750001
0 0.9189453125 0.8123556578125 0.927734375 0.7991619156249999 0.92578125 0.7786383156250001 0.921875 0.7727744296875 0.9111328125 0.7713084578125 0.904296875 0.781570259375 0.90234375 0.8020938578125 0.9091796875 0.8123556578125 0.9189453125 0.8123556578125
0 0.7490234375 0.7419890296875 0.75390625 0.7346591734375 0.75390625 0.7141355734375 0.748046875 0.7082716875 0.7431640625 0.706805715625 0.736328125 0.7199994578125 0.73828125 0.7346591734375 0.7431640625 0.7419890296875 0.7490234375 0.7419890296875
0 0.7978515625 0.77717234375 0.8046875 0.7698424875 0.806640625 0.758114715625 0.80078125 0.7463869453124999 0.7919921875 0.744920971875 0.78515625 0.7522508296875 0.78515625 0.7698424875 0.7880859375 0.7742404015625 0.7978515625 0.77717234375
0 0.6142578125 0.7830362296875 0.6240234375 0.7830362296875 0.626953125 0.76691054375 0.619140625 0.755182771875 0.6162109375 0.7537168015625 0.611328125 0.7610466578125 0.609375 0.7757063734375 0.6142578125 0.7830362296875
0 0.6689453125 0.8035598296875 0.67578125 0.7991619156249999 0.67578125 0.7903660859375 0.671875 0.7845022015625001 0.666015625 0.78743414375 0.666015625 0.7991619156249999 0.6689453125 0.8035598296875
0 0.7158203125 0.8475389718749999 0.71875 0.840209115625 0.71875 0.82848134375 0.71484375 0.8226174578125001 0.7080078125 0.8211514875000001 0.703125 0.8343452296875 0.7099609375 0.8475389718749999 0.7158203125 0.8475389718749999
0 0.625 0.8724604859375 0.6318359375 0.885654228125 0.640625 0.8812563156250001 0.63671875 0.8519368875 0.6298828125 0.8534028578124999 0.625 0.8607327140625 0.625 0.8724604859375
0 0.546875 0.8984375 0.021875 0.0375
0 0.5927734375 0.950156971875 0.59765625 0.936963228125 0.59765625 0.9252354578125 0.591796875 0.9164396296874999 0.578125 0.9281674000000001 0.580078125 0.9428271140625 0.5869140625 0.950156971875 0.5927734375 0.950156971875
0 0.5537109375 0.8739264578125001 0.560546875 0.8607327140625 0.5556640625 0.8475389718749999 0.548828125 0.8460730015625 0.5380859375 0.8446070296875 0.533203125 0.8519368875 0.533203125 0.8665965999999999 0.5419921875 0.8768584 0.5537109375 0.8739264578125001
0 0.4814453125 0.7947640015624999 0.486328125 0.78743414375 0.486328125 0.7698424875 0.48046875 0.7610466578125 0.4716796875 0.7595806875 0.466796875 0.7698424875 0.46875 0.7845022015625001 0.4755859375 0.7947640015624999 0.4814453125 0.7947640015624999
0 0.3984375 0.819685515625 0.4033203125 0.8270153718750001 0.41015625 0.8226174578125001 0.41015625 0.80795774375 0.400390625 0.80795774375 0.3984375 0.819685515625
0 0.44921875 0.82848134375 0.44921875 0.8167535734375001 0.4443359375 0.8094237156249999 0.4375 0.80795774375 0.4267578125 0.8094237156249999 0.421875 0.8226174578125001 0.4248046875 0.8328792593750001 0.4326171875 0.83874314375 0.4404296875 0.83874314375 0.44921875 0.82848134375
0 0.29765625 0.75703125 0.0234375 0.0375
0 0.3251953125 0.8035598296875 0.3359375 0.7991619156249999 0.3359375 0.78743414375 0.330078125 0.781570259375 0.3251953125 0.7801042859375 0.322265625 0.78743414375 0.322265625 0.7991619156249999 0.3251953125 0.8035598296875
0 0.3291015625 0.94136114375 0.3330078125 0.94136114375 0.33984375 0.9310993421875 0.3359375 0.9135076859375 0.3271484375 0.9120417140624999 0.322265625 0.919371571875 0.322265625 0.9310993421875 0.3291015625 0.94136114375
0 0.2666015625 0.7947640015624999 0.27734375 0.7845022015625001 0.27734375 0.7698424875 0.2734375 0.7639786015625 0.2626953125 0.76251263125 0.251953125 0.7757063734375 0.2568359375 0.7947640015624999 0.2666015625 0.7947640015624999
0 0.2783203125 0.8328792593750001 0.2861328125 0.8328792593750001 0.291015625 0.8255494000000001 0.2890625 0.80795774375 0.2802734375 0.806491771875 0.275390625 0.8138216296874999 0.2734375 0.8226174578125001 0.2783203125 0.8328792593750001
0 0.2099609375 0.8709945156250001 0.216796875 0.8636646578124999 0.216796875 0.84900494375 0.2109375 0.8431410578125 0.2021484375 0.8446070296875 0.19921875 0.8519368875 0.19921875 0.8665965999999999 0.2021484375 0.8709945156250001 0.2099609375 0.8709945156250001
0 0.0517578125 1 0.060546875 0.9926701437500001 0.064453125 0.9692145999999999 0.05859375 0.9574868296875 0.0498046875 0.95602085625 0.04296875 0.9662826578124999 0.033203125 0.9897382 0.0361328125 0.9970680578125 0.0517578125 1
0 0.0439453125 0.8534028578124999 0.0546875 0.8372771718750001 0.0458984375 0.8182195437500001 0.0390625 0.8167535734375001 0.0322265625 0.8152875999999999 0.021484375 0.82848134375 0.01953125 0.8372771718750001 0.0244140625 0.8504709140625 0.0361328125 0.8563348015625 0.0439453125 0.8534028578124999
0 0.1865234375 0.7947640015624999 0.1962890625 0.7947640015624999 0.201171875 0.78743414375 0.19921875 0.7757063734375 0.1884765625 0.7742404015625 0.18359375 0.781570259375 0.18359375 0.7903660859375 0.1865234375 0.7947640015624999
0 0.0390625 0.7170675156249999 0.0390625 0.7082716875 0.0341796875 0.7009418296875001 0.02734375 0.699475859375 0.0205078125 0.7009418296875001 0.015625 0.7082716875 0.013671875 0.7170675156249999 0.0166015625 0.727329315625 0.0341796875 0.7243973734375 0.0390625 0.7170675156249999
0 0.267578125 0.7199994578125 0.267578125 0.71120363125 0.2626953125 0.7009418296875001 0.25390625 0.6965439156250001 0.2421875 0.7024078015625 0.240234375 0.71120363125 0.2421875 0.7229314015625 0.2470703125 0.730261259375 0.2607421875 0.730261259375 0.267578125 0.7199994578125
0 0.2578125 0.6408370015625 0.2578125 0.6261772875 0.2529296875 0.6188474312500001 0.24609375 0.617381459375 0.2373046875 0.6188474312500001 0.23046875 0.6320411734375 0.23046875 0.6437689453125001 0.2392578125 0.6540307453125 0.2451171875 0.6540307453125 0.2578125 0.6408370015625
0 0.287109375 0.699475859375 0.2919921875 0.706805715625 0.298828125 0.699475859375 0.294921875 0.6877480874999999 0.2900390625 0.686282115625 0.287109375 0.6906800296875 0.287109375 0.699475859375
0 0.1689453125 0.6335071453125 0.17578125 0.6261772875 0.17578125 0.617381459375 0.169921875 0.60858563125 0.1650390625 0.607119659375 0.15625 0.617381459375 0.154296875 0.6261772875 0.1572265625 0.6335071453125 0.1689453125 0.6335071453125
0 0.1630859375 0.5543446875 0.17578125 0.5411509453125001 0.17578125 0.5323551171875 0.166015625 0.5235592890625 0.1533203125 0.522093315625 0.1484375 0.529423175 0.1484375 0.5382190015625 0.1552734375 0.5543446875 0.1630859375 0.5543446875
0 0.0283203125 0.5045016609374999 0.037109375 0.48544403125 0.03515625 0.476648203125 0.025390625 0.46492043125000004 0.0126953125 0.469318346875 0.005859375 0.4825120890625 0.005859375 0.4942398609375 0.0166015625 0.507433603125 0.0283203125 0.5045016609374999
0 0.0283203125 0.39308783125 0.0439453125 0.3901558890625 0.048828125 0.3798940890625 0.044921875 0.3593704890625 0.0322265625 0.3579045171875 0.0234375 0.3710982609375 0.021484375 0.3828260328125 0.0283203125 0.39308783125
0 0 0.30659551875 0.0107421875 0.31099343125 0.0205078125 0.305129546875 0.025390625 0.294867746875 0.01953125 0.2802080328125 0.0087890625 0.28167400468750003 0 0.294867746875 0 0.30659551875
0 0.0322265625 0.231830975 0.037109375 0.221569175 0.037109375 0.212773346875 0.03125 0.2069094625 0.0205078125 0.20837543281249998 0.015625 0.21570528906250003 0.015625 0.22743306093750001 0.0205078125 0.231830975 0.0322265625 0.231830975
0 0.5361328125 0.665758515625 0.54296875 0.655496715625 0.541015625 0.6437689453125001 0.533203125 0.6349731171874999 0.5263671875 0.6364390875 0.5234375 0.6437689453125001 0.5234375 0.655496715625 0.5283203125 0.665758515625 0.5361328125 0.665758515625
0 0.3859375 0.6140625 0.0234375 0.04375
0 0.3994140625 0.6774862875000001 0.4072265625 0.6774862875000001 0.4169921875 0.6686904593749999 0.416015625 0.6467008875 0.4033203125 0.6452349171875 0.3974609375 0.6510988015625 0.392578125 0.6613606015625 0.392578125 0.67015643125 0.3994140625 0.6774862875000001
0 0.2197265625 0.469318346875 0.228515625 0.45612460312499997 0.228515625 0.447328775 0.22265625 0.43560100312500005 0.2138671875 0.43413503281250004 0.203125 0.44439683125 0.201171875 0.4678523734375 0.2041015625 0.4722502890625 0.2197265625 0.469318346875
0 0.2314453125 0.522093315625 0.2421875 0.5088995734374999 0.2421875 0.5030356874999999 0.234375 0.4942398609375 0.2255859375 0.4927738890625 0.220703125 0.497171803125 0.216796875 0.5088995734374999 0.2236328125 0.522093315625 0.2314453125 0.522093315625
0 0.2529296875 0.5660724593750001 0.2626953125 0.5572766312499999 0.265625 0.5499467734375 0.26171875 0.5382190015625 0.2529296875 0.53675303125 0.244140625 0.5499467734375 0.244140625 0.558742603125 0.2529296875 0.5660724593750001
0 0.275390625 0.6027217453125 0.2861328125 0.607119659375 0.291015625 0.599789803125 0.2890625 0.58806203125 0.2763671875 0.5895280015625 0.275390625 0.6027217453125
0 0.3212890625 0.6188474312500001 0.328125 0.6115175734375 0.330078125 0.6027217453125 0.322265625 0.5851300875 0.3134765625 0.5836641171875 0.310546875 0.58806203125 0.30859375 0.6056536875 0.3134765625 0.6188474312500001 0.3212890625 0.6188474312500001
0 0.3447265625 0.6628265734375 0.35546875 0.6496328296875 0.35546875 0.6320411734375 0.349609375 0.6203134015625 0.3388671875 0.6188474312500001 0.330078125 0.6261772875 0.328125 0.6467008875 0.3349609375 0.65989463125 0.3447265625 0.6628265734375
0 0.1767578125 0.507433603125 0.185546875 0.4942398609375 0.185546875 0.48544403125 0.181640625 0.4825120890625 0.1728515625 0.48104611718749996 0.1650390625 0.4869100015625 0.162109375 0.5001037453125 0.1669921875 0.507433603125 0.1767578125 0.507433603125
0 0.1376953125 0.34910868906250003 0.1484375 0.3388468890625 0.1484375 0.3300510609375 0.14453125 0.324187175 0.1376953125 0.322721203125 0.1328125 0.3300510609375 0.1318359375 0.3461767453125 0.1376953125 0.34910868906250003
0 0.1513671875 0.3901558890625 0.1650390625 0.387223946875 0.169921875 0.3798940890625 0.16796875 0.365234375 0.1552734375 0.3637684046875 0.1484375 0.376962146875 0.1484375 0.38575797500000003 0.1513671875 0.3901558890625
0 0.1591796875 0.2934017765625 0.169921875 0.28900386093749997 0.171875 0.2714122046875 0.169921875 0.2684802609375 0.1611328125 0.2670142890625 0.15625 0.274344146875 0.15625 0.28900386093749997 0.1591796875 0.2934017765625
0 0.1943359375 0.3403128609375 0.205078125 0.3300510609375 0.205078125 0.315391346875 0.201171875 0.3095274609375 0.1904296875 0.3080614890625 0.185546875 0.3212552328125 0.185546875 0.3300510609375 0.1943359375 0.3403128609375
0 0.2099609375 0.17612406249999998 0.216796875 0.16293031875 0.216796875 0.1482706046875 0.2109375 0.1394747765625 0.2041015625 0.14094074843749999 0.1953125 0.154134490625 0.1953125 0.1687942046875 0.2001953125 0.1790560046875 0.2099609375 0.17612406249999998
0 0.1728515625 0.0823018921875 0.181640625 0.072040090625 0.1796875 0.0573803765625 0.171875 0.0485845484375 0.1630859375 0.047118578125 0.154296875 0.06324426250000001 0.15234375 0.0779039765625 0.1552734375 0.08816577656249999 0.1728515625 0.0823018921875
0 0.0458984375 0.058846348437499994 0.05859375 0.0456526046875 0.056640625 0.0280609484375 0.05078125 0.0221970625 0.0439453125 0.020731090625 0.033203125 0.033924834375000004 0.0322265625 0.055914404687499995 0.0458984375 0.058846348437499994
0 0.2666015625 0.28167400468750003 0.2763671875 0.2787420609375 0.279296875 0.26554831874999996 0.2734375 0.253820546875 0.2626953125 0.25235457499999997 0.2578125 0.2596844328125 0.255859375 0.2714122046875 0.2666015625 0.28167400468750003
0 0.322265625 0.26554831874999996 0.32421875 0.25675248906250003 0.322265625 0.2479566609375 0.31640625 0.23916083281249997 0.3056640625 0.23769486093749997 0.298828125 0.24502471875 0.294921875 0.262616375 0.3017578125 0.2758101171875 0.3115234375 0.2758101171875 0.322265625 0.26554831874999996
0 0.2802734375 0.43120308906249993 0.2880859375 0.4282711453125 0.29296875 0.418009346875 0.2890625 0.40921351718750004 0.2783203125 0.40774754687500003 0.2734375 0.415077403125 0.2734375 0.4238732328125 0.2802734375 0.43120308906249993
0 0.2470703125 0.45759057500000005 0.25390625 0.447328775 0.25390625 0.43266905937500005 0.25 0.426805175 0.2451171875 0.42533920312499995 0.23828125 0.43560100312500005 0.2412109375 0.45759057500000005 0.2470703125 0.45759057500000005
0 0.93359375 0.6232453453125 0.935546875 0.6115175734375 0.93359375 0.6027217453125 0.92578125 0.5939259171875 0.9189453125 0.5924599453125 0.91015625 0.6027217453125 0.908203125 0.617381459375 0.9111328125 0.624711315625 0.9248046875 0.6305752015625 0.93359375 0.6232453453125
0 0.8466796875 0.5132974890625001 0.853515625 0.5088995734374999 0.85546875 0.5001037453125 0.849609375 0.488375975 0.8447265625 0.4869100015625 0.83984375 0.4942398609375 0.83984375 0.50596763125 0.8466796875 0.5132974890625001
0 0.8896484375 0.5514127453125 0.8974609375 0.5514127453125 0.90625 0.5323551171875 0.90234375 0.5235592890625 0.8896484375 0.525025259375 0.8828125 0.5411509453125001 0.8896484375 0.5514127453125
0 0.9853515625 0.5690044015625 0.99609375 0.5646064890625 0.99609375 0.5499467734375 0.990234375 0.5411509453125001 0.9814453125 0.539684975 0.9765625 0.5440828875 0.9765625 0.558742603125 0.9853515625 0.5690044015625
0 0.9638671875 0.41361143125 0.97265625 0.40334963124999995 0.97265625 0.3916218609375 0.96484375 0.3828260328125 0.9541015625 0.381360059375 0.947265625 0.394553803125 0.94921875 0.40334963124999995 0.9580078125 0.41361143125 0.9638671875 0.41361143125
0 0.8296875 0.4171875 0.0171875 0.025
0 0.8603515625 0.45759057500000005 0.8720703125 0.45759057500000005 0.875 0.44439683125 0.869140625 0.43560100312500005 0.8603515625 0.43413503281250004 0.853515625 0.447328775 0.8603515625 0.45759057500000005
0 0.5322265625 0.5807321734374999 0.541015625 0.573402315625 0.541015625 0.5646064890625 0.53515625 0.555810659375 0.5302734375 0.5543446875 0.525390625 0.5646064890625 0.525390625 0.573402315625 0.5322265625 0.5807321734374999
0 0.4013671875 0.5719363453125 0.4111328125 0.5719363453125 0.416015625 0.5646064890625 0.412109375 0.54701483125 0.4072265625 0.545548859375 0.3984375 0.5616745453124999 0.4013671875 0.5719363453125
0 0.4521484375 0.6335071453125 0.4599609375 0.6335071453125 0.462890625 0.6261772875 0.458984375 0.60858563125 0.4560546875 0.607119659375 0.44921875 0.617381459375 0.44921875 0.62910923125 0.4521484375 0.6335071453125
0 0.3078125 0.41640625 0.0203125 0.0390625
0 0.3388671875 0.4722502890625 0.34375 0.4678523734375 0.345703125 0.459056546875 0.341796875 0.447328775 0.3349609375 0.445862803125 0.330078125 0.4531926609375 0.328125 0.46492043125000004 0.3310546875 0.469318346875 0.3388671875 0.4722502890625
0 0.3330078125 0.3784281171875 0.3427734375 0.3784281171875 0.345703125 0.374030203125 0.34375 0.356438546875 0.3330078125 0.354972575 0.328125 0.36230243125 0.328125 0.3710982609375 0.3330078125 0.3784281171875
0 0.3701171875 0.381360059375 0.3779296875 0.381360059375 0.380859375 0.376962146875 0.37890625 0.36230243125 0.3681640625 0.3637684046875 0.365234375 0.374030203125 0.3701171875 0.381360059375
0 0.3779296875 0.31978926093750004 0.3828125 0.3124594046875 0.3828125 0.30659551875 0.376953125 0.3007316328125 0.365234375 0.30659551875 0.3681640625 0.31978926093750004 0.3779296875 0.31978926093750004
0 0.37109375 0.418009346875 0.3779296875 0.43413503281250004 0.38671875 0.4238732328125 0.384765625 0.40334963124999995 0.3779296875 0.40188366093749994 0.37109375 0.418009346875
0 0.5380859375 0.2758101171875 0.544921875 0.2684802609375 0.544921875 0.253820546875 0.5390625 0.2420927765625 0.5302734375 0.246490690625 0.525390625 0.25675248906250003 0.525390625 0.26554831874999996 0.5322265625 0.2758101171875 0.5380859375 0.2758101171875
0 0.81640625 0.1570664328125 0.81640625 0.14240671875 0.8076171875 0.13214491875 0.80078125 0.1306789484375 0.79296875 0.133610890625 0.791015625 0.1570664328125 0.7998046875 0.1673282328125 0.8056640625 0.1673282328125 0.81640625 0.1570664328125
0 0.8291015625 0.1145532625 0.8359375 0.1072234046875 0.8359375 0.0896317484375 0.830078125 0.0837678625 0.8232421875 0.0823018921875 0.818359375 0.0896317484375 0.81640625 0.10429146250000002 0.8193359375 0.11162131875 0.8291015625 0.1145532625
0 0.8564453125 0.0705741203125 0.86328125 0.0603123203125 0.861328125 0.0485845484375 0.85546875 0.0427206625 0.8466796875 0.044186634375 0.84375 0.051516490625 0.845703125 0.06324426250000001 0.8525390625 0.0705741203125 0.8564453125 0.0705741203125
0 0.7802734375 0.035390806250000004 0.7958984375 0.032458862500000005 0.796875 0.0192651203125 0.791015625 0.013401234375000001 0.7744140625 0.0119352625 0.771484375 0.0192651203125 0.7734375 0.0280609484375 0.7802734375 0.035390806250000004
0 0.9814453125 0.284605946875 0.9873046875 0.284605946875 0.990234375 0.2714122046875 0.984375 0.262616375 0.9775390625 0.264082346875 0.974609375 0.2714122046875 0.9814453125 0.284605946875
0 0.8779296875 0.325653146875 0.890625 0.3212552328125 0.892578125 0.3124594046875 0.88671875 0.30366357499999996 0.8779296875 0.305129546875 0.873046875 0.3124594046875 0.8779296875 0.325653146875
0 0.8525390625 0.25528651875 0.859375 0.2479566609375 0.857421875 0.236228890625 0.853515625 0.233296946875 0.8466796875 0.231830975 0.84375 0.23916083281249997 0.845703125 0.2479566609375 0.8525390625 0.25528651875
0 0.6708984375 0.272878175 0.67578125 0.262616375 0.673828125 0.253820546875 0.66796875 0.2479566609375 0.6630859375 0.246490690625 0.65625 0.253820546875 0.65625 0.26554831874999996 0.6611328125 0.272878175 0.6708984375 0.272878175
0 0.5888671875 0.044186634375 0.59375 0.0368567765625 0.59375 0.0280609484375 0.583984375 0.0221970625 0.578125 0.025129006250000002 0.578125 0.0368567765625 0.5810546875 0.044186634375 0.5888671875 0.044186634375
0 0.5751953125 0.2582184625 0.583984375 0.25088860468749996 0.583984375 0.23916083281249997 0.578125 0.233296946875 0.5732421875 0.23476291875 0.5703125 0.2420927765625 0.5751953125 0.2582184625
0 0.5771484375 0.31685731875 0.58203125 0.3095274609375 0.58203125 0.291935803125 0.578125 0.28607191875 0.5712890625 0.2875378890625 0.56640625 0.3007316328125 0.5712890625 0.31685731875 0.5771484375 0.31685731875
0 0.5244140625 0.31685731875 0.5322265625 0.31685731875 0.53515625 0.3124594046875 0.53125 0.3007316328125 0.5234375 0.30366357499999996 0.521484375 0.3124594046875 0.5244140625 0.31685731875
0 0.5009765625 0.33738091875 0.5068359375 0.33738091875 0.509765625 0.332983003125 0.5078125 0.3212552328125 0.4990234375 0.31978926093750004 0.49609375 0.3300510609375 0.5009765625 0.33738091875
0 0.5419921875 0.3461767453125 0.55078125 0.34471077499999997 0.55078125 0.332983003125 0.546875 0.3271191171875 0.5439453125 0.325653146875 0.5390625 0.332983003125 0.5419921875 0.3461767453125
0 0.5205078125 0.3696322890625 0.52734375 0.365234375 0.529296875 0.356438546875 0.52734375 0.3505746609375 0.5185546875 0.34910868906250003 0.513671875 0.356438546875 0.5205078125 0.3696322890625
0 0.5322265625 0.445862803125 0.5400390625 0.445862803125 0.54296875 0.44146488906250003 0.541015625 0.4238732328125 0.53125 0.4238732328125 0.529296875 0.44146488906250003 0.5322265625 0.445862803125
0 0.5556640625 0.4722502890625 0.5654296875 0.469318346875 0.568359375 0.46492043125000004 0.56640625 0.4502607171875 0.5537109375 0.44879474531249997 0.548828125 0.45612460312499997 0.548828125 0.46492043125000004 0.5556640625 0.4722502890625
0 0.408203125 0.3300510609375 0.4189453125 0.3403128609375 0.423828125 0.335914946875 0.421875 0.3212552328125 0.4130859375 0.31978926093750004 0.408203125 0.3300510609375
0 0.4169921875 0.3784281171875 0.419921875 0.3710982609375 0.419921875 0.36230243125 0.416015625 0.356438546875 0.4130859375 0.354972575 0.408203125 0.36230243125 0.4111328125 0.3784281171875 0.4169921875 0.3784281171875
0 0.4052734375 0.2787420609375 0.41015625 0.2714122046875 0.41015625 0.262616375 0.40234375 0.25088860468749996 0.3984375 0.253820546875 0.3984375 0.2714122046875 0.4052734375 0.2787420609375
0 0.310546875 0.051516490625 0.3125 0.0427206625 0.3095703125 0.035390806250000004 0.294921875 0.0280609484375 0.2880859375 0.0265949765625 0.279296875 0.0368567765625 0.27734375 0.0485845484375 0.2841796875 0.058846348437499994 0.2978515625 0.058846348437499994 0.310546875 0.051516490625
0 0.4541015625 0.1526685203125 0.458984375 0.1453386609375 0.458984375 0.1306789484375 0.447265625 0.11895117656250001 0.4423828125 0.1204171484375 0.43359375 0.133610890625 0.43359375 0.14240671875 0.4404296875 0.1526685203125 0.4541015625 0.1526685203125
0 0.4951171875 0.11748520625 0.5029296875 0.1145532625 0.5078125 0.0984275765625 0.501953125 0.0896317484375 0.4892578125 0.09109771875 0.484375 0.10135952031249999 0.486328125 0.11015534687499999 0.4951171875 0.11748520625
0 0.4736328125 0.19371571875 0.4873046875 0.1907837765625 0.490234375 0.17759003281250002 0.482421875 0.1687942046875 0.4716796875 0.1673282328125 0.466796875 0.17465809062499998 0.466796875 0.1863858609375 0.4736328125 0.19371571875
0 0.1125 0.26953125 0.0203125 0.040625
0 0.1171875 0.20703125 0.0171875 0.0359375
0 0.14453125 0.1921875 0.0171875 0.0234375
0 0.2140625 0.27421875 0.021875 0.0359375
0 0.23828125 0.3125 0.0203125 0.046875
0 0.2734375 0.1328125 0.0234375 0.0296875
0 0.2 0.40546875 0.021875 0.0296875
0 0.21328125 0.3859375 0.0203125 0.0328125
0 0.128125 0.75 0.025 0.040625
0 0.25390625 0.88203125 0.01875 0.0328125
0 0.20859375 0.6921875 0.01875 0.0296875
0 0.43984375 0.94375 0.0203125 0.040625
0 0.39375 0.18203125 0.025 0.034375
0 0.2859375 0.21484375 0.028125 0.0328125
0 0.32578125 0.30390625 0.0234375 0.0234375
0 0.36171875 0.184375 0.0203125 0.05
0 0.51171875 0.15078125 0.015625 0.025
0 0.55390625 0.15703125 0.025 0.0421875
0 0.49921875 0.13125 0.021875 0.0375
0 0.52578125 0.18125 0.0203125 0.028125
0 0.51171875 0.20859375 0.021875 0.0328125
0 0.5390625 0.2125 0.025 0.03125
0 0.61171875 0.18203125 0.01875 0.040625
0 0.64296875 0.08828125 0.0203125 0.0296875
0 0.5890625 0.35390625 0.021875 0.04375
0 0.63203125 0.31484375 0.01875 0.040625
0 0.54140625 0.796875 0.0203125 0.0390625
0 0.56484375 0.765625 0.03125 0.0375
0 0.67421875 0.56796875 0.0234375 0.0390625
0 0.7125 0.534375 0.01875 0.0328125
0 0.74921875 0.54140625 0.015625 0.0328125
0 0.70625 0.4765625 0.025 0.03125
0 0.7296875 0.434375 0.0203125 0.03125
0 0.64140625 0.36328125 0.0203125 0.034375
0 0.68515625 0.35703125 0.021875 0.028125
0 0.7046875 0.3875 0.0203125 0.0234375
0 0.66796875 0.37421875 0.015625 0.0359375
0 0.7109375 0.30703125 0.0234375 0.028125
0 0.6984375 0.24921875 0.021875 0.034375
0 0.9421875 0.06328125 0.0234375 0.040625
0 0.8609375 0.1234375 0.0171875 0.0296875
0 0.8453125 0.153125 0.021875 0.03125
0 0.96484375 0.14609375 0.0203125 0.0265625
0 0.8796875 0.6125 0.0328125 0.04375
0 0.86796875 0.6890625 0.0203125 0.040625
0 0.990625 0.5953125 0.01875 0.034375
0 0.93671875 0.6828125 0.0328125 0.0328125
0 0.284375 0.4875 0.0265625 0.0390625
0 0.31875 0.5359375 0.0203125 0.0359375
0 0.453125 0.5546875 0.0171875 0.034375
0 0.43125 0.50234375 0.015625 0.025
0 0.4796875 0.41328125 0.0171875 0.034375
0 0.553125 0.63125 0.01875 0.0359375
0 0.59140625 0.5984375 0.01875 0.0328125
0 0.59765625 0.63984375 0.015625 0.0296875
0 0.4671875 0.0421875 0.01875 0.03125
0 0.47578125 0.1234375 0.021875 0.03125
0 0.53515625 0.05703125 0.01875 0.03125
0 0.66953125 0.18515625 0.021875 0.0296875
0 0.71015625 0.17578125 0.015625 0.0265625
0 0.72421875 0.15546875 0.0171875 0.0296875
0 0.97890625 0.19453125 0.0203125 0.0390625
0 0.89609375 0.2828125 0.0203125 0.028125
0 0.86484375 0.33984375 0.0171875 0.034375