0 0.4228515625 0.54534136875 0.419921875 0.5497392828125001 0.419921875 0.5614670546875 0.4228515625 0.5658649671875 0.4296875 0.564398996875 0.431640625 0.5497392828125001 0.4228515625 0.54534136875
0 0.470703125 0.5497392828125001 0.4638671875 0.542409425 0.453125 0.552671225 0.4580078125 0.5658649671875 0.462890625 0.564398996875 0.470703125 0.55560316875 0.470703125 0.5497392828125001
0 0.4970703125 0.533613596875 0.505859375 0.53507956875 0.517578125 0.523351796875 0.521484375 0.5116240249999999 0.521484375 0.49403236875 0.5126953125 0.48377056874999996 0.4970703125 0.48377056874999996 0.48828125 0.4969643125 0.490234375 0.523351796875 0.4970703125 0.533613596875
0 0.6953125 0.59665036875 0.705078125 0.5878545390625 0.705078125 0.5761267671875 0.6982421875 0.5687969109375001 0.6904296875 0.5717288546875 0.685546875 0.5790587109375 0.685546875 0.5937184249999999 0.6884765625 0.5981163390625001 0.6953125 0.59665036875
0 0.6279296875 0.48963445468750005 0.6181640625 0.49256639687500003 0.61328125 0.4998962546875 0.6162109375 0.5160219406250001 0.625 0.51455596875 0.634765625 0.4998962546875 0.6279296875 0.48963445468750005
0 0.5830078125 0.45445114062499997 0.580078125 0.4588490546875 0.580078125 0.47350876875000003 0.5849609375 0.4808386265625 0.58984375 0.4793726546875 0.591796875 0.4617809984375 0.5830078125 0.45445114062499997
0 0.626953125 0.4764407109375 0.6328125 0.464712940625 0.6328125 0.4500532265625 0.6279296875 0.44272336875 0.6220703125 0.44272336875 0.611328125 0.4559171125 0.611328125 0.46764488281250005 0.6162109375 0.477906684375 0.626953125 0.4764407109375
0 0.927734375 0.14806311249999998 0.9345703125 0.1583249140625 0.951171875 0.159790884375 0.958984375 0.1539269984375 0.95703125 0.1363353421875 0.958984375 0.1246075703125 0.9560546875 0.12020965624999999 0.9521484375 0.11727771406250001 0.9404296875 0.12020965624999999 0.927734375 0.1334034 0.927734375 0.14806311249999998
0 0.9326171875 0.293194284375 0.939453125 0.2917283125 0.951171875 0.2800005421875 0.953125 0.2653408265625 0.9443359375 0.249215140625 0.9306640625 0.24628319843750002 0.919921875 0.262408884375 0.91796875 0.2712047125 0.9248046875 0.2873303984375 0.9326171875 0.293194284375
0 0.921875 0.22722557031249999 0.92578125 0.221361684375 0.927734375 0.200838084375 0.9189453125 0.18764434218749998 0.9091796875 0.18764434218749998 0.90234375 0.1979061421875 0.904296875 0.21842974062499998 0.9111328125 0.22869154218749999 0.921875 0.22722557031249999
0 0.748046875 0.2917283125 0.75390625 0.2858644265625 0.75390625 0.2653408265625 0.7490234375 0.25801097031250003 0.7431640625 0.25801097031250003 0.73828125 0.2653408265625 0.736328125 0.2800005421875 0.7431640625 0.293194284375 0.748046875 0.2917283125
0 0.80078125 0.2536130546875 0.806640625 0.24188528437499998 0.8046875 0.2301575125 0.7978515625 0.22282765625 0.7880859375 0.2257595984375 0.78515625 0.2301575125 0.78515625 0.24774917031250002 0.7919921875 0.255079028125 0.80078125 0.2536130546875
0 0.626953125 0.23308945625000002 0.6240234375 0.21696377031249997 0.6142578125 0.21696377031249997 0.609375 0.22429362656250001 0.611328125 0.2389533421875 0.6162109375 0.24628319843750002 0.619140625 0.244817228125 0.626953125 0.23308945625000002
0 0.67578125 0.200838084375 0.6689453125 0.1964401703125 0.666015625 0.200838084375 0.666015625 0.21256585625 0.671875 0.2154977984375 0.67578125 0.2096339140625 0.67578125 0.200838084375
0 0.71875 0.17151865625 0.71875 0.159790884375 0.7158203125 0.152461028125 0.7099609375 0.152461028125 0.703125 0.1656547703125 0.7080078125 0.1788485125 0.71484375 0.1773825421875 0.71875 0.17151865625
0 0.6318359375 0.11434577187499999 0.625 0.1275395140625 0.625 0.13926728593749998 0.6298828125 0.1465971421875 0.63671875 0.14806311249999998 0.640625 0.118743684375 0.6318359375 0.11434577187499999
0 0.546875 0.1015625 0.021875 0.0375
0 0.59765625 0.0747645421875 0.59765625 0.063036771875 0.5927734375 0.049843028125 0.5869140625 0.049843028125 0.580078125 0.057172885937499994 0.578125 0.0718326 0.591796875 0.08356037031249999 0.59765625 0.0747645421875
0 0.548828125 0.1539269984375 0.5556640625 0.152461028125 0.560546875 0.13926728593749998 0.5537109375 0.1260735421875 0.5419921875 0.1231416 0.533203125 0.1334034 0.533203125 0.14806311249999998 0.5380859375 0.1553929703125 0.548828125 0.1539269984375
0 0.48046875 0.2389533421875 0.486328125 0.2301575125 0.486328125 0.21256585625 0.4814453125 0.20523599843749998 0.4755859375 0.20523599843749998 0.46875 0.2154977984375 0.466796875 0.2301575125 0.4716796875 0.24041931249999998 0.48046875 0.2389533421875
0 0.3984375 0.180314484375 0.400390625 0.19204225625 0.41015625 0.19204225625 0.41015625 0.1773825421875 0.4033203125 0.17298462812499998 0.3984375 0.180314484375
0 0.4267578125 0.19057628437500002 0.4375 0.19204225625 0.4443359375 0.19057628437500002 0.44921875 0.1832464265625 0.44921875 0.17151865625 0.4404296875 0.16125685625 0.4326171875 0.16125685625 0.4248046875 0.16712074062499999 0.421875 0.1773825421875 0.4267578125 0.19057628437500002
0 0.29765625 0.24296875 0.0234375 0.0375
0 0.3359375 0.21256585625 0.3359375 0.200838084375 0.3251953125 0.1964401703125 0.322265625 0.200838084375 0.322265625 0.21256585625 0.3251953125 0.21989571406250003 0.330078125 0.21842974062499998 0.3359375 0.21256585625
0 0.33984375 0.0689006578125 0.3330078125 0.05863885625 0.3291015625 0.05863885625 0.322265625 0.0689006578125 0.322265625 0.080628428125 0.3271484375 0.0879582859375 0.3359375 0.08649231406249999 0.33984375 0.0689006578125
0 0.27734375 0.2301575125 0.27734375 0.2154977984375 0.2666015625 0.20523599843749998 0.2568359375 0.20523599843749998 0.251953125 0.22429362656250001 0.2626953125 0.23748736875 0.2734375 0.2360213984375 0.27734375 0.2301575125
0 0.291015625 0.17445059999999998 0.2861328125 0.16712074062499999 0.2783203125 0.16712074062499999 0.2734375 0.1773825421875 0.275390625 0.1861783703125 0.2802734375 0.193508228125 0.2890625 0.19204225625 0.291015625 0.17445059999999998
0 0.2109375 0.15685894218750002 0.216796875 0.15099505625 0.216796875 0.1363353421875 0.2099609375 0.12900548437499998 0.2021484375 0.12900548437499998 0.19921875 0.1334034 0.19921875 0.14806311249999998 0.2021484375 0.1553929703125 0.2109375 0.15685894218750002
0 0.05859375 0.0425131703125 0.064453125 0.0307854 0.060546875 0.00732985625 0.0517578125 0 0.0361328125 0.0029319421875 0.033203125 0.0102618 0.04296875 0.0337173421875 0.0498046875 0.04397914375 0.05859375 0.0425131703125
0 0.0322265625 0.1847124 0.0390625 0.1832464265625 0.0458984375 0.18178045625 0.0546875 0.162722828125 0.0439453125 0.1465971421875 0.0361328125 0.1436651984375 0.0244140625 0.1495290859375 0.01953125 0.162722828125 0.021484375 0.17151865625 0.0322265625 0.1847124
0 0.201171875 0.21256585625 0.1962890625 0.20523599843749998 0.1865234375 0.20523599843749998 0.18359375 0.2096339140625 0.18359375 0.21842974062499998 0.1884765625 0.2257595984375 0.19921875 0.22429362656250001 0.201171875 0.21256585625
0 0.0205078125 0.29905817031250004 0.02734375 0.300524140625 0.0341796875 0.29905817031250004 0.0390625 0.2917283125 0.0390625 0.28293248437499996 0.0341796875 0.2756026265625 0.0166015625 0.272670684375 0.013671875 0.28293248437499996 0.015625 0.2917283125 0.0205078125 0.29905817031250004
0 0.2421875 0.2975921984375 0.25390625 0.303456084375 0.2626953125 0.29905817031250004 0.267578125 0.28879636875000003 0.267578125 0.2800005421875 0.2607421875 0.269738740625 0.2470703125 0.269738740625 0.2421875 0.2770685984375 0.240234375 0.28879636875000003 0.2421875 0.2975921984375
0 0.2373046875 0.38115256875000003 0.24609375 0.382618540625 0.2529296875 0.38115256875000003 0.2578125 0.3738227125 0.2578125 0.3591629984375 0.2451171875 0.3459692546875 0.2392578125 0.3459692546875 0.23046875 0.3562310546875 0.23046875 0.3679588265625 0.2373046875 0.38115256875000003
0 0.2919921875 0.293194284375 0.287109375 0.300524140625 0.287109375 0.30931997031249997 0.2900390625 0.31371788437500003 0.294921875 0.3122519125 0.298828125 0.300524140625 0.2919921875 0.293194284375
0 0.169921875 0.39141436875 0.17578125 0.382618540625 0.17578125 0.3738227125 0.1689453125 0.36649285468750004 0.1572265625 0.36649285468750004 0.154296875 0.3738227125 0.15625 0.382618540625 0.1650390625 0.392880340625 0.169921875 0.39141436875
0 0.166015625 0.4764407109375 0.17578125 0.46764488281250005 0.17578125 0.4588490546875 0.1630859375 0.4456553125 0.1552734375 0.4456553125 0.1484375 0.4617809984375 0.1484375 0.47057682500000003 0.1533203125 0.477906684375 0.166015625 0.4764407109375
0 0.025390625 0.53507956875 0.03515625 0.523351796875 0.037109375 0.51455596875 0.0283203125 0.4954983390625 0.0166015625 0.49256639687500003 0.005859375 0.5057601390625 0.005859375 0.5174879109375 0.0126953125 0.530681653125 0.025390625 0.53507956875
0 0.048828125 0.6201059109375 0.0439453125 0.6098441109375 0.0283203125 0.60691216875 0.021484375 0.6171739671875 0.0234375 0.6289017390625 0.0322265625 0.6420954828125 0.044921875 0.6406295109375 0.048828125 0.6201059109375
0 0 0.705132253125 0.0087890625 0.7183259953125 0.01953125 0.7197919671874999 0.025390625 0.705132253125 0.0205078125 0.694870453125 0.0107421875 0.68900656875 0 0.69340448125 0 0.705132253125
0 0.03125 0.7930905375 0.037109375 0.7872266531250001 0.037109375 0.7784308249999999 0.0322265625 0.768169025 0.0205078125 0.768169025 0.015625 0.7725669390625 0.015625 0.7842947109375 0.0205078125 0.7916245671875 0.03125 0.7930905375
0 0.533203125 0.3650268828125 0.541015625 0.3562310546875 0.54296875 0.344503284375 0.5361328125 0.334241484375 0.5283203125 0.334241484375 0.5234375 0.344503284375 0.5234375 0.3562310546875 0.5263671875 0.3635609125 0.533203125 0.3650268828125
0 0.3859375 0.3859375 0.0234375 0.04375
0 0.416015625 0.3532991125 0.4169921875 0.331309540625 0.4072265625 0.3225137125 0.3994140625 0.3225137125 0.392578125 0.32984356875 0.392578125 0.3386393984375 0.3974609375 0.3489011984375 0.4033203125 0.3547650828125 0.416015625 0.3532991125
0 0.22265625 0.564398996875 0.228515625 0.552671225 0.228515625 0.5438753968750001 0.2197265625 0.530681653125 0.2041015625 0.5277497109375 0.201171875 0.5321476265625 0.203125 0.55560316875 0.2138671875 0.5658649671875 0.22265625 0.564398996875
0 0.234375 0.5057601390625 0.2421875 0.4969643125 0.2421875 0.4911004265625 0.2314453125 0.477906684375 0.2236328125 0.477906684375 0.216796875 0.4911004265625 0.220703125 0.502828196875 0.2255859375 0.5072261109375 0.234375 0.5057601390625
0 0.265625 0.4500532265625 0.2626953125 0.44272336875 0.2529296875 0.43392754062499994 0.244140625 0.44125739687500004 0.244140625 0.4500532265625 0.2529296875 0.46324696875000004 0.26171875 0.4617809984375 0.265625 0.4500532265625
0 0.275390625 0.3972782546875 0.2763671875 0.41047199843750004 0.2890625 0.41193796875000005 0.291015625 0.400210196875 0.2861328125 0.392880340625 0.275390625 0.3972782546875
0 0.322265625 0.41486991250000005 0.330078125 0.3972782546875 0.328125 0.3884824265625 0.3212890625 0.38115256875000003 0.3134765625 0.38115256875000003 0.30859375 0.3943463125 0.310546875 0.41193796875000005 0.3134765625 0.4163358828125 0.322265625 0.41486991250000005
0 0.349609375 0.3796865984375 0.35546875 0.3679588265625 0.35546875 0.35036717031250003 0.3447265625 0.3371734265625 0.3349609375 0.34010536875 0.328125 0.3532991125 0.330078125 0.3738227125 0.3388671875 0.38115256875000003 0.349609375 0.3796865984375
0 0.181640625 0.5174879109375 0.185546875 0.51455596875 0.185546875 0.5057601390625 0.1767578125 0.49256639687500003 0.1669921875 0.49256639687500003 0.162109375 0.4998962546875 0.1650390625 0.5130899984374999 0.1728515625 0.5189538828125 0.181640625 0.5174879109375
0 0.1484375 0.6699489390625 0.1484375 0.6611531109375 0.1376953125 0.6508913109375001 0.1318359375 0.6538232546875 0.1328125 0.6699489390625 0.1376953125 0.677278796875 0.14453125 0.6758128250000001 0.1484375 0.6699489390625
0 0.169921875 0.6201059109375 0.1650390625 0.6127760531249999 0.1513671875 0.6098441109375 0.1484375 0.614242025 0.1484375 0.623037853125 0.1552734375 0.6362315953125 0.16796875 0.634765625 0.169921875 0.6201059109375
0 0.171875 0.7285877953125001 0.169921875 0.7109961390625 0.1591796875 0.7065982234375 0.15625 0.7109961390625 0.15625 0.7256558531249999 0.1611328125 0.7329857109375 0.169921875 0.7315197390625 0.171875 0.7285877953125001
0 0.205078125 0.684608653125 0.205078125 0.6699489390625 0.1943359375 0.6596871390625 0.185546875 0.6699489390625 0.185546875 0.6787447671875 0.1904296875 0.6919385109375 0.201171875 0.6904725390625 0.205078125 0.684608653125
0 0.2109375 0.8605252234374999 0.216796875 0.8517293953125 0.216796875 0.83706968125 0.2099609375 0.8238759375000001 0.2001953125 0.8209439953125001 0.1953125 0.8312057953125 0.1953125 0.845865509375 0.2041015625 0.8590592515625 0.2109375 0.8605252234374999
0 0.171875 0.9514154515625 0.1796875 0.9426196234375 0.181640625 0.9279599093750001 0.1728515625 0.9176981078124999 0.1552734375 0.9118342234375 0.15234375 0.9220960234375 0.154296875 0.9367557375000001 0.1630859375 0.952881421875 0.171875 0.9514154515625
0 0.056640625 0.9719390515624999 0.05859375 0.9543473953125 0.0458984375 0.9411536515625001 0.0322265625 0.9440855953125 0.033203125 0.966075165625 0.0439453125 0.9792689093750001 0.05078125 0.9778029374999999 0.056640625 0.9719390515624999
0 0.279296875 0.73445168125 0.2763671875 0.7212579390625 0.2666015625 0.7183259953125 0.255859375 0.7285877953125001 0.2578125 0.7403155671875 0.2626953125 0.747645425 0.2734375 0.746179453125 0.279296875 0.73445168125
0 0.3056640625 0.7623051390625 0.31640625 0.7608391671875 0.322265625 0.7520433390625 0.32421875 0.7432475109375 0.322265625 0.73445168125 0.3115234375 0.7241898828125 0.3017578125 0.7241898828125 0.294921875 0.737383625 0.298828125 0.75497528125 0.3056640625 0.7623051390625
0 0.29296875 0.581990653125 0.2880859375 0.5717288546875 0.2802734375 0.5687969109375001 0.2734375 0.5761267671875 0.2734375 0.584922596875 0.2783203125 0.592252453125 0.2890625 0.5907864828125 0.29296875 0.581990653125
0 0.25390625 0.567330940625 0.25390625 0.552671225 0.2470703125 0.542409425 0.2412109375 0.542409425 0.23828125 0.564398996875 0.2451171875 0.574660796875 0.25 0.5731948250000001 0.25390625 0.567330940625
0 0.9189453125 0.4075400546875 0.92578125 0.40607408281249996 0.93359375 0.3972782546875 0.935546875 0.3884824265625 0.93359375 0.37675465468749997 0.9248046875 0.3694247984375 0.9111328125 0.37528868437499996 0.908203125 0.382618540625 0.91015625 0.3972782546875 0.9189453125 0.4075400546875
0 0.85546875 0.4998962546875 0.853515625 0.4911004265625 0.8466796875 0.48670251093749994 0.83984375 0.49403236875 0.83984375 0.5057601390625 0.8447265625 0.5130899984374999 0.849609375 0.5116240249999999 0.85546875 0.4998962546875
0 0.8974609375 0.4485872546875 0.8896484375 0.4485872546875 0.8828125 0.4588490546875 0.8896484375 0.474974740625 0.90234375 0.4764407109375 0.90625 0.46764488281250005 0.8974609375 0.4485872546875
0 0.99609375 0.4500532265625 0.99609375 0.43539351093749995 0.9853515625 0.43099559843749996 0.9765625 0.44125739687500004 0.9765625 0.4559171125 0.9814453125 0.460315025 0.990234375 0.4588490546875 0.99609375 0.4500532265625
0 0.96484375 0.6171739671875 0.97265625 0.6083781390625 0.97265625 0.59665036875 0.9638671875 0.58638856875 0.9580078125 0.58638856875 0.94921875 0.59665036875 0.947265625 0.605446196875 0.9541015625 0.6186399406249999 0.96484375 0.6171739671875
0 0.8296875 0.5828125 0.0171875 0.025
0 0.8720703125 0.542409425 0.8603515625 0.542409425 0.853515625 0.552671225 0.8603515625 0.5658649671875 0.869140625 0.564398996875 0.875 0.55560316875 0.8720703125 0.542409425
0 0.541015625 0.43539351093749995 0.541015625 0.426597684375 0.5322265625 0.4192678265625 0.525390625 0.426597684375 0.525390625 0.43539351093749995 0.5302734375 0.4456553125 0.53515625 0.44418934062500004 0.541015625 0.43539351093749995
0 0.4111328125 0.42806365468749996 0.4013671875 0.42806365468749996 0.3984375 0.43832545468750006 0.4072265625 0.45445114062499997 0.412109375 0.45298516875 0.416015625 0.43539351093749995 0.4111328125 0.42806365468749996
0 0.462890625 0.3738227125 0.4599609375 0.36649285468750004 0.4521484375 0.36649285468750004 0.44921875 0.37089076875 0.44921875 0.382618540625 0.4560546875 0.392880340625 0.458984375 0.39141436875 0.462890625 0.3738227125
0 0.3078125 0.58359375 0.0203125 0.0390625
0 0.341796875 0.552671225 0.345703125 0.5409434531249999 0.34375 0.5321476265625 0.3388671875 0.5277497109375 0.3310546875 0.530681653125 0.328125 0.53507956875 0.330078125 0.5468073390625 0.3349609375 0.554137196875 0.341796875 0.552671225
0 0.345703125 0.625969796875 0.3427734375 0.6215718828125001 0.3330078125 0.6215718828125001 0.328125 0.6289017390625 0.328125 0.6376975687499999 0.3330078125 0.645027425 0.34375 0.643561453125 0.345703125 0.625969796875
0 0.3779296875 0.6186399406249999 0.3701171875 0.6186399406249999 0.365234375 0.625969796875 0.3681640625 0.6362315953125 0.37890625 0.6376975687499999 0.380859375 0.623037853125 0.3779296875 0.6186399406249999
0 0.3828125 0.6875405953125 0.3779296875 0.6802107390625001 0.3681640625 0.6802107390625001 0.365234375 0.69340448125 0.376953125 0.6992683671875 0.3828125 0.69340448125 0.3828125 0.6875405953125
0 0.37109375 0.581990653125 0.3779296875 0.5981163390625001 0.384765625 0.59665036875 0.38671875 0.5761267671875 0.3779296875 0.5658649671875 0.37109375 0.581990653125
0 0.5390625 0.7579072234375 0.544921875 0.746179453125 0.544921875 0.7315197390625 0.5380859375 0.7241898828125 0.5322265625 0.7241898828125 0.525390625 0.73445168125 0.525390625 0.7432475109375 0.5302734375 0.7535093093749999 0.5390625 0.7579072234375
0 0.80078125 0.8693210515625 0.8076171875 0.8678550812499999 0.81640625 0.85759328125 0.81640625 0.8429335671875 0.8056640625 0.8326717671875 0.7998046875 0.8326717671875 0.791015625 0.8429335671875 0.79296875 0.8663891093749999 0.80078125 0.8693210515625
0 0.830078125 0.9162321375 0.8359375 0.9103682515625 0.8359375 0.8927765953125 0.8291015625 0.8854467375 0.8193359375 0.8883786812500001 0.81640625 0.8957085375 0.818359375 0.9103682515625 0.8232421875 0.9176981078124999 0.830078125 0.9162321375
0 0.85546875 0.9572793374999999 0.861328125 0.9514154515625 0.86328125 0.9396876796875 0.8564453125 0.9294258796875001 0.8525390625 0.9294258796875001 0.845703125 0.9367557375000001 0.84375 0.948483509375 0.8466796875 0.955813365625 0.85546875 0.9572793374999999
0 0.796875 0.9807348796875001 0.7958984375 0.9675411374999999 0.7802734375 0.96460919375 0.7734375 0.9719390515624999 0.771484375 0.9807348796875001 0.7744140625 0.9880647375 0.791015625 0.986598765625 0.796875 0.9807348796875001
0 0.9873046875 0.715394053125 0.9814453125 0.715394053125 0.974609375 0.7285877953125001 0.9775390625 0.735917653125 0.984375 0.737383625 0.990234375 0.7285877953125001 0.9873046875 0.715394053125
0 0.890625 0.6787447671875 0.8779296875 0.674346853125 0.873046875 0.6875405953125 0.8779296875 0.694870453125 0.88671875 0.6963364249999999 0.892578125 0.6875405953125 0.890625 0.6787447671875
0 0.857421875 0.763771109375 0.859375 0.7520433390625 0.8525390625 0.74471348125 0.845703125 0.7520433390625 0.84375 0.7608391671875 0.8466796875 0.768169025 0.853515625 0.766703053125 0.857421875 0.763771109375
0 0.66796875 0.7520433390625 0.673828125 0.746179453125 0.67578125 0.737383625 0.6708984375 0.727121825 0.6611328125 0.727121825 0.65625 0.73445168125 0.65625 0.746179453125 0.6630859375 0.7535093093749999 0.66796875 0.7520433390625
0 0.59375 0.9719390515624999 0.59375 0.9631432234374999 0.5888671875 0.955813365625 0.5810546875 0.955813365625 0.578125 0.9631432234374999 0.578125 0.97487099375 0.583984375 0.9778029374999999 0.59375 0.9719390515624999
0 0.583984375 0.7491113953124999 0.5751953125 0.7417815375 0.5703125 0.7579072234375 0.5732421875 0.76523708125 0.578125 0.766703053125 0.583984375 0.7608391671875 0.583984375 0.7491113953124999
0 0.58203125 0.708064196875 0.58203125 0.6904725390625 0.5771484375 0.68314268125 0.5712890625 0.68314268125 0.56640625 0.6992683671875 0.5712890625 0.7124621109375 0.578125 0.71392808125 0.58203125 0.708064196875
0 0.5322265625 0.68314268125 0.5244140625 0.68314268125 0.521484375 0.6875405953125 0.5234375 0.6963364249999999 0.53125 0.6992683671875 0.53515625 0.6875405953125 0.5322265625 0.68314268125
0 0.5068359375 0.66261908125 0.5009765625 0.66261908125 0.49609375 0.6699489390625 0.4990234375 0.6802107390625001 0.5078125 0.6787447671875 0.509765625 0.6670169968749999 0.5068359375 0.66261908125
0 0.55078125 0.655289225 0.5419921875 0.6538232546875 0.5390625 0.6670169968749999 0.5439453125 0.674346853125 0.546875 0.6728808828124999 0.55078125 0.6670169968749999 0.55078125 0.655289225
0 0.52734375 0.634765625 0.5205078125 0.6303677109375 0.513671875 0.643561453125 0.5185546875 0.6508913109375001 0.52734375 0.6494253390625 0.529296875 0.643561453125 0.52734375 0.634765625
0 0.5400390625 0.554137196875 0.5322265625 0.554137196875 0.529296875 0.5585351109375 0.53125 0.5761267671875 0.541015625 0.5761267671875 0.54296875 0.5585351109375 0.5400390625 0.554137196875
0 0.568359375 0.53507956875 0.5654296875 0.530681653125 0.5556640625 0.5277497109375 0.548828125 0.53507956875 0.548828125 0.5438753968750001 0.5537109375 0.5512052546875 0.56640625 0.5497392828125001 0.568359375 0.53507956875
0 0.408203125 0.6699489390625 0.4130859375 0.6802107390625001 0.421875 0.6787447671875 0.423828125 0.664085053125 0.4189453125 0.6596871390625 0.408203125 0.6699489390625
0 0.419921875 0.6376975687499999 0.419921875 0.6289017390625 0.4169921875 0.6215718828125001 0.4111328125 0.6215718828125001 0.408203125 0.6376975687499999 0.4130859375 0.645027425 0.416015625 0.643561453125 0.419921875 0.6376975687499999
0 0.41015625 0.7285877953125001 0.4052734375 0.7212579390625 0.3984375 0.7285877953125001 0.3984375 0.746179453125 0.40234375 0.7491113953124999 0.41015625 0.737383625 0.41015625 0.7285877953125001
0 0.2880859375 0.9734050234374999 0.294921875 0.9719390515624999 0.3095703125 0.96460919375 0.3125 0.9572793374999999 0.310546875 0.948483509375 0.2978515625 0.9411536515625001 0.2841796875 0.9411536515625001 0.27734375 0.9514154515625 0.279296875 0.9631432234374999 0.2880859375 0.9734050234374999
0 0.447265625 0.8810488234375 0.458984375 0.8693210515625 0.458984375 0.8546613390625 0.4541015625 0.8473314796875 0.4404296875 0.8473314796875 0.43359375 0.85759328125 0.43359375 0.8663891093749999 0.4423828125 0.8795828515625 0.447265625 0.8810488234375
0 0.5078125 0.9015724234375 0.5029296875 0.8854467375 0.4951171875 0.8825147937500001 0.486328125 0.889844653125 0.484375 0.8986404796875 0.4892578125 0.9089022812499999 0.501953125 0.9103682515625 0.5078125 0.9015724234375
0 0.490234375 0.8224099671875 0.4873046875 0.8092162234375 0.4736328125 0.80628428125 0.466796875 0.8136141390624999 0.466796875 0.8253419093750001 0.4716796875 0.8326717671875 0.482421875 0.8312057953125 0.490234375 0.8224099671875
0 0.1125 0.73046875 0.0203125 0.040625
0 0.1171875 0.79296875 0.0171875 0.0359375
0 0.14453125 0.8078125 0.0171875 0.0234375
0 0.2140625 0.72578125 0.021875 0.0359375
0 0.23828125 0.6875 0.0203125 0.046875
0 0.2734375 0.8671875 0.0234375 0.0296875
0 0.2 0.59453125 0.021875 0.0296875
0 0.21328125 0.6140625 0.0203125 0.0328125
0 0.128125 0.25 0.025 0.040625
0 0.25390625 0.11796875 0.01875 0.0328125
0 0.20859375 0.3078125 0.01875 0.0296875
0 0.43984375 0.05625 0.0203125 0.040625
0 0.39375 0.81796875 0.025 0.034375
0 0.2859375 0.78515625 0.028125 0.0328125
0 0.32578125 0.69609375 0.0234375 0.0234375
0 0.36171875 0.815625 0.0203125 0.05
0 0.51171875 0.84921875 0.015625 0.025
0 0.55390625 0.84296875 0.025 0.0421875
0 0.49921875 0.86875 0.021875 0.0375
0 0.52578125 0.81875 0.0203125 0.028125
0 0.51171875 0.79140625 0.021875 0.0328125
0 0.5390625 0.7875 0.025 0.03125
0 0.61171875 0.81796875 0.01875 0.040625
0 0.64296875 0.91171875 0.0203125 0.0296875
0 0.5890625 0.64609375 0.021875 0.04375
0 0.63203125 0.68515625 0.01875 0.040625
0 0.54140625 0.203125 0.0203125 0.0390625
0 0.56484375 0.234375 0.03125 0.0375
0 0.67421875 0.43203125 0.0234375 0.0390625
0 0.7125 0.465625 0.01875 0.0328125
0 0.74921875 0.45859375 0.015625 0.0328125
0 0.70625 0.5234375 0.025 0.03125
0 0.7296875 0.565625 0.0203125 0.03125
0 0.64140625 0.63671875 0.0203125 0.034375
0 0.68515625 0.64296875 0.021875 0.028125
0 0.7046875 0.6125 0.0203125 0.0234375
0 0.66796875 0.62578125 0.015625 0.0359375
0 0.7109375 0.69296875 0.0234375 0.028125
0 0.6984375 0.75078125 0.021875 0.034375
0 0.9421875 0.93671875 0.0234375 0.040625
0 0.8609375 0.8765625 0.0171875 0.0296875
0 0.8453125 0.846875 0.021875 0.03125
0 0.96484375 0.85390625 0.0203125 0.0265625
0 0.8796875 0.3875 0.0328125 0.04375
0 0.86796875 0.3109375 0.0203125 0.040625
0 0.990625 0.4046875 0.01875 0.034375
0 0.93671875 0.3171875 0.0328125 0.0328125
0 0.284375 0.5125 0.0265625 0.0390625
0 0.31875 0.4640625 0.0203125 0.0359375
0 0.453125 0.4453125 0.0171875 0.034375
0 0.43125 0.49765625 0.015625 0.025
0 0.4796875 0.58671875 0.0171875 0.034375
0 0.553125 0.36875 0.01875 0.0359375
0 0.59140625 0.4015625 0.01875 0.0328125
0 0.59765625 0.36015625 0.015625 0.0296875
0 0.4671875 0.9578125 0.01875 0.03125
0 0.47578125 0.8765625 0.021875 0.03125
0 0.53515625 0.94296875 0.01875 0.03125
0 0.66953125 0.81484375 0.021875 0.0296875
0 0.71015625 0.82421875 0.015625 0.0265625
0 0.72421875 0.84453125 0.0171875 0.0296875
0 0.97890625 0.80546875 0.0203125 0.0390625
0 0.89609375 0.7171875 0.0203125 0.028125
0 0.86484375 0.66015625 0.0171875 0.034375