0 0.03046875 0.43203125 0.0515625 0.1109375
0 0.12109375 0.3453125 0.065625 0.0875
0 0.19375 0.43671875 0.0796875 0.121875
0 0.18828125 0.925 0.0953125 0.1109375
0 0.4890625 0.5140625 0.0953125 0.125
0 0.5859375 0.55234375 0.0671875 0.0953125
0 0.74609375 0.5765625 0.0890625 0.1171875
0 0.659375 0.35625 0.090625 0.10625
0 0.84921875 0.40546875 0.1171875 0.125
0 0.9046875 0.21328125 0.065625 0.09375
0 0.7609375 0.29453125 0.05625 0.090625
0 0.71015625 0.034375 0.0796875 0.06875
0 0.34296875 0.03046875 0.0953125 0.0609375
0 0.24921875 0.11875 0.0484375 0.065625
0 0.828125 0.70390625 0.078125 0.1578125
0 0.7984375 0.92109375 0.109375 0.1359375
0 0.9734375 0.96875 0.053125 0.0625
0 0.97734375 0.80859375 0.0453125 0.1203125
0 0.95625 0.66796875 0.053125 0.084375
0 0.9609375 0.33203125 0.0375 0.0890625
0 0.97734375 0.4171875 0.0453125 0.06875
0 0.97265625 0.03984375 0.0515625 0.0796875
0 0.41328125 0.82734375 0.1125 0.1828125