0 0.435546875 0.13069016093750002 0.435546875 0.1365638765625 0.4560546875 0.1703377390625 0.470703125 0.1776798828125 0.4931640625 0.1791483109375 0.5107421875 0.16740088125000002 0.521484375 0.154185021875 0.51953125 0.12775330468749999 0.5068359375 0.1086637296875 0.4892578125 0.09985315781250001 0.4736328125 0.09985315781250001 0.4482421875 0.11453744531250001 0.435546875 0.13069016093750002
0 0.23828125 0.06901615312500001 0.240234375 0.0954478703125 0.2451171875 0.105726871875 0.259765625 0.113069015625 0.2841796875 0.11453744531250001 0.3017578125 0.10279001406249999 0.3212890625 0.08223201249999999 0.3330078125 0.061674009375000005 0.3564453125 0.055800293749999993 0.3701171875 0.041116006249999996 0.3837890625 0.035242290625 0.388671875 0.02202643125 0.38671875 0.010279001562499999 0.3837890625 0.0058737156249999995 0.3369140625 0.0058737156249999995 0.2431640625 0.061674009375000005 0.23828125 0.06901615312500001
0 0.2138671875 0.10279001406249999 0.1845703125 0.1086637296875 0.173828125 0.12775330468749999 0.18359375 0.1512481640625 0.1982421875 0.15271659375 0.2080078125 0.14684287812500002 0.224609375 0.12775330468749999 0.224609375 0.113069015625 0.2138671875 0.10279001406249999
0 0.12109375 0.183553596875 0.1083984375 0.18208516875 0.0693359375 0.2202643171875 0.06640625 0.23054331874999998 0.0732421875 0.23201174687499998 0.1005859375 0.21439060156249998 0.119140625 0.1923641703125 0.12109375 0.183553596875
0 0.1904296875 0.16740088125000002 0.1806640625 0.1703377390625 0.173828125 0.1923641703125 0.181640625 0.2041116 0.2001953125 0.202643171875 0.205078125 0.1864904546875 0.203125 0.180616740625 0.1904296875 0.16740088125000002
0 0.1455078125 0.1409691625 0.130859375 0.154185021875 0.130859375 0.16299559531250002 0.142578125 0.174743025 0.1572265625 0.173274596875 0.16796875 0.1600587375 0.1611328125 0.1439060203125 0.1455078125 0.1409691625
0 0.2890625 0.23054331874999998 0.287109375 0.251101321875 0.291015625 0.2628487515625 0.302734375 0.271659325 0.3134765625 0.273127753125 0.326171875 0.2569750359375 0.326171875 0.2334801765625 0.3212890625 0.2261380328125 0.2978515625 0.2202643171875 0.2890625 0.23054331874999998
0 0.2890625 0.23054331874999998 0.287109375 0.251101321875 0.291015625 0.2628487515625 0.302734375 0.271659325 0.3134765625 0.273127753125 0.326171875 0.2569750359375 0.326171875 0.2334801765625 0.3212890625 0.2261380328125 0.2978515625 0.2202643171875 0.2890625 0.23054331874999998
0 0.376953125 0.21292217343750003 0.373046875 0.2276064609375 0.373046875 0.236417034375 0.384765625 0.24816446406249998 0.3955078125 0.2496328921875 0.40234375 0.2334801765625 0.396484375 0.21292217343750003 0.3876953125 0.20558002968750003 0.376953125 0.21292217343750003
0 0.3369140625 0.1908957421875 0.33203125 0.20117474375 0.333984375 0.21585903125 0.341796875 0.224669603125 0.3486328125 0.2261380328125 0.357421875 0.2187958890625 0.357421875 0.2041116 0.3486328125 0.187958884375 0.3369140625 0.1908957421875
0 0.5830078125 0.1380323046875 0.568359375 0.1659324515625 0.5830078125 0.1908957421875 0.599609375 0.20117474375 0.6142578125 0.202643171875 0.6240234375 0.19676945625 0.634765625 0.174743025 0.630859375 0.14831130625 0.62109375 0.1365638765625 0.634765625 0.13069016093750002 0.640625 0.1101321578125 0.640625 0.0925110125 0.6357421875 0.08223201249999999 0.6240234375 0.07342143906250001 0.6044921875 0.07342143906250001 0.58984375 0.08957415625000001 0.587890625 0.11600587343749999 0.595703125 0.13362701875 0.5830078125 0.1380323046875
0 0.5908203125 0.132158590625 0.568359375 0.16299559531250002 0.5712890625 0.176211453125 0.59765625 0.20117474375 0.6201171875 0.1997063140625 0.6328125 0.183553596875 0.6328125 0.1512481640625 0.6181640625 0.132158590625 0.5908203125 0.132158590625
0 0.7490234375 0.029368575 0.744140625 0.0455212921875 0.75 0.0748898671875 0.763671875 0.08957415625000001 0.7763671875 0.091042584375 0.787109375 0.077826725 0.787109375 0.051395007812500004 0.783203125 0.039647576562499995 0.7685546875 0.0234948609375 0.7490234375 0.029368575
0 0.880859375 0.051395007812500004 0.8828125 0.07195301093749999 0.8974609375 0.0939794421875 0.91015625 0.1013215859375 0.9267578125 0.10279001406249999 0.931640625 0.0954478703125 0.931640625 0.08370044062500001 0.9052734375 0.035242290625 0.8857421875 0.041116006249999996 0.880859375 0.051395007812500004
0 0.794921875 0.2569750359375 0.794921875 0.271659325 0.7998046875 0.27900146875 0.833984375 0.2980910421875 0.8525390625 0.2966226140625 0.8671875 0.271659325 0.86328125 0.2422907484375 0.8388671875 0.22320117499999997 0.8076171875 0.2349486046875 0.794921875 0.2569750359375
0 0.705078125 0.45374449375000003 0.689453125 0.47430249687500003 0.7041015625 0.50220264375 0.7265625 0.5212922171875001 0.7666015625 0.5198237890625 0.77734375 0.5066079296875 0.787109375 0.4713656390625 0.78125 0.44493392031249995 0.7705078125 0.42584434687500006 0.7177734375 0.42584434687500006 0.70703125 0.4361233484375 0.705078125 0.45374449375000003
0 0.490234375 0.5624082234375 0.498046875 0.5829662265625 0.5087890625 0.5991189421875001 0.525390625 0.6123348015625 0.5380859375 0.6108663734374999 0.5615234375 0.5961820859375 0.583984375 0.5682819390625 0.580078125 0.524229075 0.5673828125 0.4992657859375 0.5419921875 0.5080763578124999 0.5146484375 0.5051395000000001 0.5078125 0.5124816453125 0.5029296875 0.5286343609374999 0.4951171875 0.5286343609374999 0.490234375 0.5359765046875 0.490234375 0.5624082234375
0 0.66015625 0.1982378859375 0.66015625 0.22173274531249998 0.6669921875 0.23201174687499998 0.673828125 0.2334801765625 0.6904296875 0.23201174687499998 0.69921875 0.2187958890625 0.69921875 0.1982378859375 0.6904296875 0.18208516875 0.6806640625 0.1791483109375 0.6669921875 0.1850220265625 0.66015625 0.1982378859375
0 0.4365234375 0.2085168875 0.427734375 0.2187958890625 0.4296875 0.23935389062499998 0.439453125 0.24816446406249998 0.4482421875 0.24669603593749997 0.45703125 0.2334801765625 0.455078125 0.21585903125 0.4462890625 0.2085168875 0.4365234375 0.2085168875
0 0.521484375 0.23935389062499998 0.51953125 0.2569750359375 0.5263671875 0.27019089531249996 0.541015625 0.280469896875 0.55078125 0.27753303906250004 0.55859375 0.25991189375 0.55859375 0.2422907484375 0.5498046875 0.22907489062500003 0.5341796875 0.2261380328125 0.521484375 0.23935389062499998
0 0.6162109375 0.23788546249999998 0.607421875 0.251101321875 0.607421875 0.2628487515625 0.61328125 0.271659325 0.6298828125 0.273127753125 0.63671875 0.2628487515625 0.634765625 0.24522760625 0.6240234375 0.2349486046875 0.6162109375 0.23788546249999998
0 0.728125 0.3109375 0.0421875 0.0546875
0 0.6865234375 0.25256975000000004 0.67578125 0.26872246718750004 0.67578125 0.280469896875 0.685546875 0.292217328125 0.7001953125 0.29368575625000004 0.708984375 0.2834067546875 0.70703125 0.2628487515625 0.6962890625 0.2496328921875 0.6865234375 0.25256975000000004
0 0.58984375 0.348017621875 0.587890625 0.362701909375 0.5986328125 0.378854625 0.611328125 0.3832599125 0.6201171875 0.384728340625 0.630859375 0.3685756234375 0.6328125 0.3538913359375 0.6240234375 0.328928046875 0.6044921875 0.3259911890625 0.58984375 0.348017621875
0 0.333984375 0.433186490625 0.33203125 0.44493392031249995 0.3408203125 0.4640234953125 0.35546875 0.4713656390625 0.3642578125 0.469897209375 0.37109375 0.45961820781249996 0.373046875 0.44199706250000004 0.3623046875 0.41997063125 0.3486328125 0.4170337734375 0.333984375 0.433186490625
0 0.0693359375 0.2966226140625 0.064453125 0.306901615625 0.064453125 0.321585903125 0.076171875 0.33627019062499997 0.0908203125 0.33480176250000004 0.103515625 0.3157121875 0.107421875 0.2980910421875 0.0966796875 0.287812040625 0.0791015625 0.287812040625 0.0693359375 0.2966226140625
0 0.1396484375 0.33480176250000004 0.134765625 0.34214390625 0.134765625 0.3538913359375 0.142578125 0.362701909375 0.1513671875 0.36123347968749997 0.1630859375 0.34948605 0.171875 0.32745961874999996 0.1513671875 0.3259911890625 0.1396484375 0.33480176250000004
0 0.0205078125 0.37591776875 0.001953125 0.3979442 0 0.40675477187500003 0.00390625 0.4126284875 0.0166015625 0.41409691562499995 0.02734375 0.4008810578125 0.02734375 0.38619676875 0.0205078125 0.37591776875
0 0.0185546875 0.4787077828125 0.0048828125 0.48751835468750004 0 0.5066079296875 0.001953125 0.5154185015625 0.0322265625 0.5139500734375 0.033203125 0.48311306875 0.0185546875 0.4787077828125
0 0.037109375 0.62408223125 0.033203125 0.6328928046875 0.033203125 0.656387665625 0.044921875 0.671071953125 0.0576171875 0.6696035250000001 0.07421875 0.644640234375 0.076171875 0.6328928046875 0.0693359375 0.6196769453125001 0.0517578125 0.6167400875 0.037109375 0.62408223125
0 0.0224609375 0.552129221875 0.01171875 0.56534508125 0.0078125 0.585903084375 0.01953125 0.5976505140625 0.0302734375 0.5961820859375 0.041015625 0.585903084375 0.044921875 0.5712187953125001 0.0419921875 0.5580029375 0.0224609375 0.552129221875
0 0.2140625 0.553125 0.0421875 0.05625
0 0.1669921875 0.4933920703125 0.15234375 0.5095447875 0.15234375 0.5212922171875001 0.1640625 0.5359765046875 0.1904296875 0.5374449343750001 0.203125 0.524229075 0.203125 0.518355359375 0.1806640625 0.4933920703125 0.1669921875 0.4933920703125
0 0.1845703125 0.41997063125 0.169921875 0.4361233484375 0.169921875 0.4566813515625 0.185546875 0.47430249687500003 0.2021484375 0.47283406718750004 0.212890625 0.45961820781249996 0.21484375 0.44199706250000004 0.2060546875 0.42584434687500006 0.1845703125 0.41997063125
0 0.2607421875 0.4845814984375 0.24609375 0.503671071875 0.248046875 0.5212922171875001 0.2578125 0.533039646875 0.2822265625 0.53157121875 0.2890625 0.5212922171875001 0.2890625 0.503671071875 0.2802734375 0.48751835468750004 0.2607421875 0.4845814984375
0 0.2470703125 0.6842878125 0.23828125 0.6945668140625 0.236328125 0.712187959375 0.251953125 0.7298091046875 0.265625 0.7239353890625 0.267578125 0.6975036703125 0.2568359375 0.6842878125 0.2470703125 0.6842878125
0 0.2001953125 0.6549192359375 0.1953125 0.6622613796875 0.197265625 0.6886930984374999 0.208984375 0.700440528125 0.2216796875 0.7019089578125 0.232421875 0.685756240625 0.232421875 0.671071953125 0.2138671875 0.651982378125 0.2001953125 0.6549192359375
0 0.3310546875 0.6255506609375 0.3203125 0.6387665203124999 0.318359375 0.6534508078125 0.341796875 0.6828193828125 0.3525390625 0.6842878125 0.359375 0.6740088109375 0.359375 0.656387665625 0.353515625 0.6387665203124999 0.3427734375 0.6255506609375 0.3310546875 0.6255506609375
0 0.396484375 0.72099853125 0.3984375 0.7444933921875 0.4072265625 0.7577092515625 0.41796875 0.7621145375 0.4404296875 0.763582965625 0.466796875 0.726872246875 0.466796875 0.7151248171875 0.4482421875 0.6813509546875001 0.4365234375 0.678414096875 0.4130859375 0.6842878125 0.40234375 0.700440528125 0.396484375 0.72099853125
0 0.3076171875 0.7870778265625 0.30078125 0.7973568281250001 0.30078125 0.8061674015625 0.3203125 0.8208516890625001 0.3310546875 0.8223201171875001 0.3408203125 0.816446403125 0.349609375 0.80323054375 0.3515625 0.7856093984375 0.3447265625 0.775330396875 0.3291015625 0.7723935390625 0.3076171875 0.7870778265625
0 0.4072265625 0.790014684375 0.388671875 0.8149779734375 0.38671875 0.8355359765625 0.40234375 0.8502202640625001 0.4228515625 0.8487518359375 0.431640625 0.838472834375 0.435546875 0.80323054375 0.4306640625 0.7958884 0.4072265625 0.790014684375
0 0.5859375 0.7621145375 0.6044921875 0.7929515421875 0.6162109375 0.8017621140625 0.630859375 0.80323054375 0.6591796875 0.804698971875 0.6728515625 0.7958884 0.708984375 0.7503671078124999 0.708984375 0.7298091046875 0.6923828125 0.7019089578125 0.6630859375 0.6813509546875001 0.6240234375 0.678414096875 0.6044921875 0.693098384375 0.5859375 0.7239353890625 0.5859375 0.7621145375
0 0.7001953125 0.651982378125 0.689453125 0.6651982375000001 0.693359375 0.69162995625 0.703125 0.6975036703125 0.7177734375 0.6960352421875 0.728515625 0.67694566875 0.724609375 0.6622613796875 0.7158203125 0.651982378125 0.7001953125 0.651982378125
0 0.763671875 0.65051395 0.7578125 0.6681350953125 0.7626953125 0.678414096875 0.775390625 0.685756240625 0.7919921875 0.6872246703125 0.8125 0.6651982375000001 0.806640625 0.6475770921875 0.796875 0.6387665203124999 0.798828125 0.62408223125 0.7861328125 0.6108663734374999 0.7724609375 0.6167400875 0.759765625 0.6358296625000001 0.763671875 0.65051395
0 0.798828125 0.524229075 0.798828125 0.5506607921875 0.8115234375 0.5756240828125 0.83203125 0.5829662265625 0.8505859375 0.5785609390625 0.8671875 0.5624082234375 0.865234375 0.5212922171875001 0.8486328125 0.4992657859375 0.8232421875 0.49632892812499996 0.802734375 0.5154185015625 0.798828125 0.524229075
0 0.912109375 0.48898678437500004 0.912109375 0.5095447875 0.9169921875 0.51688693125 0.9296875 0.5212922171875001 0.9482421875 0.51688693125 0.95703125 0.5007342140625 0.951171875 0.47430249687500003 0.9423828125 0.466960353125 0.9248046875 0.469897209375 0.912109375 0.48898678437500004
0 0.9599609375 0.552129221875 0.94921875 0.56534508125 0.947265625 0.585903084375 0.96875 0.6064610859374999 0.9775390625 0.607929515625 0.990234375 0.585903084375 0.9794921875 0.5550660796875 0.9599609375 0.552129221875
0 0.0078125 0.756240821875 0.00390625 0.767988253125 0.00390625 0.78854625625 0.0078125 0.7914831125 0.0517578125 0.7812041109375001 0.060546875 0.7650513953125 0.05859375 0.7474302500000001 0.0498046875 0.7371512484375 0.0283203125 0.7312775328125001 0.0078125 0.756240821875
0 0.1181640625 0.7518355359375 0.107421875 0.7650513953125 0.10546875 0.7797356828125 0.1171875 0.78854625625 0.1279296875 0.78414096875 0.138671875 0.770925109375 0.140625 0.7591776796875 0.1357421875 0.7518355359375 0.1181640625 0.7518355359375
0 0.875 0.18828125 0.05 0.0625
0 0.775 0.215625 0.0421875 0.0609375
0 0.7328125 0.196875 0.0421875 0.065625
0 0.39765625 0.42265625 0.0296875 0.0546875
0 0.41015625 0.64609375 0.0390625 0.046875