0 0.48046875 0.12775330468749999 0.478515625 0.154185021875 0.4892578125 0.16740088125000002 0.5068359375 0.1791483109375 0.529296875 0.1776798828125 0.5439453125 0.1703377390625 0.564453125 0.1365638765625 0.564453125 0.13069016093750002 0.5517578125 0.11453744531250001 0.5263671875 0.09985315781250001 0.5107421875 0.09985315781250001 0.4931640625 0.1086637296875 0.48046875 0.12775330468749999
0 0.611328125 0.02202643125 0.6162109375 0.035242290625 0.6298828125 0.041116006249999996 0.6435546875 0.055800293749999993 0.6669921875 0.061674009375000005 0.6787109375 0.08223201249999999 0.6982421875 0.10279001406249999 0.7158203125 0.11453744531250001 0.740234375 0.113069015625 0.7548828125 0.105726871875 0.759765625 0.0954478703125 0.76171875 0.06901615312500001 0.7568359375 0.061674009375000005 0.6630859375 0.0058737156249999995 0.6162109375 0.0058737156249999995 0.61328125 0.010279001562499999 0.611328125 0.02202643125
0 0.81640625 0.1512481640625 0.826171875 0.12775330468749999 0.8154296875 0.1086637296875 0.7861328125 0.10279001406249999 0.775390625 0.113069015625 0.775390625 0.12775330468749999 0.7919921875 0.14684287812500002 0.8017578125 0.15271659375 0.81640625 0.1512481640625
0 0.9306640625 0.2202643171875 0.8916015625 0.18208516875 0.87890625 0.183553596875 0.880859375 0.1923641703125 0.8994140625 0.21439060156249998 0.9267578125 0.23201174687499998 0.93359375 0.23054331874999998 0.9306640625 0.2202643171875
0 0.826171875 0.1923641703125 0.8193359375 0.1703377390625 0.8095703125 0.16740088125000002 0.796875 0.180616740625 0.794921875 0.1864904546875 0.7998046875 0.202643171875 0.818359375 0.2041116 0.826171875 0.1923641703125
0 0.869140625 0.16299559531250002 0.869140625 0.154185021875 0.8544921875 0.1409691625 0.8388671875 0.1439060203125 0.83203125 0.1600587375 0.8427734375 0.173274596875 0.857421875 0.174743025 0.869140625 0.16299559531250002
0 0.6865234375 0.273127753125 0.697265625 0.271659325 0.708984375 0.2628487515625 0.712890625 0.251101321875 0.7109375 0.23054331874999998 0.7021484375 0.2202643171875 0.6787109375 0.2261380328125 0.673828125 0.2334801765625 0.673828125 0.2569750359375 0.6865234375 0.273127753125
0 0.6865234375 0.273127753125 0.697265625 0.271659325 0.708984375 0.2628487515625 0.712890625 0.251101321875 0.7109375 0.23054331874999998 0.7021484375 0.2202643171875 0.6787109375 0.2261380328125 0.673828125 0.2334801765625 0.673828125 0.2569750359375 0.6865234375 0.273127753125
0 0.615234375 0.24816446406249998 0.626953125 0.236417034375 0.626953125 0.2276064609375 0.623046875 0.21292217343750003 0.6123046875 0.20558002968750003 0.603515625 0.21292217343750003 0.59765625 0.2334801765625 0.6044921875 0.2496328921875 0.615234375 0.24816446406249998
0 0.658203125 0.224669603125 0.666015625 0.21585903125 0.66796875 0.20117474375 0.6630859375 0.1908957421875 0.6513671875 0.187958884375 0.642578125 0.2041116 0.642578125 0.2187958890625 0.6513671875 0.2261380328125 0.658203125 0.224669603125
0 0.3759765625 0.07342143906250001 0.3642578125 0.08223201249999999 0.359375 0.0925110125 0.359375 0.1101321578125 0.365234375 0.13069016093750002 0.37890625 0.1365638765625 0.369140625 0.14831130625 0.365234375 0.174743025 0.3759765625 0.19676945625 0.3857421875 0.202643171875 0.400390625 0.20117474375 0.4169921875 0.1908957421875 0.431640625 0.1659324515625 0.4169921875 0.1380323046875 0.404296875 0.13362701875 0.412109375 0.11600587343749999 0.41015625 0.08957415625000001 0.3955078125 0.07342143906250001 0.3759765625 0.07342143906250001
0 0.40234375 0.20117474375 0.4287109375 0.176211453125 0.431640625 0.16299559531250002 0.4091796875 0.132158590625 0.3818359375 0.132158590625 0.3671875 0.1512481640625 0.3671875 0.183553596875 0.3798828125 0.1997063140625 0.40234375 0.20117474375
0 0.2236328125 0.091042584375 0.236328125 0.08957415625000001 0.25 0.0748898671875 0.255859375 0.0455212921875 0.2509765625 0.029368575 0.2314453125 0.0234948609375 0.216796875 0.039647576562499995 0.212890625 0.051395007812500004 0.212890625 0.077826725 0.2236328125 0.091042584375
0 0.0732421875 0.10279001406249999 0.08984375 0.1013215859375 0.1025390625 0.0939794421875 0.1171875 0.07195301093749999 0.119140625 0.051395007812500004 0.1142578125 0.041116006249999996 0.0947265625 0.035242290625 0.068359375 0.08370044062500001 0.068359375 0.0954478703125 0.0732421875 0.10279001406249999
0 0.1474609375 0.2966226140625 0.166015625 0.2980910421875 0.2001953125 0.27900146875 0.205078125 0.271659325 0.205078125 0.2569750359375 0.1923828125 0.2349486046875 0.1611328125 0.22320117499999997 0.13671875 0.2422907484375 0.1328125 0.271659325 0.1474609375 0.2966226140625
0 0.212890625 0.4713656390625 0.22265625 0.5066079296875 0.2333984375 0.5198237890625 0.2734375 0.5212922171875001 0.2958984375 0.50220264375 0.310546875 0.47430249687500003 0.294921875 0.45374449375000003 0.29296875 0.4361233484375 0.2822265625 0.42584434687500006 0.2294921875 0.42584434687500006 0.21875 0.44493392031249995 0.212890625 0.4713656390625
0 0.4853515625 0.5051395000000001 0.4580078125 0.5080763578124999 0.4326171875 0.4992657859375 0.419921875 0.524229075 0.416015625 0.5682819390625 0.4384765625 0.5961820859375 0.4619140625 0.6108663734374999 0.474609375 0.6123348015625 0.4912109375 0.5991189421875001 0.501953125 0.5829662265625 0.509765625 0.5624082234375 0.509765625 0.5359765046875 0.5048828125 0.5286343609374999 0.4970703125 0.5286343609374999 0.4921875 0.5124816453125 0.4853515625 0.5051395000000001
0 0.30078125 0.2187958890625 0.3095703125 0.23201174687499998 0.326171875 0.2334801765625 0.3330078125 0.23201174687499998 0.33984375 0.22173274531249998 0.33984375 0.1982378859375 0.3330078125 0.1850220265625 0.3193359375 0.1791483109375 0.3095703125 0.18208516875 0.30078125 0.1982378859375 0.30078125 0.2187958890625
0 0.560546875 0.24816446406249998 0.5703125 0.23935389062499998 0.572265625 0.2187958890625 0.5634765625 0.2085168875 0.5537109375 0.2085168875 0.544921875 0.21585903125 0.54296875 0.2334801765625 0.5517578125 0.24669603593749997 0.560546875 0.24816446406249998
0 0.44921875 0.27753303906250004 0.458984375 0.280469896875 0.4736328125 0.27019089531249996 0.48046875 0.2569750359375 0.478515625 0.23935389062499998 0.4658203125 0.2261380328125 0.4501953125 0.22907489062500003 0.44140625 0.2422907484375 0.44140625 0.25991189375 0.44921875 0.27753303906250004
0 0.38671875 0.271659325 0.392578125 0.2628487515625 0.392578125 0.251101321875 0.3837890625 0.23788546249999998 0.3759765625 0.2349486046875 0.365234375 0.24522760625 0.36328125 0.2628487515625 0.3701171875 0.273127753125 0.38671875 0.271659325
0 0.271875 0.3109375 0.0421875 0.0546875
0 0.314453125 0.292217328125 0.32421875 0.280469896875 0.32421875 0.26872246718750004 0.3134765625 0.25256975000000004 0.3037109375 0.2496328921875 0.29296875 0.2628487515625 0.291015625 0.2834067546875 0.2998046875 0.29368575625000004 0.314453125 0.292217328125
0 0.3798828125 0.384728340625 0.388671875 0.3832599125 0.4013671875 0.378854625 0.412109375 0.362701909375 0.41015625 0.348017621875 0.3955078125 0.3259911890625 0.3759765625 0.328928046875 0.3671875 0.3538913359375 0.369140625 0.3685756234375 0.3798828125 0.384728340625
0 0.6357421875 0.469897209375 0.64453125 0.4713656390625 0.6591796875 0.4640234953125 0.66796875 0.44493392031249995 0.666015625 0.433186490625 0.6513671875 0.4170337734375 0.6376953125 0.41997063125 0.626953125 0.44199706250000004 0.62890625 0.45961820781249996 0.6357421875 0.469897209375
0 0.9091796875 0.33480176250000004 0.923828125 0.33627019062499997 0.935546875 0.321585903125 0.935546875 0.306901615625 0.9306640625 0.2966226140625 0.9208984375 0.287812040625 0.9033203125 0.287812040625 0.892578125 0.2980910421875 0.896484375 0.3157121875 0.9091796875 0.33480176250000004
0 0.857421875 0.362701909375 0.865234375 0.3538913359375 0.865234375 0.34214390625 0.8603515625 0.33480176250000004 0.8486328125 0.3259911890625 0.828125 0.32745961874999996 0.8369140625 0.34948605 0.8486328125 0.36123347968749997 0.857421875 0.362701909375
0 1 0.40675477187500003 0.998046875 0.3979442 0.9794921875 0.37591776875 0.97265625 0.38619676875 0.97265625 0.4008810578125 0.9833984375 0.41409691562499995 0.99609375 0.4126284875 1 0.40675477187500003
0 0.9951171875 0.48751835468750004 0.9814453125 0.4787077828125 0.966796875 0.48311306875 0.9677734375 0.5139500734375 0.998046875 0.5154185015625 1 0.5066079296875 0.9951171875 0.48751835468750004
0 0.9423828125 0.6696035250000001 0.955078125 0.671071953125 0.966796875 0.656387665625 0.966796875 0.6328928046875 0.962890625 0.62408223125 0.9482421875 0.6167400875 0.9306640625 0.6196769453125001 0.923828125 0.6328928046875 0.92578125 0.644640234375 0.9423828125 0.6696035250000001
0 0.98046875 0.5976505140625 0.9921875 0.585903084375 0.98828125 0.56534508125 0.9775390625 0.552129221875 0.9580078125 0.5580029375 0.955078125 0.5712187953125001 0.958984375 0.585903084375 0.9697265625 0.5961820859375 0.98046875 0.5976505140625
0 0.7859375 0.553125 0.0421875 0.05625
0 0.8359375 0.5359765046875 0.84765625 0.5212922171875001 0.84765625 0.5095447875 0.8330078125 0.4933920703125 0.8193359375 0.4933920703125 0.796875 0.518355359375 0.796875 0.524229075 0.8095703125 0.5374449343750001 0.8359375 0.5359765046875
0 0.814453125 0.47430249687500003 0.830078125 0.4566813515625 0.830078125 0.4361233484375 0.8154296875 0.41997063125 0.7939453125 0.42584434687500006 0.78515625 0.44199706250000004 0.787109375 0.45961820781249996 0.7978515625 0.47283406718750004 0.814453125 0.47430249687500003
0 0.7421875 0.533039646875 0.751953125 0.5212922171875001 0.75390625 0.503671071875 0.7392578125 0.4845814984375 0.7197265625 0.48751835468750004 0.7109375 0.503671071875 0.7109375 0.5212922171875001 0.7177734375 0.53157121875 0.7421875 0.533039646875
0 0.763671875 0.712187959375 0.76171875 0.6945668140625 0.7529296875 0.6842878125 0.7431640625 0.6842878125 0.732421875 0.6975036703125 0.734375 0.7239353890625 0.748046875 0.7298091046875 0.763671875 0.712187959375
0 0.791015625 0.700440528125 0.802734375 0.6886930984374999 0.8046875 0.6622613796875 0.7998046875 0.6549192359375 0.7861328125 0.651982378125 0.767578125 0.671071953125 0.767578125 0.685756240625 0.7783203125 0.7019089578125 0.791015625 0.700440528125
0 0.6474609375 0.6842878125 0.658203125 0.6828193828125 0.681640625 0.6534508078125 0.6796875 0.6387665203124999 0.6689453125 0.6255506609375 0.6572265625 0.6255506609375 0.646484375 0.6387665203124999 0.640625 0.656387665625 0.640625 0.6740088109375 0.6474609375 0.6842878125
0 0.533203125 0.7151248171875 0.533203125 0.726872246875 0.5595703125 0.763582965625 0.58203125 0.7621145375 0.5927734375 0.7577092515625 0.6015625 0.7444933921875 0.603515625 0.72099853125 0.59765625 0.700440528125 0.5869140625 0.6842878125 0.5634765625 0.678414096875 0.5517578125 0.6813509546875001 0.533203125 0.7151248171875
0 0.6591796875 0.816446403125 0.6689453125 0.8223201171875001 0.6796875 0.8208516890625001 0.69921875 0.8061674015625 0.69921875 0.7973568281250001 0.6923828125 0.7870778265625 0.6708984375 0.7723935390625 0.6552734375 0.775330396875 0.6484375 0.7856093984375 0.650390625 0.80323054375 0.6591796875 0.816446403125
0 0.59765625 0.8502202640625001 0.61328125 0.8355359765625 0.611328125 0.8149779734375 0.5927734375 0.790014684375 0.5693359375 0.7958884 0.564453125 0.80323054375 0.568359375 0.838472834375 0.5771484375 0.8487518359375 0.59765625 0.8502202640625001
0 0.3076171875 0.7019089578125 0.291015625 0.7298091046875 0.291015625 0.7503671078124999 0.3271484375 0.7958884 0.3408203125 0.804698971875 0.369140625 0.80323054375 0.3837890625 0.8017621140625 0.3955078125 0.7929515421875 0.4140625 0.7621145375 0.4140625 0.7239353890625 0.3955078125 0.693098384375 0.3759765625 0.678414096875 0.3369140625 0.6813509546875001 0.3076171875 0.7019089578125
0 0.296875 0.6975036703125 0.306640625 0.69162995625 0.310546875 0.6651982375000001 0.2998046875 0.651982378125 0.2841796875 0.651982378125 0.275390625 0.6622613796875 0.271484375 0.67694566875 0.2822265625 0.6960352421875 0.296875 0.6975036703125
0 0.203125 0.6387665203124999 0.193359375 0.6475770921875 0.1875 0.6651982375000001 0.2080078125 0.6872246703125 0.224609375 0.685756240625 0.2373046875 0.678414096875 0.2421875 0.6681350953125 0.236328125 0.65051395 0.240234375 0.6358296625000001 0.2275390625 0.6167400875 0.2138671875 0.6108663734374999 0.201171875 0.62408223125 0.203125 0.6387665203124999
0 0.1328125 0.5624082234375 0.1494140625 0.5785609390625 0.16796875 0.5829662265625 0.1884765625 0.5756240828125 0.201171875 0.5506607921875 0.201171875 0.524229075 0.197265625 0.5154185015625 0.1767578125 0.49632892812499996 0.1513671875 0.4992657859375 0.134765625 0.5212922171875001 0.1328125 0.5624082234375
0 0.0517578125 0.51688693125 0.0703125 0.5212922171875001 0.0830078125 0.51688693125 0.087890625 0.5095447875 0.087890625 0.48898678437500004 0.0751953125 0.469897209375 0.0576171875 0.466960353125 0.048828125 0.47430249687500003 0.04296875 0.5007342140625 0.0517578125 0.51688693125
0 0.052734375 0.585903084375 0.05078125 0.56534508125 0.0400390625 0.552129221875 0.0205078125 0.5550660796875 0.009765625 0.585903084375 0.0224609375 0.607929515625 0.03125 0.6064610859374999 0.052734375 0.585903084375
0 0.9482421875 0.7812041109375001 0.9921875 0.7914831125 0.99609375 0.78854625625 0.99609375 0.767988253125 0.9921875 0.756240821875 0.9716796875 0.7312775328125001 0.9501953125 0.7371512484375 0.94140625 0.7474302500000001 0.939453125 0.7650513953125 0.9482421875 0.7812041109375001
0 0.8828125 0.78854625625 0.89453125 0.7797356828125 0.892578125 0.7650513953125 0.8818359375 0.7518355359375 0.8642578125 0.7518355359375 0.859375 0.7591776796875 0.861328125 0.770925109375 0.8720703125 0.78414096875 0.8828125 0.78854625625
0 0.125 0.18828125 0.05 0.0625
0 0.225 0.215625 0.0421875 0.0609375
0 0.2671875 0.196875 0.0421875 0.065625
0 0.60234375 0.42265625 0.0296875 0.0546875
0 0.58984375 0.64609375 0.0390625 0.046875