0 0.596875 0.46015625 0.0546875 0.0375
0 0.584375 0.53359375 0.0578125 0.0515625
0 0.13828125 0.43515625 0.040625 0.04609375
0 0.2015625 0.43203125 0.03828125 0.0390625
0 0.3109375 0.4328125 0.02265625 0.0375
0 0.409375 0.52890625 0.04765625 0.03828125
0 0.41484375 0.2921875 0.05859375 0.05703125
0 0.4828125 0.39375 0.04765625 0.046875
0 0.26484375 0.45859375 0.0453125 0.04140625
0 0.22734375 0.50625 0.0390625 0.0375
0 0.1921875 0.584375 0.028125 0.028125
0 0.5078125 0.7796875 0.0421875 0.0453125
0 0.45859375 0.82734375 0.0453125 0.059375
0 0.5375 0.60703125 0.04140625 0.03359375
0 0.52734375 0.66796875 0.04375 0.0390625
0 0.578125 0.76171875 0.04921875 0.0453125
0 0.5390625 0.83515625 0.03125 0.03515625
0 0.60625 0.81640625 0.03671875 0.0453125
0 0.6921875 0.815625 0.04609375 0.04296875
0 0.75703125 0.8203125 0.05234375 0.04609375
0 0.7 0.58203125 0.040625 0.03203125
0 0.721875 0.33046875 0.02734375 0.0265625
0 0.59375 0.36328125 0.0390625 0.03046875
0 0.6890625 0.37109375 0.02265625 0.0234375
0 0.76796875 0.4109375 0.06015625 0.053125
0 0.809375 0.47734375 0.0734375 0.053125
0 0.7734375 0.54921875 0.03828125 0.04296875
0 0.47109375 0.6515625 0.0421875 0.0453125
0 0.53359375 0.4296875 0.034375 0.034375
0 0.7078125 0.434375 0.03671875 0.04375
0 0.66796875 0.19921875 0.0578125 0.059375
0 0.60859375 0.215625 0.03203125 0.03984375
0 0.44765625 0.1109375 0.0328125 0.04375
0 0.48359375 0.1125 0.0265625 0.03984375
0 0.34921875 0.1453125 0.034375 0.034375
0 0.221875 0.20703125 0.04609375 0.03984375
0 0.27890625 0.1859375 0.02734375 0.0359375
0 0.31015625 0.175 0.03515625 0.0390625
0 0.3046875 0.77734375 0.05078125 0.05859375
0 0.3390625 0.7171875 0.05546875 0.0359375
0 0.51953125 0.87578125 0.0515625 0.04609375
0 0.609375 0.92421875 0.0421875 0.04453125
0 0.66796875 0.95625 0.0578125 0.06796875
0 0.50078125 0.9546875 0.03359375 0.04921875
0 0.7578125 0.675 0.05390625 0.07109375
0 0.6921875 0.69921875 0.0421875 0.04140625
0 0.82890625 0.67109375 0.05234375 0.04765625
0 0.8734375 0.60234375 0.0546875 0.0421875
0 0.89453125 0.49296875 0.0421875 0.05078125
0 0.75078125 0.23203125 0.04921875 0.05
0 0.69140625 0.25703125 0.0359375 0.03125
0 0.8015625 0.175 0.02578125 0.03515625
0 0.8859375 0.1953125 0.03984375 0.05625
0 0.653125 0.028125 0.04296875 0.04921875
0 0.78203125 0.03359375 0.03515625 0.040625
0 0.5359375 0.09375 0.03828125 0.0375
0 0.24765625 0.81171875 0.05703125 0.04609375
0 0.19375 0.6453125 0.05078125 0.04765625
0 0.115625 0.67578125 0.04140625 0.03828125
0 0.446875 0.4546875 0.03515625 0.04453125
0 0.7578125 0.3125 0.04375 0.0390625
0 0.79453125 0.75625 0.0625 0.07421875
0 0.80546875 0.92578125 0.0765625 0.046875
0 0.16015625 0.88203125 0.04765625 0.0515625
0 0.29375 0.890625 0.046875 0.0390625
0 0.340625 0.86953125 0.06640625 0.0515625