0 0.596875 0.53984375 0.0546875 0.0375
0 0.584375 0.46640625 0.0578125 0.0515625
0 0.13828125 0.56484375 0.040625 0.04609375
0 0.2015625 0.56796875 0.03828125 0.0390625
0 0.3109375 0.5671875 0.02265625 0.0375
0 0.409375 0.47109375 0.04765625 0.03828125
0 0.41484375 0.7078125 0.05859375 0.05703125
0 0.4828125 0.60625 0.04765625 0.046875
0 0.26484375 0.54140625 0.0453125 0.04140625
0 0.22734375 0.49375 0.0390625 0.0375
0 0.1921875 0.415625 0.028125 0.028125
0 0.5078125 0.2203125 0.0421875 0.0453125
0 0.45859375 0.17265625 0.0453125 0.059375
0 0.5375 0.39296875 0.04140625 0.03359375
0 0.52734375 0.33203125 0.04375 0.0390625
0 0.578125 0.23828125 0.04921875 0.0453125
0 0.5390625 0.16484375 0.03125 0.03515625
0 0.60625 0.18359375 0.03671875 0.0453125
0 0.6921875 0.184375 0.04609375 0.04296875
0 0.75703125 0.1796875 0.05234375 0.04609375
0 0.7 0.41796875 0.040625 0.03203125
0 0.721875 0.66953125 0.02734375 0.0265625
0 0.59375 0.63671875 0.0390625 0.03046875
0 0.6890625 0.62890625 0.02265625 0.0234375
0 0.76796875 0.5890625 0.06015625 0.053125
0 0.809375 0.52265625 0.0734375 0.053125
0 0.7734375 0.45078125 0.03828125 0.04296875
0 0.47109375 0.3484375 0.0421875 0.0453125
0 0.53359375 0.5703125 0.034375 0.034375
0 0.7078125 0.565625 0.03671875 0.04375
0 0.66796875 0.80078125 0.0578125 0.059375
0 0.60859375 0.784375 0.03203125 0.03984375
0 0.44765625 0.8890625 0.0328125 0.04375
0 0.48359375 0.8875 0.0265625 0.03984375
0 0.34921875 0.8546875 0.034375 0.034375
0 0.221875 0.79296875 0.04609375 0.03984375
0 0.27890625 0.8140625 0.02734375 0.0359375
0 0.31015625 0.825 0.03515625 0.0390625
0 0.3046875 0.22265625 0.05078125 0.05859375
0 0.3390625 0.2828125 0.05546875 0.0359375
0 0.51953125 0.12421875 0.0515625 0.04609375
0 0.609375 0.07578125 0.0421875 0.04453125
0 0.66796875 0.04375 0.0578125 0.06796875
0 0.50078125 0.0453125 0.03359375 0.04921875
0 0.7578125 0.325 0.05390625 0.07109375
0 0.6921875 0.30078125 0.0421875 0.04140625
0 0.82890625 0.32890625 0.05234375 0.04765625
0 0.8734375 0.39765625 0.0546875 0.0421875
0 0.89453125 0.50703125 0.0421875 0.05078125
0 0.75078125 0.76796875 0.04921875 0.05
0 0.69140625 0.74296875 0.0359375 0.03125
0 0.8015625 0.825 0.02578125 0.03515625
0 0.8859375 0.8046875 0.03984375 0.05625
0 0.653125 0.971875 0.04296875 0.04921875
0 0.78203125 0.96640625 0.03515625 0.040625
0 0.5359375 0.90625 0.03828125 0.0375
0 0.24765625 0.18828125 0.05703125 0.04609375
0 0.19375 0.3546875 0.05078125 0.04765625
0 0.115625 0.32421875 0.04140625 0.03828125
0 0.446875 0.5453125 0.03515625 0.04453125
0 0.7578125 0.6875 0.04375 0.0390625
0 0.79453125 0.24375 0.0625 0.07421875
0 0.80546875 0.07421875 0.0765625 0.046875
0 0.16015625 0.11796875 0.04765625 0.0515625
0 0.29375 0.109375 0.046875 0.0390625
0 0.340625 0.13046875 0.06640625 0.0515625