0 0.934375 0.11640625 0.0953125 0.1203125
0 0.89609375 0.3109375 0.11875 0.1390625
0 0.88046875 0.534375 0.121875 0.1390625
0 0.78515625 0.22578125 0.109375 0.121875
0 0.6859375 0.1140625 0.0890625 0.1234375
0 0.6 0.02421875 0.1 0.0484375
0 0.490625 0.05 0.0578125 0.0578125
0 0.37578125 0.12109375 0.1125 0.1546875
0 0.29453125 0.20546875 0.0265625 0.04375
0 0.2203125 0.134375 0.10625 0.1484375
0 0.1734375 0.071875 0.05 0.05625
0 0.1828125 0.02265625 0.0515625 0.0453125
0 0.1171875 0.171875 0.084375 0.0890625
0 0.07109375 0.08046875 0.0484375 0.059375
0 0.05390625 0.14765625 0.0390625 0.053125
0 0.01875 0.06484375 0.0375 0.0828125
0 0.02109375 0.3703125 0.040625 0.053125
0 0.03671875 0.33515625 0.0328125 0.053125
0 0.01796875 0.3 0.0359375 0.053125
0 0.01875 0.2109375 0.034375 0.0421875
0 0.19296875 0.2578125 0.05625 0.065625
0 0.13828125 0.44140625 0.09375 0.13125
0 0.0234375 0.5125 0.046875 0.078125
0 0.08828125 0.671875 0.0359375 0.08125
0 0.27890625 0.50859375 0.0984375 0.1125
0 0.371875 0.5015625 0.0421875 0.0640625
0 0.3296875 0.31796875 0.0859375 0.11875
0 0.4390625 0.3984375 0.065625 0.084375
0 0.5359375 0.2109375 0.0890625 0.209375
0 0.6265625 0.35859375 0.0703125 0.1296875
0 0.7375 0.3234375 0.1015625 0.1140625
0 0.72421875 0.521875 0.0703125 0.096875
0 0.6375 0.51171875 0.078125 0.1015625
0 0.5265625 0.63515625 0.11875 0.1765625
0 0.69296875 0.684375 0.10625 0.121875
0 0.88515625 0.78671875 0.1015625 0.09375
0 0.82734375 0.8828125 0.053125 0.1359375
0 0.74375 0.8390625 0.0875 0.090625
0 0.65546875 0.96953125 0.0484375 0.0609375
0 0.74296875 0.97109375 0.0671875 0.0578125
0 0.56015625 0.96640625 0.1078125 0.0671875
0 0.59375 0.775 0.096875 0.1
0 0.39609375 0.7125 0.0890625 0.103125
0 0.32109375 0.64609375 0.0703125 0.1125
0 0.2703125 0.69453125 0.065625 0.0671875
0 0.346875 0.8234375 0.053125 0.1046875
0 0.2375 0.88046875 0.1140625 0.2390625
0 0.046875 0.8578125 0.078125 0.0859375
0 0.94609375 0.97421875 0.05625 0.0515625