0 0.33828125 0.28046875 0.0515625 0.0765625
0 0.44765625 0.32890625 0.0421875 0.0703125
0 0.575 0.25625 0.0375 0.0609375
0 0.515625 0.2015625 0.0390625 0.0640625
0 0.4890625 0.66328125 0.046875 0.06875
0 0.48203125 0.60859375 0.0515625 0.0671875
0 0.45078125 0.51640625 0.0515625 0.084375
0 0.6015625 0.52265625 0.046875 0.0921875
0 0.61875 0.62265625 0.0375 0.0640625
0 0.925 0.571875 0.0546875 0.078125
0 0.171875 0.11015625 0.046875 0.078125
0 0.084375 0.45234375 0.04375 0.0890625
0 0.25859375 0.5484375 0.0515625 0.0875
0 0.2203125 0.6734375 0.053125 0.0890625
0 0.2140625 0.7875 0.0546875 0.0796875
0 0.103125 0.7875 0.0640625 0.084375