0 0.18671875 0.55703125 0.0703125 0.134375
0 0.18828125 0.3828125 0.0546875 0.1109375
0 0.1890625 0.234375 0.0765625 0.0765625
0 0.2234375 0.109375 0.0921875 0.15625
0 0.4625 0.36953125 0.125 0.1921875
0 0.38515625 0.56875 0.128125 0.1671875
0 0.471875 0.53671875 0.0609375 0.09375
0 0.63828125 0.821875 0.0859375 0.1609375
0 0.41875 0.83125 0.078125 0.090625
0 0.459375 0.74140625 0.0484375 0.0578125
0 0.52109375 0.728125 0.053125 0.084375
0 0.02734375 0.7671875 0.0546875 0.1
0 0.39140625 0.06015625 0.1234375 0.090625
0 0.7234375 0.32265625 0.08125 0.0984375
0 0.7203125 0.4484375 0.096875 0.1171875
0 0.54375 0.4609375 0.090625 0.0890625
0 0.846875 0.4328125 0.109375 0.1015625
0 0.7625 0.04296875 0.059375 0.084375
0 0.68203125 0.16796875 0.096875 0.0984375
0 0.96171875 0.4796875 0.0765625 0.1921875
0 0.71640625 0.96640625 0.0734375 0.0671875
0 0.821875 0.97109375 0.0671875 0.0578125