0 0.66328125 0.64765625 0.04375 0.090625
0 0.71796875 0.578125 0.028125 0.06875
0 0.73984375 0.48359375 0.03125 0.046875
0 0.72890625 0.41015625 0.0609375 0.128125
0 0.6921875 0.4578125 0.0375 0.065625
0 0.72890625 0.33125 0.0328125 0.065625
0 0.6671875 0.34453125 0.053125 0.0546875
0 0.63125 0.41171875 0.0546875 0.04375
0 0.59140625 0.46328125 0.0609375 0.0546875
0 0.61875 0.45859375 0.0265625 0.040625
0 0.640625 0.5765625 0.03125 0.040625
0 0.61171875 0.73203125 0.0515625 0.075
0 0.59609375 0.640625 0.059375 0.06875
0 0.57578125 0.56796875 0.0359375 0.0390625
0 0.825 0.77734375 0.08125 0.1171875
0 0.8890625 0.721875 0.040625 0.0515625
0 0.8921875 0.8421875 0.0671875 0.0625
0 0.9203125 0.95703125 0.05625 0.0859375
0 0.99296875 0.8671875 0.0140625 0.059375
0 0.93046875 0.62734375 0.04375 0.053125
0 0.96953125 0.58984375 0.0453125 0.0671875
0 0.97890625 0.4921875 0.0421875 0.1171875
0 0.9125 0.490625 0.053125 0.06875
0 0.8421875 0.4984375 0.05625 0.0875
0 0.91875 0.34296875 0.121875 0.121875
0 0.9765625 0.27109375 0.046875 0.1078125
0 0.878125 0.1234375 0.065625 0.0796875
0 0.75703125 0.1015625 0.065625 0.0578125
0 0.77421875 0.246875 0.06875 0.08125
0 0.7046875 0.20546875 0.034375 0.04375
0 0.67421875 0.16015625 0.040625 0.05
0 0.61875 0.14765625 0.0390625 0.0359375
0 0.625 0.0546875 0.0453125 0.046875
0 0.703125 0.05390625 0.0578125 0.065625
0 0.5078125 0.2375 0.05625 0.0921875
0 0.4421875 0.246875 0.0421875 0.084375
0 0.39609375 0.22578125 0.0203125 0.0625
0 0.38203125 0.37734375 0.0359375 0.075
0 0.36640625 0.290625 0.03125 0.0625
0 0.33359375 0.30859375 0.028125 0.040625
0 0.4890625 0.734375 0.04375 0.08125
0 0.5359375 0.64453125 0.0234375 0.059375
0 0.5109375 0.83046875 0.03125 0.0609375
0 0.44453125 0.8953125 0.034375 0.05625
0 0.4125 0.79765625 0.040625 0.0484375
0 0.45625 0.75625 0.028125 0.0328125
0 0.36484375 0.6734375 0.0515625 0.0546875
0 0.2 0.5890625 0.0640625 0.0828125
0 0.28359375 0.709375 0.0515625 0.075
0 0.24140625 0.71796875 0.046875 0.0859375
0 0.3578125 0.9546875 0.0359375 0.0625
0 0.30390625 0.96640625 0.053125 0.053125
0 0.296875 0.8734375 0.034375 0.05
0 0.3015625 0.8078125 0.0359375 0.0546875
0 0.12265625 0.790625 0.05625 0.059375
0 0.128125 0.91796875 0.059375 0.0515625
0 0.121875 0.87578125 0.0375 0.0421875
0 0.08515625 0.61640625 0.040625 0.0609375
0 0.09375 0.57265625 0.0359375 0.065625
0 0.08828125 0.44375 0.05 0.0828125
0 0.01953125 0.42578125 0.0390625 0.071875
0 0.0890625 0.32890625 0.0375 0.0453125
0 0.21953125 0.290625 0.04375 0.059375
0 0.15234375 0.28359375 0.0453125 0.0828125
0 0.18203125 0.16640625 0.0546875 0.090625
0 0.209375 0.04296875 0.040625 0.0640625
0 0.37109375 0.0359375 0.040625 0.0546875
0 0.31796875 0.11328125 0.065625 0.08125
0 0.3203125 0.63203125 0.040625 0.059375
0 0.01484375 0.56328125 0.0296875 0.0859375