0 0.33671875 0.64765625 0.04375 0.090625
0 0.28203125 0.578125 0.028125 0.06875
0 0.26015625 0.48359375 0.03125 0.046875
0 0.27109375 0.41015625 0.0609375 0.128125
0 0.3078125 0.4578125 0.0375 0.065625
0 0.27109375 0.33125 0.0328125 0.065625
0 0.3328125 0.34453125 0.053125 0.0546875
0 0.36875 0.41171875 0.0546875 0.04375
0 0.40859375 0.46328125 0.0609375 0.0546875
0 0.38125 0.45859375 0.0265625 0.040625
0 0.359375 0.5765625 0.03125 0.040625
0 0.38828125 0.73203125 0.0515625 0.075
0 0.40390625 0.640625 0.059375 0.06875
0 0.42421875 0.56796875 0.0359375 0.0390625
0 0.175 0.77734375 0.08125 0.1171875
0 0.1109375 0.721875 0.040625 0.0515625
0 0.1078125 0.8421875 0.0671875 0.0625
0 0.0796875 0.95703125 0.05625 0.0859375
0 0.00703125 0.8671875 0.0140625 0.059375
0 0.06953125 0.62734375 0.04375 0.053125
0 0.03046875 0.58984375 0.0453125 0.0671875
0 0.02109375 0.4921875 0.0421875 0.1171875
0 0.0875 0.490625 0.053125 0.06875
0 0.1578125 0.4984375 0.05625 0.0875
0 0.08125 0.34296875 0.121875 0.121875
0 0.0234375 0.27109375 0.046875 0.1078125
0 0.121875 0.1234375 0.065625 0.0796875
0 0.24296875 0.1015625 0.065625 0.0578125
0 0.22578125 0.246875 0.06875 0.08125
0 0.2953125 0.20546875 0.034375 0.04375
0 0.32578125 0.16015625 0.040625 0.05
0 0.38125 0.14765625 0.0390625 0.0359375
0 0.375 0.0546875 0.0453125 0.046875
0 0.296875 0.05390625 0.0578125 0.065625
0 0.4921875 0.2375 0.05625 0.0921875
0 0.5578125 0.246875 0.0421875 0.084375
0 0.60390625 0.22578125 0.0203125 0.0625
0 0.61796875 0.37734375 0.0359375 0.075
0 0.63359375 0.290625 0.03125 0.0625
0 0.66640625 0.30859375 0.028125 0.040625
0 0.5109375 0.734375 0.04375 0.08125
0 0.4640625 0.64453125 0.0234375 0.059375
0 0.4890625 0.83046875 0.03125 0.0609375
0 0.55546875 0.8953125 0.034375 0.05625
0 0.5875 0.79765625 0.040625 0.0484375
0 0.54375 0.75625 0.028125 0.0328125
0 0.63515625 0.6734375 0.0515625 0.0546875
0 0.8 0.5890625 0.0640625 0.0828125
0 0.71640625 0.709375 0.0515625 0.075
0 0.75859375 0.71796875 0.046875 0.0859375
0 0.6421875 0.9546875 0.0359375 0.0625
0 0.69609375 0.96640625 0.053125 0.053125
0 0.703125 0.8734375 0.034375 0.05
0 0.6984375 0.8078125 0.0359375 0.0546875
0 0.87734375 0.790625 0.05625 0.059375
0 0.871875 0.91796875 0.059375 0.0515625
0 0.878125 0.87578125 0.0375 0.0421875
0 0.91484375 0.61640625 0.040625 0.0609375
0 0.90625 0.57265625 0.0359375 0.065625
0 0.91171875 0.44375 0.05 0.0828125
0 0.98046875 0.42578125 0.0390625 0.071875
0 0.9109375 0.32890625 0.0375 0.0453125
0 0.78046875 0.290625 0.04375 0.059375
0 0.84765625 0.28359375 0.0453125 0.0828125
0 0.81796875 0.16640625 0.0546875 0.090625
0 0.790625 0.04296875 0.040625 0.0640625
0 0.62890625 0.0359375 0.040625 0.0546875
0 0.68203125 0.11328125 0.065625 0.08125
0 0.6796875 0.63203125 0.040625 0.059375
0 0.98515625 0.56328125 0.0296875 0.0859375