0 0.28125 0.5734375 0.0875 0.1390625
0 0.2 0.61640625 0.0609375 0.0828125
0 0.34375 0.425 0.0859375 0.0859375
0 0.8625 0.49453125 0.1140625 0.21875
0 0.8984375 0.12578125 0.0734375 0.115625
0 0.82421875 0.034375 0.046875 0.06875
0 0.121875 0.10703125 0.09375 0.1390625
0 0.259375 0.1296875 0.0734375 0.090625
0 0.06640625 0.34453125 0.0421875 0.1140625
0 0.1828125 0.0359375 0.0625 0.065625
0 0.45078125 0.29453125 0.0484375 0.08125
0 0.321875 0.325 0.0515625 0.0828125
0 0.01796875 0.05546875 0.0359375 0.1109375