0 0.28125 0.4265625 0.0875 0.1390625
0 0.2 0.38359375 0.0609375 0.0828125
0 0.34375 0.575 0.0859375 0.0859375
0 0.8625 0.50546875 0.1140625 0.21875
0 0.8984375 0.87421875 0.0734375 0.115625
0 0.82421875 0.965625 0.046875 0.06875
0 0.121875 0.89296875 0.09375 0.1390625
0 0.259375 0.8703125 0.0734375 0.090625
0 0.06640625 0.65546875 0.0421875 0.1140625
0 0.1828125 0.9640625 0.0625 0.065625
0 0.45078125 0.70546875 0.0484375 0.08125
0 0.321875 0.675 0.0515625 0.0828125
0 0.01796875 0.94453125 0.0359375 0.1109375