0 0.71875 0.4265625 0.0875 0.1390625
0 0.8 0.38359375 0.0609375 0.0828125
0 0.65625 0.575 0.0859375 0.0859375
0 0.1375 0.50546875 0.1140625 0.21875
0 0.1015625 0.87421875 0.0734375 0.115625
0 0.17578125 0.965625 0.046875 0.06875
0 0.878125 0.89296875 0.09375 0.1390625
0 0.740625 0.8703125 0.0734375 0.090625
0 0.93359375 0.65546875 0.0421875 0.1140625
0 0.8171875 0.9640625 0.0625 0.065625
0 0.54921875 0.70546875 0.0484375 0.08125
0 0.678125 0.675 0.0515625 0.0828125
0 0.98203125 0.94453125 0.0359375 0.1109375