0 0.9640625 0.84609375 0.0703125 0.1046875
0 0.95546875 0.95859375 0.05 0.0546875
0 0.98671875 0.65 0.0265625 0.0703125
0 0.93203125 0.66796875 0.04375 0.071875
0 0.85234375 0.503125 0.05625 0.0890625
0 0.80078125 0.56953125 0.0703125 0.0890625
0 0.77421875 0.45703125 0.05625 0.09375
0 0.8296875 0.34375 0.0328125 0.040625
0 0.98125 0.39765625 0.0375 0.0328125
0 0.9828125 0.3546875 0.034375 0.046875
0 0.98515625 0.23203125 0.0296875 0.059375
0 0.984375 0.128125 0.03125 0.0640625
0 0.9453125 0.259375 0.059375 0.071875
0 0.9484375 0.19609375 0.0265625 0.0453125
0 0.93515625 0.1203125 0.04375 0.065625
0 0.90625 0.1484375 0.0375 0.046875
0 0.91328125 0.28515625 0.0609375 0.053125
0 0.89609375 0.2125 0.0203125 0.0359375
0 0.8515625 0.14765625 0.078125 0.0984375
0 0.75 0.225 0.0625 0.0671875
0 0.678125 0.49453125 0.0734375 0.0921875
0 0.53984375 0.4765625 0.053125 0.0578125
0 0.58046875 0.59765625 0.0578125 0.0953125
0 0.559375 0.73125 0.0625 0.078125
0 0.45859375 0.846875 0.059375 0.096875
0 0.54453125 0.96953125 0.0734375 0.0609375
0 0.90859375 0.8375 0.0265625 0.0359375
0 0.515625 0.2625 0.0328125 0.0625
0 0.5640625 0.21953125 0.040625 0.0390625
0 0.63359375 0.1421875 0.0828125 0.10625
0 0.43828125 0.1453125 0.10625 0.1203125
0 0.46015625 0.27578125 0.0359375 0.0390625
0 0.46640625 0.228125 0.0328125 0.03125
0 0.26171875 0.46953125 0.0265625 0.0421875
0 0.24453125 0.253125 0.0171875 0.0265625
0 0.16171875 0.1234375 0.065625 0.096875
0 0.196875 0.321875 0.0546875 0.0625
0 0.14375 0.67890625 0.0609375 0.05625
0 0.33359375 0.9046875 0.0484375 0.0796875
0 0.07109375 0.328125 0.0703125 0.084375
0 0.04140625 0.4 0.0421875 0.05
0 0.01328125 0.3671875 0.0265625 0.0765625
0 0.04453125 0.06484375 0.0890625 0.075