0 0.38984375 0.2140625 0.0046875 0.03671875
0 0.40859375 0.2234375 0.0140625 0.0171875
0 0.40390625 0.28828125 0.02265625 0.0359375
0 0.45078125 0.33203125 0.0203125 0.03203125
0 0.44296875 0.38984375 0.02265625 0.03359375
0 0.471875 0.359375 0.009375 0.02421875
0 0.49375 0.41796875 0.015625 0.03359375
0 0.5171875 0.40546875 0.01484375 0.04296875
0 0.5453125 0.46328125 0.02578125 0.04765625
0 0.346875 0.1875 0.025 0.0546875
0 0.50703125 0.1890625 0.03046875 0.0578125
0 0.3609375 0.0359375 0.02578125 0.05078125
0 0.17421875 0.13125 0.0203125 0.04453125
0 0.2546875 0.14375 0.0203125 0.0546875
0 0.22890625 0.20546875 0.021875 0.04921875
0 0.21875 0.0359375 0.03046875 0.03359375
0 0.09453125 0.128125 0.02578125 0.03671875
0 0.090625 0.34296875 0.028125 0.05625
0 0.11328125 0.31640625 0.03984375 0.04921875
0 0.203125 0.43125 0.01953125 0.0328125
0 0.2421875 0.4671875 0.0265625 0.03125
0 0.2671875 0.4625 0.01796875 0.03828125
0 0.25078125 0.53125 0.03515625 0.0390625
0 0.23515625 0.359375 0.015625 0.03828125
0 0.27109375 0.36484375 0.0234375 0.04453125
0 0.31640625 0.70859375 0.0234375 0.03828125
0 0.059375 0.49921875 0.01875 0.0359375
0 0.09765625 0.4921875 0.01328125 0.03984375
0 0.04375 0.5265625 0.0140625 0.02578125
0 0.05078125 0.59375 0.015625 0.03671875
0 0.07578125 0.51171875 0.0203125 0.0140625
0 0.090625 0.5921875 0.0140625 0.03359375
0 0.07109375 0.634375 0.01953125 0.02734375
0 0.24765625 0.79453125 0.01484375 0.03359375
0 0.265625 0.75390625 0.01640625 0.02265625
0 0.27109375 0.81484375 0.02109375 0.02578125
0 0.34921875 0.9453125 0.02109375 0.04296875
0 0.36875 0.91796875 0.0234375 0.02578125
0 0.40546875 0.90625 0.02421875 0.0203125
0 0.39765625 0.771875 0.01484375 0.028125
0 0.4140625 0.775 0.0140625 0.0390625
0 0.440625 0.634375 0.028125 0.0296875
0 0.6109375 0.61484375 0.025 0.0484375
0 0.65625 0.61171875 0.02109375 0.0546875
0 0.7671875 0.34609375 0.02109375 0.05859375
0 0.721875 0.48125 0.01796875 0.034375
0 0.3296875 0.4953125 0.021875 0.05078125
0 0.37734375 0.459375 0.0203125 0.03125
0 0.42421875 0.4703125 0.0203125 0.03671875
0 0.45 0.4390625 0.01171875 0.0359375
0 0.60390625 0.75234375 0.02109375 0.03359375
0 0.634375 0.7703125 0.02578125 0.02890625
0 0.63125 0.95390625 0.0125 0.015625
0 0.71015625 0.94921875 0.02265625 0.0265625
0 0.2421875 0.915625 0.0296875 0.03125
0 0.8484375 0.76328125 0.02421875 0.028125