0 0.38984375 0.7859375 0.0046875 0.03671875
0 0.40859375 0.7765625 0.0140625 0.0171875
0 0.40390625 0.71171875 0.02265625 0.0359375
0 0.45078125 0.66796875 0.0203125 0.03203125
0 0.44296875 0.61015625 0.02265625 0.03359375
0 0.471875 0.640625 0.009375 0.02421875
0 0.49375 0.58203125 0.015625 0.03359375
0 0.5171875 0.59453125 0.01484375 0.04296875
0 0.5453125 0.53671875 0.02578125 0.04765625
0 0.346875 0.8125 0.025 0.0546875
0 0.50703125 0.8109375 0.03046875 0.0578125
0 0.3609375 0.9640625 0.02578125 0.05078125
0 0.17421875 0.86875 0.0203125 0.04453125
0 0.2546875 0.85625 0.0203125 0.0546875
0 0.22890625 0.79453125 0.021875 0.04921875
0 0.21875 0.9640625 0.03046875 0.03359375
0 0.09453125 0.871875 0.02578125 0.03671875
0 0.090625 0.65703125 0.028125 0.05625
0 0.11328125 0.68359375 0.03984375 0.04921875
0 0.203125 0.56875 0.01953125 0.0328125
0 0.2421875 0.5328125 0.0265625 0.03125
0 0.2671875 0.5375 0.01796875 0.03828125
0 0.25078125 0.46875 0.03515625 0.0390625
0 0.23515625 0.640625 0.015625 0.03828125
0 0.27109375 0.63515625 0.0234375 0.04453125
0 0.31640625 0.29140625 0.0234375 0.03828125
0 0.059375 0.50078125 0.01875 0.0359375
0 0.09765625 0.5078125 0.01328125 0.03984375
0 0.04375 0.4734375 0.0140625 0.02578125
0 0.05078125 0.40625 0.015625 0.03671875
0 0.07578125 0.48828125 0.0203125 0.0140625
0 0.090625 0.4078125 0.0140625 0.03359375
0 0.07109375 0.365625 0.01953125 0.02734375
0 0.24765625 0.20546875 0.01484375 0.03359375
0 0.265625 0.24609375 0.01640625 0.02265625
0 0.27109375 0.18515625 0.02109375 0.02578125
0 0.34921875 0.0546875 0.02109375 0.04296875
0 0.36875 0.08203125 0.0234375 0.02578125
0 0.40546875 0.09375 0.02421875 0.0203125
0 0.39765625 0.228125 0.01484375 0.028125
0 0.4140625 0.225 0.0140625 0.0390625
0 0.440625 0.365625 0.028125 0.0296875
0 0.6109375 0.38515625 0.025 0.0484375
0 0.65625 0.38828125 0.02109375 0.0546875
0 0.7671875 0.65390625 0.02109375 0.05859375
0 0.721875 0.51875 0.01796875 0.034375
0 0.3296875 0.5046875 0.021875 0.05078125
0 0.37734375 0.540625 0.0203125 0.03125
0 0.42421875 0.5296875 0.0203125 0.03671875
0 0.45 0.5609375 0.01171875 0.0359375
0 0.60390625 0.24765625 0.02109375 0.03359375
0 0.634375 0.2296875 0.02578125 0.02890625
0 0.63125 0.04609375 0.0125 0.015625
0 0.71015625 0.05078125 0.02265625 0.0265625
0 0.2421875 0.084375 0.0296875 0.03125
0 0.8484375 0.23671875 0.02421875 0.028125