0 0.61015625 0.7859375 0.0046875 0.03671875
0 0.59140625 0.7765625 0.0140625 0.0171875
0 0.59609375 0.71171875 0.02265625 0.0359375
0 0.54921875 0.66796875 0.0203125 0.03203125
0 0.55703125 0.61015625 0.02265625 0.03359375
0 0.528125 0.640625 0.009375 0.02421875
0 0.50625 0.58203125 0.015625 0.03359375
0 0.4828125 0.59453125 0.01484375 0.04296875
0 0.4546875 0.53671875 0.02578125 0.04765625
0 0.653125 0.8125 0.025 0.0546875
0 0.49296875 0.8109375 0.03046875 0.0578125
0 0.6390625 0.9640625 0.02578125 0.05078125
0 0.82578125 0.86875 0.0203125 0.04453125
0 0.7453125 0.85625 0.0203125 0.0546875
0 0.77109375 0.79453125 0.021875 0.04921875
0 0.78125 0.9640625 0.03046875 0.03359375
0 0.90546875 0.871875 0.02578125 0.03671875
0 0.909375 0.65703125 0.028125 0.05625
0 0.88671875 0.68359375 0.03984375 0.04921875
0 0.796875 0.56875 0.01953125 0.0328125
0 0.7578125 0.5328125 0.0265625 0.03125
0 0.7328125 0.5375 0.01796875 0.03828125
0 0.74921875 0.46875 0.03515625 0.0390625
0 0.76484375 0.640625 0.015625 0.03828125
0 0.72890625 0.63515625 0.0234375 0.04453125
0 0.68359375 0.29140625 0.0234375 0.03828125
0 0.940625 0.50078125 0.01875 0.0359375
0 0.90234375 0.5078125 0.01328125 0.03984375
0 0.95625 0.4734375 0.0140625 0.02578125
0 0.94921875 0.40625 0.015625 0.03671875
0 0.92421875 0.48828125 0.0203125 0.0140625
0 0.909375 0.4078125 0.0140625 0.03359375
0 0.92890625 0.365625 0.01953125 0.02734375
0 0.75234375 0.20546875 0.01484375 0.03359375
0 0.734375 0.24609375 0.01640625 0.02265625
0 0.72890625 0.18515625 0.02109375 0.02578125
0 0.65078125 0.0546875 0.02109375 0.04296875
0 0.63125 0.08203125 0.0234375 0.02578125
0 0.59453125 0.09375 0.02421875 0.0203125
0 0.60234375 0.228125 0.01484375 0.028125
0 0.5859375 0.225 0.0140625 0.0390625
0 0.559375 0.365625 0.028125 0.0296875
0 0.3890625 0.38515625 0.025 0.0484375
0 0.34375 0.38828125 0.02109375 0.0546875
0 0.2328125 0.65390625 0.02109375 0.05859375
0 0.278125 0.51875 0.01796875 0.034375
0 0.6703125 0.5046875 0.021875 0.05078125
0 0.62265625 0.540625 0.0203125 0.03125
0 0.57578125 0.5296875 0.0203125 0.03671875
0 0.55 0.5609375 0.01171875 0.0359375
0 0.39609375 0.24765625 0.02109375 0.03359375
0 0.365625 0.2296875 0.02578125 0.02890625
0 0.36875 0.04609375 0.0125 0.015625
0 0.28984375 0.05078125 0.02265625 0.0265625
0 0.7578125 0.084375 0.0296875 0.03125
0 0.1515625 0.23671875 0.02421875 0.028125