0 0.459375 0.675 0.0625 0.05625
0 0.44765625 0.5640625 0.0359375 0.028125
0 0.39375 0.5828125 0.0625 0.0484375
0 0.38125 0.65390625 0.0640625 0.05625
0 0.2375 0.946875 0.0640625 0.0640625
0 0.24765625 0.75546875 0.065625 0.053125
0 0.25234375 0.82421875 0.0609375 0.04375
0 0.2046875 0.62421875 0.0328125 0.04375
0 0.88984375 0.453125 0.08125 0.065625
0 0.8875 0.57421875 0.09375 0.0625
0 0.53125 0.1671875 0.0546875 0.046875
0 0.89453125 0.0828125 0.0625 0.05
0 0.84140625 0.134375 0.06875 0.040625
0 0.66640625 0.94375 0.075 0.075
0 0.84765625 0.8609375 0.0796875 0.0609375
0 0.78671875 0.73359375 0.059375 0.05
0 0.70625 0.74609375 0.05 0.059375
0 0.49609375 0.35703125 0.0359375 0.03125
0 0.46015625 0.38984375 0.034375 0.0359375
0 0.41640625 0.42109375 0.0421875 0.034375
0 0.60546875 0.4234375 0.0453125 0.040625
0 0.48046875 0.61171875 0.0359375 0.03125
0 0.28203125 0.51015625 0.0421875 0.034375
0 0.47578125 0.51875 0.0265625 0.0359375
0 0.44921875 0.521875 0.0265625 0.0296875
0 0.59375 0.575 0.0328125 0.028125
0 0.8421875 0.33515625 0.0453125 0.03125
0 0.746875 0.30390625 0.034375 0.028125
0 0.68203125 0.34765625 0.03125 0.0296875
0 0.63828125 0.3296875 0.040625 0.028125
0 0.64609375 0.378125 0.028125 0.025
0 0.5609375 0.28125 0.0203125 0.0265625
0 0.61015625 0.2578125 0.0234375 0.021875
0 0.63515625 0.28125 0.0203125 0.0171875
0 0.65859375 0.23203125 0.03125 0.0265625
0 0.4921875 0.26171875 0.040625 0.04375
0 0.7078125 0.19765625 0.0328125 0.0390625
0 0.6640625 0.1734375 0.0265625 0.0265625
0 0.62578125 0.190625 0.034375 0.0234375
0 0.6421875 0.1578125 0.0390625 0.0296875
0 0.7421875 0.13125 0.0328125 0.0265625
0 0.709375 0.11015625 0.0265625 0.028125
0 0.70859375 0.07578125 0.0359375 0.0234375
0 0.62734375 0.06015625 0.03125 0.0265625
0 0.56796875 0.1203125 0.025 0.0296875
0 0.47578125 0.76875 0.028125 0.0328125
0 0.3703125 0.7421875 0.03125 0.03125
0 0.29609375 0.6875 0.0390625 0.034375
0 0.32734375 0.6515625 0.0234375 0.0234375
0 0.446875 0.621875 0.0328125 0.0265625
0 0.33203125 0.50625 0.028125 0.0296875
0 0.378125 0.39453125 0.0359375 0.034375
0 0.45234375 0.3390625 0.0203125 0.0203125
0 0.44453125 0.359375 0.021875 0.0234375
0 0.41484375 0.371875 0.0234375 0.021875
0 0.38984375 0.34609375 0.028125 0.025
0 0.1921875 0.91875 0.0234375 0.0265625
0 0.0640625 0.978125 0.0234375 0.034375
0 0.4078125 0.93828125 0.034375 0.03125
0 0.45625 0.93828125 0.028125 0.028125
0 0.4796875 0.80234375 0.025 0.0234375