0 0.540625 0.325 0.0625 0.05625
0 0.55234375 0.4359375 0.0359375 0.028125
0 0.60625 0.4171875 0.0625 0.0484375
0 0.61875 0.34609375 0.0640625 0.05625
0 0.7625 0.053125 0.0640625 0.0640625
0 0.75234375 0.24453125 0.065625 0.053125
0 0.74765625 0.17578125 0.0609375 0.04375
0 0.7953125 0.37578125 0.0328125 0.04375
0 0.11015625 0.546875 0.08125 0.065625
0 0.1125 0.42578125 0.09375 0.0625
0 0.46875 0.8328125 0.0546875 0.046875
0 0.10546875 0.9171875 0.0625 0.05
0 0.15859375 0.865625 0.06875 0.040625
0 0.33359375 0.05625 0.075 0.075
0 0.15234375 0.1390625 0.0796875 0.0609375
0 0.21328125 0.26640625 0.059375 0.05
0 0.29375 0.25390625 0.05 0.059375
0 0.50390625 0.64296875 0.0359375 0.03125
0 0.53984375 0.61015625 0.034375 0.0359375
0 0.58359375 0.57890625 0.0421875 0.034375
0 0.39453125 0.5765625 0.0453125 0.040625
0 0.51953125 0.38828125 0.0359375 0.03125
0 0.71796875 0.48984375 0.0421875 0.034375
0 0.52421875 0.48125 0.0265625 0.0359375
0 0.55078125 0.478125 0.0265625 0.0296875
0 0.40625 0.425 0.0328125 0.028125
0 0.1578125 0.66484375 0.0453125 0.03125
0 0.253125 0.69609375 0.034375 0.028125
0 0.31796875 0.65234375 0.03125 0.0296875
0 0.36171875 0.6703125 0.040625 0.028125
0 0.35390625 0.621875 0.028125 0.025
0 0.4390625 0.71875 0.0203125 0.0265625
0 0.38984375 0.7421875 0.0234375 0.021875
0 0.36484375 0.71875 0.0203125 0.0171875
0 0.34140625 0.76796875 0.03125 0.0265625
0 0.5078125 0.73828125 0.040625 0.04375
0 0.2921875 0.80234375 0.0328125 0.0390625
0 0.3359375 0.8265625 0.0265625 0.0265625
0 0.37421875 0.809375 0.034375 0.0234375
0 0.3578125 0.8421875 0.0390625 0.0296875
0 0.2578125 0.86875 0.0328125 0.0265625
0 0.290625 0.88984375 0.0265625 0.028125
0 0.29140625 0.92421875 0.0359375 0.0234375
0 0.37265625 0.93984375 0.03125 0.0265625
0 0.43203125 0.8796875 0.025 0.0296875
0 0.52421875 0.23125 0.028125 0.0328125
0 0.6296875 0.2578125 0.03125 0.03125
0 0.70390625 0.3125 0.0390625 0.034375
0 0.67265625 0.3484375 0.0234375 0.0234375
0 0.553125 0.378125 0.0328125 0.0265625
0 0.66796875 0.49375 0.028125 0.0296875
0 0.621875 0.60546875 0.0359375 0.034375
0 0.54765625 0.6609375 0.0203125 0.0203125
0 0.55546875 0.640625 0.021875 0.0234375
0 0.58515625 0.628125 0.0234375 0.021875
0 0.61015625 0.65390625 0.028125 0.025
0 0.8078125 0.08125 0.0234375 0.0265625
0 0.9359375 0.021875 0.0234375 0.034375
0 0.5921875 0.06171875 0.034375 0.03125
0 0.54375 0.06171875 0.028125 0.028125
0 0.5203125 0.19765625 0.025 0.0234375