0 0.946875 0.98203125 0.040625 0.0359375
0 0.98515625 0.9515625 0.0296875 0.0515625
0 0.9078125 0.95859375 0.0359375 0.05
0 0.94296875 0.92109375 0.03125 0.0421875
0 0.87734375 0.896875 0.04375 0.046875
0 0.86171875 0.96484375 0.03125 0.0453125
0 0.83046875 0.8984375 0.03125 0.05
0 0.9828125 0.859375 0.034375 0.0484375
0 0.9265625 0.853125 0.040625 0.0546875
0 0.86796875 0.83359375 0.03125 0.0546875
0 0.81015625 0.84609375 0.0265625 0.0375
0 0.8203125 0.7875 0.025 0.0296875
0 0.7796875 0.7421875 0.046875 0.0546875
0 0.7796875 0.6734375 0.0578125 0.0671875
0 0.77890625 0.59765625 0.0484375 0.06875
0 0.72890625 0.51796875 0.0609375 0.071875
0 0.71484375 0.4546875 0.025 0.0546875
0 0.6796875 0.4765625 0.0484375 0.040625
0 0.62890625 0.4453125 0.04375 0.0859375
0 0.571875 0.4046875 0.0609375 0.084375
0 0.575 0.6765625 0.06875 0.0671875
0 0.8109375 0.95390625 0.028125 0.0328125
0 0.7859375 0.89375 0.05 0.046875
0 0.72109375 0.88046875 0.0375 0.05625
0 0.7671875 0.84765625 0.04375 0.0484375
0 0.7109375 0.790625 0.0421875 0.0859375
0 0.6640625 0.7984375 0.0515625 0.05
0 0.6734375 0.71328125 0.0328125 0.0640625
0 0.63125 0.6640625 0.034375 0.0484375
0 0.734375 0.60546875 0.03125 0.053125
0 0.71953125 0.715625 0.0453125 0.0796875
0 0.69140625 0.6125 0.03125 0.0359375
0 0.6484375 0.59609375 0.028125 0.0625
0 0.57109375 0.59609375 0.0234375 0.0546875
0 0.5671875 0.51015625 0.04375 0.0734375
0 0.54609375 0.4609375 0.053125 0.075
0 0.4921875 0.48828125 0.0578125 0.0640625
0 0.5125 0.65703125 0.05625 0.04375
0 0.503125 0.59140625 0.0578125 0.065625
0 0.47734375 0.54375 0.0421875 0.0578125
0 0.665625 0.5375 0.0265625 0.0796875
0 0.6734375 0.38515625 0.05 0.0828125
0 0.6296875 0.37109375 0.0234375 0.071875
0 0.78828125 0.49296875 0.0578125 0.09375
0 0.74375 0.38984375 0.04375 0.084375
0 0.5625 0.8234375 0.059375 0.0703125
0 0.7046875 0.978125 0.05625 0.04375
0 0.68828125 0.90078125 0.053125 0.05625
0 0.6359375 0.86484375 0.0421875 0.0453125
0 0.8921875 0.75 0.0328125 0.0671875
0 0.76484375 0.98203125 0.0390625 0.0359375
0 0.61328125 0.96875 0.0453125 0.0625
0 0.55 0.95703125 0.0484375 0.0765625
0 0.9734375 0.80703125 0.0359375 0.05
0 0.97578125 0.73046875 0.025 0.046875
0 0.9765625 0.66171875 0.046875 0.0609375
0 0.92421875 0.6875 0.0328125 0.053125
0 0.87890625 0.66328125 0.034375 0.0546875
0 0.846875 0.64453125 0.0484375 0.0484375
0 0.94296875 0.59375 0.0484375 0.0578125
0 0.89609375 0.61328125 0.0265625 0.0515625
0 0.96015625 0.51328125 0.05 0.046875
0 0.92265625 0.46171875 0.0515625 0.08125
0 0.86875 0.4921875 0.046875 0.046875
0 0.88828125 0.4375 0.0296875 0.053125
0 0.9828125 0.425 0.034375 0.06875
0 0.96640625 0.4140625 0.021875 0.0484375
0 0.89921875 0.4046875 0.0265625 0.0375
0 0.9828125 0.3875 0.021875 0.0453125
0 0.94453125 0.3625 0.05 0.0453125
0 0.91875 0.5453125 0.021875 0.040625
0 0.89921875 0.5203125 0.015625 0.0234375
0 0.8609375 0.38671875 0.0375 0.04375
0 0.9515625 0.2875 0.0484375 0.0578125
0 0.90625 0.28984375 0.053125 0.0625
0 0.984375 0.246875 0.03125 0.059375
0 0.83515625 0.265625 0.0546875 0.0859375
0 0.7921875 0.184375 0.0296875 0.0375
0 0.909375 0.23125 0.0359375 0.0484375
0 0.9859375 0.18984375 0.028125 0.05
0 0.9453125 0.190625 0.025 0.0515625
0 0.90625 0.15078125 0.0421875 0.06875
0 0.8625 0.16875 0.0484375 0.05625
0 0.9375 0.10625 0.0421875 0.065625
0 0.9046875 0.0734375 0.05625 0.0796875
0 0.97578125 0.14140625 0.03125 0.0453125
0 0.9765625 0.06875 0.046875 0.071875
0 0.8703125 0.0859375 0.0515625 0.0515625
0 0.76328125 0.10078125 0.05 0.0625
0 0.76015625 0.04453125 0.0515625 0.071875
0 0.7390625 0.12578125 0.0375 0.05625
0 0.71875 0.315625 0.0375 0.04375
0 0.70546875 0.2625 0.04375 0.05
0 0.69296875 0.20078125 0.0703125 0.084375
0 0.7046875 0.09609375 0.0375 0.053125
0 0.57890625 0.23828125 0.053125 0.0765625
0 0.54296875 0.175 0.0375 0.053125
0 0.6015625 0.15390625 0.078125 0.065625
0 0.6 0.0828125 0.053125 0.0453125
0 0.55 0.04140625 0.040625 0.0578125
0 0.51875 0.06328125 0.04375 0.0625
0 0.415625 0.1 0.0703125 0.0828125
0 0.4703125 0.0796875 0.0359375 0.0515625
0 0.4015625 0.22890625 0.0484375 0.065625
0 0.52734375 0.328125 0.0171875 0.046875
0 0.52890625 0.2625 0.03125 0.0625
0 0.48203125 0.2109375 0.0453125 0.0546875
0 0.4515625 0.403125 0.0515625 0.0640625
0 0.39921875 0.33671875 0.0515625 0.0765625
0 0.41484375 0.5671875 0.0421875 0.046875
0 0.3671875 0.49375 0.0515625 0.0453125
0 0.37890625 0.42109375 0.053125 0.0546875
0 0.3625 0.38046875 0.0390625 0.0625
0 0.33828125 0.453125 0.0515625 0.06875
0 0.35078125 0.6109375 0.04375 0.075
0 0.30234375 0.6390625 0.0515625 0.065625
0 0.3140625 0.54921875 0.04375 0.06875
0 0.42265625 0.72734375 0.03125 0.096875
0 0.3890625 0.65 0.0390625 0.0546875
0 0.42265625 0.96953125 0.0671875 0.0609375
0 0.44140625 0.90859375 0.0671875 0.0671875
0 0.425 0.8328125 0.0515625 0.053125
0 0.3890625 0.9296875 0.0515625 0.0546875
0 0.3546875 0.7203125 0.059375 0.08125
0 0.28203125 0.5609375 0.046875 0.0625
0 0.253125 0.82421875 0.0859375 0.109375
0 0.253125 0.97265625 0.04375 0.0546875
0 0.2640625 0.9171875 0.04375 0.0546875
0 0.0796875 0.97578125 0.03125 0.0484375
0 0.01796875 0.92734375 0.0359375 0.0671875
0 0.02265625 0.86015625 0.0453125 0.0734375
0 0.0265625 0.79765625 0.053125 0.0859375
0 0.059375 0.56953125 0.05 0.071875
0 0.12109375 0.390625 0.040625 0.059375
0 0.08828125 0.3984375 0.040625 0.0671875
0 0.0546875 0.4234375 0.0296875 0.0671875
0 0.01640625 0.465625 0.0328125 0.09375
0 0.0625 0.30859375 0.0421875 0.0625
0 0.0578125 0.275 0.0453125 0.053125
0 0.0234375 0.340625 0.025 0.0515625
0 0.01796875 0.31171875 0.0359375 0.0609375
0 0.0140625 0.26796875 0.028125 0.04375
0 0.08203125 0.22421875 0.0265625 0.0515625
0 0.046875 0.2125 0.0234375 0.0625
0 0.01328125 0.19921875 0.0265625 0.0515625
0 0.10625 0.159375 0.046875 0.059375
0 0.04765625 0.12109375 0.0515625 0.078125
0 0.015625 0.07109375 0.03125 0.0765625
0 0.25234375 0.27265625 0.0609375 0.0984375
0 0.20703125 0.1734375 0.0453125 0.0671875
0 0.14453125 0.0890625 0.0390625 0.06875
0 0.08515625 0.053125 0.025 0.0296875
0 0.10703125 0.0125 0.0578125 0.025
0 0.05390625 0.01875 0.0328125 0.0375
0 0.29453125 0.1265625 0.0625 0.10625
0 0.32421875 0.25234375 0.0375 0.075
0 0.16484375 0.9109375 0.05 0.0890625