0 0.2921875 0.509375 0.146875 0.23125
0 0.1609375 0.7109375 0.0921875 0.096875
0 0.39375 0.78046875 0.1625 0.1765625
0 0.38515625 0.9390625 0.10625 0.115625
0 0.034375 0.93984375 0.06875 0.1203125
0 0.02890625 0.38984375 0.0578125 0.15
0 0.07890625 0.15390625 0.0609375 0.090625
0 0.3875 0.1765625 0.0765625 0.1578125
0 0.49765625 0.3359375 0.096875 0.1296875
0 0.559375 0.1625 0.0578125 0.1359375
0 0.48125 0.16875 0.0421875 0.103125
0 0.725 0.14765625 0.05625 0.0953125
0 0.790625 0.184375 0.071875 0.0984375
0 0.90625 0.13984375 0.10625 0.115625
0 0.71171875 0.3390625 0.075 0.11875
0 0.5828125 0.4109375 0.04375 0.0921875
0 0.5890625 0.52890625 0.059375 0.1
0 0.46484375 0.603125 0.0703125 0.1265625
0 0.39453125 0.5765625 0.0390625 0.0578125
0 0.6296875 0.8609375 0.0515625 0.096875
0 0.625 0.73046875 0.0484375 0.0734375
0 0.62578125 0.6171875 0.0546875 0.096875
0 0.75546875 0.565625 0.1359375 0.1015625
0 0.72421875 0.7390625 0.034375 0.0828125
0 0.784375 0.73515625 0.0515625 0.0703125
0 0.93828125 0.62578125 0.0703125 0.071875
0 0.9203125 0.81640625 0.0671875 0.140625
0 0.2734375 0.23046875 0.0921875 0.1359375
0 0.1546875 0.2703125 0.06875 0.0703125