0 0.7078125 0.509375 0.146875 0.23125
0 0.8390625 0.7109375 0.0921875 0.096875
0 0.60625 0.78046875 0.1625 0.1765625
0 0.61484375 0.9390625 0.10625 0.115625
0 0.965625 0.93984375 0.06875 0.1203125
0 0.97109375 0.38984375 0.0578125 0.15
0 0.92109375 0.15390625 0.0609375 0.090625
0 0.6125 0.1765625 0.0765625 0.1578125
0 0.50234375 0.3359375 0.096875 0.1296875
0 0.440625 0.1625 0.0578125 0.1359375
0 0.51875 0.16875 0.0421875 0.103125
0 0.275 0.14765625 0.05625 0.0953125
0 0.209375 0.184375 0.071875 0.0984375
0 0.09375 0.13984375 0.10625 0.115625
0 0.28828125 0.3390625 0.075 0.11875
0 0.4171875 0.4109375 0.04375 0.0921875
0 0.4109375 0.52890625 0.059375 0.1
0 0.53515625 0.603125 0.0703125 0.1265625
0 0.60546875 0.5765625 0.0390625 0.0578125
0 0.3703125 0.8609375 0.0515625 0.096875
0 0.375 0.73046875 0.0484375 0.0734375
0 0.37421875 0.6171875 0.0546875 0.096875
0 0.24453125 0.565625 0.1359375 0.1015625
0 0.27578125 0.7390625 0.034375 0.0828125
0 0.215625 0.73515625 0.0515625 0.0703125
0 0.06171875 0.62578125 0.0703125 0.071875
0 0.0796875 0.81640625 0.0671875 0.140625
0 0.7265625 0.23046875 0.0921875 0.1359375
0 0.8453125 0.2703125 0.06875 0.0703125