0 0.8703125 0.4640625 0.103125 0.1390625
0 0.81171875 0.10078125 0.090625 0.115625
0 0.78828125 0.01171875 0.1078125 0.0234375
0 0.5359375 0.08984375 0.071875 0.0671875
0 0.2546875 0.17421875 0.0828125 0.08125
0 0.18203125 0.025 0.0671875 0.05
0 0.20625 0.2703125 0.084375 0.0859375
0 0.2390625 0.36875 0.0734375 0.0625
0 0.37109375 0.29609375 0.0734375 0.1
0 0.39375 0.459375 0.0828125 0.0921875
0 0.2953125 0.4453125 0.0859375 0.1265625
0 0.19140625 0.440625 0.0625 0.0859375
0 0.11640625 0.5109375 0.0671875 0.1390625
0 0.03203125 0.496875 0.0640625 0.1390625
0 0.175 0.5609375 0.06875 0.1046875
0 0.33203125 0.71640625 0.115625 0.190625
0 0.53515625 0.38125 0.090625 0.1125
0 0.81171875 0.87578125 0.0859375 0.15625
0 0.89375 0.84296875 0.06875 0.10625
0 0.8921875 0.96171875 0.090625 0.0765625
0 0.80546875 0.5765625 0.0921875 0.10625
0 0.8859375 0.6984375 0.05625 0.0875
0 0.66328125 0.93203125 0.1421875 0.1359375
0 0.17109375 0.9359375 0.10625 0.121875
0 0.10390625 0.790625 0.115625 0.11875
0 0.078125 0.6375 0.0984375 0.084375