0 0.1296875 0.5359375 0.103125 0.1390625
0 0.18828125 0.89921875 0.090625 0.115625
0 0.21171875 0.98828125 0.1078125 0.0234375
0 0.4640625 0.91015625 0.071875 0.0671875
0 0.7453125 0.82578125 0.0828125 0.08125
0 0.81796875 0.975 0.0671875 0.05
0 0.79375 0.7296875 0.084375 0.0859375
0 0.7609375 0.63125 0.0734375 0.0625
0 0.62890625 0.70390625 0.0734375 0.1
0 0.60625 0.540625 0.0828125 0.0921875
0 0.7046875 0.5546875 0.0859375 0.1265625
0 0.80859375 0.559375 0.0625 0.0859375
0 0.88359375 0.4890625 0.0671875 0.1390625
0 0.96796875 0.503125 0.0640625 0.1390625
0 0.825 0.4390625 0.06875 0.1046875
0 0.66796875 0.28359375 0.115625 0.190625
0 0.46484375 0.61875 0.090625 0.1125
0 0.18828125 0.12421875 0.0859375 0.15625
0 0.10625 0.15703125 0.06875 0.10625
0 0.1078125 0.03828125 0.090625 0.0765625
0 0.19453125 0.4234375 0.0921875 0.10625
0 0.1140625 0.3015625 0.05625 0.0875
0 0.33671875 0.06796875 0.1421875 0.1359375
0 0.82890625 0.0640625 0.10625 0.121875
0 0.89609375 0.209375 0.115625 0.11875
0 0.921875 0.3625 0.0984375 0.084375