0 0.35625 0.69140625 0.078125 0.075
0 0.378125 0.63046875 0.05625 0.05625
0 0.3953125 0.57421875 0.1015625 0.08125
0 0.0875 0.67734375 0.08125 0.075
0 0.57109375 0.40703125 0.0859375 0.06875
0 0.39296875 0.23203125 0.0921875 0.065625
0 0.1546875 0.4890625 0.05625 0.0453125
0 0.215625 0.52421875 0.06875 0.053125
0 0.30546875 0.45859375 0.078125 0.059375
0 0.8859375 0.43125 0.0671875 0.05
0 0.62265625 0.75 0.071875 0.0625
0 0.759375 0.67265625 0.059375 0.0625
0 0.93046875 0.65625 0.03125 0.0234375
0 0.98046875 0.6546875 0.0390625 0.0640625
0 0.3796875 0.06796875 0.075 0.05
0 0.346875 0.0234375 0.071875 0.04375
0 0.0515625 0.32890625 0.075 0.05
0 0.10859375 0.4578125 0.071875 0.040625
0 0.653125 0.24609375 0.0671875 0.05625
0 0.47734375 0.20078125 0.0625 0.05625
0 0.60703125 0.65234375 0.075 0.046875
0 0.15703125 0.11171875 0.04375 0.0296875
0 0.26328125 0.0359375 0.0328125 0.0265625
0 0.29609375 0.03984375 0.0453125 0.0296875
0 0.31171875 0.09375 0.0296875 0.028125
0 0.33359375 0.06015625 0.0359375 0.025
0 0.29375 0.1953125 0.0421875 0.0328125
0 0.2953125 0.165625 0.0390625 0.025
0 0.32734375 0.15078125 0.03125 0.025
0 0.359375 0.12890625 0.034375 0.03125
0 0.29921875 0.140625 0.03125 0.0265625
0 0.39609375 0.1921875 0.03125 0.0296875
0 0.48671875 0.03828125 0.0203125 0.0234375
0 0.540625 0.02578125 0.040625 0.0328125
0 0.62734375 0.0375 0.0421875 0.0296875
0 0.565625 0.16328125 0.03125 0.0296875
0 0.59921875 0.171875 0.0390625 0.0265625
0 0.56484375 0.25234375 0.0359375 0.0375
0 0.51796875 0.25390625 0.040625 0.0359375
0 0.103125 0.221875 0.0328125 0.0265625
0 0.0390625 0.04296875 0.03125 0.025
0 0.1296875 0.06796875 0.0328125 0.025
0 0.13046875 0.03359375 0.0328125 0.0234375
0 0.04140625 0.1265625 0.0234375 0.0203125
0 0.5578125 0.09296875 0.021875 0.0171875
0 0.425 0.0203125 0.028125 0.01875
0 0.66796875 0.17890625 0.0203125 0.021875
0 0.66796875 0.15234375 0.0328125 0.021875
0 0.69609375 0.15078125 0.0234375 0.025
0 0.6859375 0.19765625 0.028125 0.028125
0 0.8765625 0.13984375 0.034375 0.0359375
0 0.34609375 0.36328125 0.046875 0.0375
0 0.3140625 0.3046875 0.0375 0.034375
0 0.3046875 0.4015625 0.0375 0.0375
0 0.16015625 0.2953125 0.025 0.0296875
0 0.196875 0.28671875 0.0375 0.0375
0 0.159375 0.334375 0.0265625 0.0234375
0 0.10625 0.35390625 0.046875 0.04375
0 0.06015625 0.41328125 0.0328125 0.0390625
0 0.15859375 0.39296875 0.0328125 0.0234375
0 0.02421875 0.49140625 0.0484375 0.0453125
0 0.44140625 0.41796875 0.0390625 0.0375
0 0.35 0.4078125 0.03125 0.028125
0 0.48046875 0.43203125 0.028125 0.028125
0 0.290625 0.534375 0.0453125 0.034375
0 0.234375 0.478125 0.040625 0.0328125
0 0.20859375 0.60546875 0.046875 0.0390625
0 0.10390625 0.51640625 0.0421875 0.0453125
0 0.43984375 0.66171875 0.0421875 0.0359375
0 0.43984375 0.72734375 0.0296875 0.03125
0 0.465625 0.69765625 0.03125 0.0328125
0 0.36796875 0.78046875 0.0421875 0.0359375
0 0.45625 0.54140625 0.0484375 0.028125
0 0.65546875 0.5390625 0.0625 0.0421875
0 0.63046875 0.6 0.046875 0.0484375
0 0.1984375 0.75546875 0.0671875 0.046875
0 0.2203125 0.79453125 0.05 0.046875
0 0.11875 0.925 0.0484375 0.0515625
0 0.0296875 0.896875 0.059375 0.053125
0 0.32578125 0.86796875 0.053125 0.0453125
0 0.475 0.89765625 0.0484375 0.0453125
0 0.5765625 0.9515625 0.05 0.0484375
0 0.40078125 0.91171875 0.0421875 0.0359375
0 0.240625 0.97265625 0.0546875 0.0328125
0 0.35625 0.984375 0.0609375 0.03125
0 0.76015625 0.81484375 0.046875 0.04375
0 0.65078125 0.80234375 0.0484375 0.0421875
0 0.559375 0.78515625 0.04375 0.046875
0 0.4921875 0.82890625 0.040625 0.0484375
0 0.77578125 0.91640625 0.046875 0.04375
0 0.70625 0.5765625 0.03125 0.03125
0 0.73828125 0.56015625 0.0375 0.028125
0 0.8015625 0.509375 0.034375 0.0359375
0 0.825 0.58671875 0.0328125 0.0265625
0 0.87421875 0.5546875 0.040625 0.034375
0 0.48359375 0.3078125 0.0359375 0.0265625
0 0.8265625 0.30234375 0.0375 0.0328125
0 0.8796875 0.34609375 0.0421875 0.0453125
0 0.94765625 0.34375 0.0359375 0.034375
0 0.6890625 0.35859375 0.0359375 0.028125
0 0.6546875 0.33359375 0.0359375 0.028125
0 0.98359375 0.06484375 0.0328125 0.053125
0 0.89765625 0.478125 0.0390625 0.040625
0 0.97734375 0.5078125 0.034375 0.040625
0 0.82734375 0.6359375 0.0328125 0.034375
0 0.7765625 0.74765625 0.0359375 0.0421875
0 0.88671875 0.7375 0.0265625 0.0265625
0 0.94921875 0.7203125 0.03125 0.025
0 0.9125 0.815625 0.04375 0.046875
0 0.52265625 0.428125 0.03125 0.028125
0 0.65625 0.4796875 0.021875 0.0234375
0 0.5375 0.52109375 0.028125 0.028125
0 0.4734375 0.6484375 0.0328125 0.0265625
0 0.49296875 0.68359375 0.0359375 0.0265625
0 0.86640625 0.71796875 0.0234375 0.021875
0 0.225 0.6796875 0.0265625 0.028125
0 0.29921875 0.7703125 0.028125 0.0296875