0 0.64375 0.30859375 0.078125 0.075
0 0.621875 0.36953125 0.05625 0.05625
0 0.6046875 0.42578125 0.1015625 0.08125
0 0.9125 0.32265625 0.08125 0.075
0 0.42890625 0.59296875 0.0859375 0.06875
0 0.60703125 0.76796875 0.0921875 0.065625
0 0.8453125 0.5109375 0.05625 0.0453125
0 0.784375 0.47578125 0.06875 0.053125
0 0.69453125 0.54140625 0.078125 0.059375
0 0.1140625 0.56875 0.0671875 0.05
0 0.37734375 0.25 0.071875 0.0625
0 0.240625 0.32734375 0.059375 0.0625
0 0.06953125 0.34375 0.03125 0.0234375
0 0.01953125 0.3453125 0.0390625 0.0640625
0 0.6203125 0.93203125 0.075 0.05
0 0.653125 0.9765625 0.071875 0.04375
0 0.9484375 0.67109375 0.075 0.05
0 0.89140625 0.5421875 0.071875 0.040625
0 0.346875 0.75390625 0.0671875 0.05625
0 0.52265625 0.79921875 0.0625 0.05625
0 0.39296875 0.34765625 0.075 0.046875
0 0.84296875 0.88828125 0.04375 0.0296875
0 0.73671875 0.9640625 0.0328125 0.0265625
0 0.70390625 0.96015625 0.0453125 0.0296875
0 0.68828125 0.90625 0.0296875 0.028125
0 0.66640625 0.93984375 0.0359375 0.025
0 0.70625 0.8046875 0.0421875 0.0328125
0 0.7046875 0.834375 0.0390625 0.025
0 0.67265625 0.84921875 0.03125 0.025
0 0.640625 0.87109375 0.034375 0.03125
0 0.70078125 0.859375 0.03125 0.0265625
0 0.60390625 0.8078125 0.03125 0.0296875
0 0.51328125 0.96171875 0.0203125 0.0234375
0 0.459375 0.97421875 0.040625 0.0328125
0 0.37265625 0.9625 0.0421875 0.0296875
0 0.434375 0.83671875 0.03125 0.0296875
0 0.40078125 0.828125 0.0390625 0.0265625
0 0.43515625 0.74765625 0.0359375 0.0375
0 0.48203125 0.74609375 0.040625 0.0359375
0 0.896875 0.778125 0.0328125 0.0265625
0 0.9609375 0.95703125 0.03125 0.025
0 0.8703125 0.93203125 0.0328125 0.025
0 0.86953125 0.96640625 0.0328125 0.0234375
0 0.95859375 0.8734375 0.0234375 0.0203125
0 0.4421875 0.90703125 0.021875 0.0171875
0 0.575 0.9796875 0.028125 0.01875
0 0.33203125 0.82109375 0.0203125 0.021875
0 0.33203125 0.84765625 0.0328125 0.021875
0 0.30390625 0.84921875 0.0234375 0.025
0 0.3140625 0.80234375 0.028125 0.028125
0 0.1234375 0.86015625 0.034375 0.0359375
0 0.65390625 0.63671875 0.046875 0.0375
0 0.6859375 0.6953125 0.0375 0.034375
0 0.6953125 0.5984375 0.0375 0.0375
0 0.83984375 0.7046875 0.025 0.0296875
0 0.803125 0.71328125 0.0375 0.0375
0 0.840625 0.665625 0.0265625 0.0234375
0 0.89375 0.64609375 0.046875 0.04375
0 0.93984375 0.58671875 0.0328125 0.0390625
0 0.84140625 0.60703125 0.0328125 0.0234375
0 0.97578125 0.50859375 0.0484375 0.0453125
0 0.55859375 0.58203125 0.0390625 0.0375
0 0.65 0.5921875 0.03125 0.028125
0 0.51953125 0.56796875 0.028125 0.028125
0 0.709375 0.465625 0.0453125 0.034375
0 0.765625 0.521875 0.040625 0.0328125
0 0.79140625 0.39453125 0.046875 0.0390625
0 0.89609375 0.48359375 0.0421875 0.0453125
0 0.56015625 0.33828125 0.0421875 0.0359375
0 0.56015625 0.27265625 0.0296875 0.03125
0 0.534375 0.30234375 0.03125 0.0328125
0 0.63203125 0.21953125 0.0421875 0.0359375
0 0.54375 0.45859375 0.0484375 0.028125
0 0.34453125 0.4609375 0.0625 0.0421875
0 0.36953125 0.4 0.046875 0.0484375
0 0.8015625 0.24453125 0.0671875 0.046875
0 0.7796875 0.20546875 0.05 0.046875
0 0.88125 0.075 0.0484375 0.0515625
0 0.9703125 0.103125 0.059375 0.053125
0 0.67421875 0.13203125 0.053125 0.0453125
0 0.525 0.10234375 0.0484375 0.0453125
0 0.4234375 0.0484375 0.05 0.0484375
0 0.59921875 0.08828125 0.0421875 0.0359375
0 0.759375 0.02734375 0.0546875 0.0328125
0 0.64375 0.015625 0.0609375 0.03125
0 0.23984375 0.18515625 0.046875 0.04375
0 0.34921875 0.19765625 0.0484375 0.0421875
0 0.440625 0.21484375 0.04375 0.046875
0 0.5078125 0.17109375 0.040625 0.0484375
0 0.22421875 0.08359375 0.046875 0.04375
0 0.29375 0.4234375 0.03125 0.03125
0 0.26171875 0.43984375 0.0375 0.028125
0 0.1984375 0.490625 0.034375 0.0359375
0 0.175 0.41328125 0.0328125 0.0265625
0 0.12578125 0.4453125 0.040625 0.034375
0 0.51640625 0.6921875 0.0359375 0.0265625
0 0.1734375 0.69765625 0.0375 0.0328125
0 0.1203125 0.65390625 0.0421875 0.0453125
0 0.05234375 0.65625 0.0359375 0.034375
0 0.3109375 0.64140625 0.0359375 0.028125
0 0.3453125 0.66640625 0.0359375 0.028125
0 0.01640625 0.93515625 0.0328125 0.053125
0 0.10234375 0.521875 0.0390625 0.040625
0 0.02265625 0.4921875 0.034375 0.040625
0 0.17265625 0.3640625 0.0328125 0.034375
0 0.2234375 0.25234375 0.0359375 0.0421875
0 0.11328125 0.2625 0.0265625 0.0265625
0 0.05078125 0.2796875 0.03125 0.025
0 0.0875 0.184375 0.04375 0.046875
0 0.47734375 0.571875 0.03125 0.028125
0 0.34375 0.5203125 0.021875 0.0234375
0 0.4625 0.47890625 0.028125 0.028125
0 0.5265625 0.3515625 0.0328125 0.0265625
0 0.50703125 0.31640625 0.0359375 0.0265625
0 0.13359375 0.28203125 0.0234375 0.021875
0 0.775 0.3203125 0.0265625 0.028125
0 0.70078125 0.2296875 0.028125 0.0296875