0 0.30234375 0.465625 0.04375 0.0671875
0 0.303125 0.24921875 0.0234375 0.0421875
0 0.2765625 0.3296875 0.03125 0.053125
0 0.2390625 0.40625 0.05 0.0734375
0 0.19921875 0.51171875 0.0265625 0.04375
0 0.16328125 0.6515625 0.0421875 0.0703125
0 0.34296875 0.665625 0.0390625 0.0515625
0 0.2328125 0.62109375 0.05 0.0703125
0 0.23984375 0.903125 0.0515625 0.0671875
0 0.3390625 0.840625 0.0515625 0.0640625
0 0.40234375 0.68984375 0.0390625 0.05625
0 0.54140625 0.778125 0.028125 0.0671875
0 0.521875 0.88984375 0.053125 0.0578125
0 0.61640625 0.89296875 0.046875 0.1
0 0.653125 0.71953125 0.0734375 0.0765625
0 0.81015625 0.421875 0.0328125 0.0515625
0 0.80546875 0.1484375 0.0390625 0.0578125
0 0.81484375 0.215625 0.046875 0.0390625
0 0.81171875 0.28515625 0.0375 0.0546875
0 0.5140625 0.29140625 0.040625 0.0546875
0 0.95859375 0.67578125 0.0625 0.0515625
0 0.96953125 0.57265625 0.03125 0.0421875
0 0.89375 0.56171875 0.046875 0.0640625
0 0.83203125 0.8109375 0.04375 0.05625
0 0.984375 0.9609375 0.03125 0.053125
0 0.06015625 0.23671875 0.05 0.0546875
0 0.0796875 0.290625 0.0328125 0.0515625
0 0.05859375 0.33359375 0.0421875 0.075
0 0.20078125 0.1921875 0.0640625 0.0515625
0 0.20390625 0.2859375 0.053125 0.04375
0 0.36171875 0.3 0.0359375 0.0359375
0 0.4703125 0.39609375 0.0578125 0.053125
0 0.1875 0.1421875 0.0484375 0.0453125
0 0.040625 0.115625 0.05625 0.05625