0 0.69765625 0.534375 0.04375 0.0671875
0 0.696875 0.75078125 0.0234375 0.0421875
0 0.7234375 0.6703125 0.03125 0.053125
0 0.7609375 0.59375 0.05 0.0734375
0 0.80078125 0.48828125 0.0265625 0.04375
0 0.83671875 0.3484375 0.0421875 0.0703125
0 0.65703125 0.334375 0.0390625 0.0515625
0 0.7671875 0.37890625 0.05 0.0703125
0 0.76015625 0.096875 0.0515625 0.0671875
0 0.6609375 0.159375 0.0515625 0.0640625
0 0.59765625 0.31015625 0.0390625 0.05625
0 0.45859375 0.221875 0.028125 0.0671875
0 0.478125 0.11015625 0.053125 0.0578125
0 0.38359375 0.10703125 0.046875 0.1
0 0.346875 0.28046875 0.0734375 0.0765625
0 0.18984375 0.578125 0.0328125 0.0515625
0 0.19453125 0.8515625 0.0390625 0.0578125
0 0.18515625 0.784375 0.046875 0.0390625
0 0.18828125 0.71484375 0.0375 0.0546875
0 0.4859375 0.70859375 0.040625 0.0546875
0 0.04140625 0.32421875 0.0625 0.0515625
0 0.03046875 0.42734375 0.03125 0.0421875
0 0.10625 0.43828125 0.046875 0.0640625
0 0.16796875 0.1890625 0.04375 0.05625
0 0.015625 0.0390625 0.03125 0.053125
0 0.93984375 0.76328125 0.05 0.0546875
0 0.9203125 0.709375 0.0328125 0.0515625
0 0.94140625 0.66640625 0.0421875 0.075
0 0.79921875 0.8078125 0.0640625 0.0515625
0 0.79609375 0.7140625 0.053125 0.04375
0 0.63828125 0.7 0.0359375 0.0359375
0 0.5296875 0.60390625 0.0578125 0.053125
0 0.8125 0.8578125 0.0484375 0.0453125
0 0.959375 0.884375 0.05625 0.05625