0 0.19921875 0.34375 0.03125 0.0484375
0 0.26171875 0.340625 0.0390625 0.0546875
0 0.3265625 0.253125 0.028125 0.04375
0 0.33046875 0.3390625 0.0421875 0.059375
0 0.0546875 0.29765625 0.0421875 0.0703125
0 0.09140625 0.37578125 0.0234375 0.0359375
0 0.16328125 0.38515625 0.0234375 0.0421875
0 0.19765625 0.40703125 0.0234375 0.0546875
0 0.0265625 0.40390625 0.0203125 0.0453125
0 0.05703125 0.40859375 0.0234375 0.04375
0 0.09765625 0.4078125 0.03125 0.0265625
0 0.1640625 0.44140625 0.0265625 0.046875
0 0.0796875 0.4734375 0.046875 0.0390625
0 0.23828125 0.52578125 0.0515625 0.04375
0 0.21796875 0.57890625 0.0484375 0.0375
0 0.09140625 0.66796875 0.021875 0.05
0 0.1328125 0.66484375 0.0234375 0.0328125
0 0.15703125 0.6765625 0.0296875 0.0296875
0 0.01484375 0.58984375 0.0296875 0.053125
0 0.0421875 0.5734375 0.0203125 0.04375
0 0.01484375 0.640625 0.0296875 0.0421875
0 0.1203125 0.7359375 0.021875 0.06875
0 0.02890625 0.7109375 0.040625 0.0359375
0 0.03359375 0.759375 0.034375 0.0359375
0 0.09140625 0.765625 0.0203125 0.0421875
0 0.06953125 0.809375 0.034375 0.04375
0 0.02109375 0.83515625 0.03125 0.053125
0 0.0578125 0.8828125 0.034375 0.05
0 0.0921875 0.884375 0.040625 0.04375
0 0.03984375 0.93359375 0.0375 0.0375
0 0.01796875 0.9828125 0.0234375 0.034375
0 0.05625 0.9703125 0.0328125 0.0421875
0 0.09765625 0.978125 0.040625 0.04375
0 0.12890625 0.96484375 0.0375 0.0375
0 0.1609375 0.74765625 0.0296875 0.0296875
0 0.1515625 0.81640625 0.0328125 0.053125
0 0.17109375 0.86484375 0.0359375 0.05
0 0.1734375 0.71875 0.028125 0.0328125
0 0.2046875 0.75390625 0.0140625 0.0453125
0 0.20625 0.809375 0.04375 0.0359375
0 0.209375 0.86015625 0.03125 0.0375
0 0.26796875 0.94765625 0.0453125 0.040625
0 0.33984375 0.69375 0.0328125 0.0640625
0 0.3375 0.75078125 0.03125 0.0484375
0 0.33359375 0.79375 0.015625 0.0375
0 0.35234375 0.87109375 0.0453125 0.0625
0 0.3078125 0.93828125 0.0578125 0.0609375
0 0.240625 0.7609375 0.0328125 0.0390625
0 0.11015625 0.2015625 0.034375 0.0546875
0 0.23359375 0.11484375 0.0421875 0.0609375
0 0.3078125 0.06875 0.0375 0.0328125
0 0.29765625 0.1265625 0.025 0.034375
0 0.28671875 0.1703125 0.03125 0.0453125
0 0.2671875 0.24375 0.0390625 0.0578125
0 0.28203125 0.71328125 0.0421875 0.0234375
0 0.29765625 0.75390625 0.0203125 0.0375
0 0.38828125 0.70703125 0.03125 0.0390625
0 0.38828125 0.78828125 0.0328125 0.04375
0 0.35703125 0.45625 0.0375 0.0578125
0 0.359375 0.50703125 0.0578125 0.0515625
0 0.34375 0.54921875 0.03125 0.0421875
0 0.3796875 0.6046875 0.0390625 0.04375
0 0.40546875 0.75546875 0.0296875 0.0421875
0 0.425 0.746875 0.03125 0.034375
0 0.45234375 0.75078125 0.040625 0.0515625
0 0.43671875 0.8 0.0359375 0.0375
0 0.47890625 0.7828125 0.015625 0.0328125
0 0.4390625 0.871875 0.028125 0.04375
0 0.478125 0.87421875 0.0421875 0.0625
0 0.4625 0.93515625 0.0171875 0.034375
0 0.48671875 0.92734375 0.01875 0.0484375
0 0.44609375 0.95625 0.015625 0.0328125
0 0.490625 0.97265625 0.025 0.0328125
0 0.5171875 0.76640625 0.0265625 0.0375
0 0.53984375 0.72578125 0.0234375 0.0515625
0 0.53359375 0.78125 0.03125 0.040625
0 0.528125 0.82109375 0.0171875 0.028125
0 0.5265625 0.8625 0.01875 0.0328125
0 0.553125 0.8703125 0.028125 0.0375
0 0.53359375 0.91640625 0.03125 0.0375
0 0.55859375 0.90390625 0.025 0.0375
0 0.58515625 0.78125 0.04375 0.0734375
0 0.58125 0.85 0.028125 0.0453125
0 0.5828125 0.9 0.0203125 0.0328125
0 0.64140625 0.8953125 0.0546875 0.08125
0 0.61640625 0.959375 0.0265625 0.06875
0 0.59296875 0.9859375 0.046875 0.028125
0 0.39453125 0.9796875 0.025 0.040625
0 0.12890625 0.16015625 0.0375 0.05
0 0.3484375 0.07421875 0.046875 0.0390625
0 0.3796875 0.0515625 0.0328125 0.034375
0 0.35 0.20625 0.0390625 0.0375
0 0.3625 0.30625 0.0234375 0.0453125
0 0.390625 0.246875 0.046875 0.059375
0 0.38203125 0.29765625 0.03125 0.0453125
0 0.40625 0.2921875 0.03125 0.0484375
0 0.384375 0.153125 0.0296875 0.04375
0 0.4140625 0.1390625 0.0265625 0.046875
0 0.41328125 0.20703125 0.0234375 0.0390625
0 0.4546875 0.02421875 0.053125 0.046875
0 0.4796875 0.109375 0.04375 0.05625
0 0.4625 0.1890625 0.0265625 0.0421875
0 0.5015625 0.17265625 0.0421875 0.053125
0 0.46171875 0.2359375 0.021875 0.040625
0 0.45703125 0.29296875 0.03125 0.05
0 0.4453125 0.39296875 0.0265625 0.0671875
0 0.4875 0.39921875 0.0359375 0.0390625
0 0.5640625 0.33671875 0.0359375 0.04375
0 0.61484375 0.4296875 0.04375 0.04375
0 0.59921875 0.33359375 0.025 0.040625
0 0.62890625 0.38515625 0.0375 0.034375
0 0.55859375 0.1390625 0.028125 0.0390625
0 0.57578125 0.1984375 0.0328125 0.0578125
0 0.60390625 0.22109375 0.01875 0.05
0 0.6515625 0.31484375 0.03125 0.0359375
0 0.69140625 0.23203125 0.065625 0.05625
0 0.67890625 0.30390625 0.0265625 0.0375
0 0.6828125 0.38515625 0.04375 0.05
0 0.6625 0.42421875 0.0234375 0.0390625
0 0.6859375 0.4890625 0.034375 0.075
0 0.71328125 0.3203125 0.034375 0.0515625
0 0.7078125 0.36328125 0.03125 0.0515625
0 0.70859375 0.44296875 0.040625 0.0390625
0 0.725 0.40625 0.025 0.0296875
0 0.76328125 0.44453125 0.046875 0.04375
0 0.85234375 0.5 0.065625 0.075
0 0.75703125 0.31953125 0.0390625 0.046875
0 0.7859375 0.3734375 0.0484375 0.0484375
0 0.634375 0.07890625 0.0359375 0.0421875
0 0.57265625 0.1125 0.028125 0.034375
0 0.61875 0.1515625 0.0296875 0.034375
0 0.64375 0.2015625 0.028125 0.05
0 0.71953125 0.059375 0.0546875 0.059375
0 0.66328125 0.125 0.034375 0.05
0 0.70234375 0.125 0.0390625 0.0453125
0 0.721875 0.19453125 0.0515625 0.08125
0 0.8109375 0.18046875 0.0296875 0.0390625
0 0.7703125 0.03203125 0.04375 0.0640625
0 0.828125 0.02109375 0.046875 0.0421875
0 0.85703125 0.1 0.05625 0.0671875
0 0.87734375 0.1625 0.0453125 0.075
0 0.87265625 0.2375 0.0421875 0.053125
0 0.91796875 0.11328125 0.040625 0.08125
0 0.928125 0.18984375 0.0375 0.053125
0 0.97265625 0.23984375 0.0390625 0.040625
0 0.97265625 0.34296875 0.0421875 0.0703125
0 0.978125 0.4203125 0.04375 0.0625
0 0.90625 0.41328125 0.040625 0.059375
0 0.97578125 0.51328125 0.0234375 0.0328125
0 0.90703125 0.60703125 0.0234375 0.0390625
0 0.93125 0.64296875 0.05625 0.0546875
0 0.6109375 0.66484375 0.0453125 0.0859375
0 0.64921875 0.76640625 0.046875 0.0859375
0 0.63515625 0.84296875 0.025 0.0453125
0 0.675 0.97109375 0.0421875 0.0484375
0 0.67109375 0.84765625 0.0515625 0.0625
0 0.69921875 0.815625 0.04375 0.0453125
0 0.70078125 0.8609375 0.0328125 0.053125
0 0.734375 0.9125 0.05 0.0625
0 0.665625 0.69453125 0.03125 0.046875
0 0.69453125 0.75078125 0.03125 0.0390625
0 0.7640625 0.73828125 0.04375 0.040625
0 0.7578125 0.78359375 0.0234375 0.0453125
0 0.76015625 0.85234375 0.0421875 0.0578125
0 0.78671875 0.78671875 0.0234375 0.0515625
0 0.790625 0.83046875 0.0296875 0.040625
0 0.79921875 0.86484375 0.03125 0.0578125
0 0.7921875 0.92734375 0.03125 0.0484375
0 0.80546875 0.72578125 0.0296875 0.0515625
0 0.8125 0.77109375 0.034375 0.0625
0 0.81953125 0.81796875 0.0375 0.05
0 0.82578125 0.8546875 0.0328125 0.0328125
0 0.853125 0.91796875 0.0421875 0.05625
0 0.88828125 0.809375 0.0421875 0.05625
0 0.9015625 0.86875 0.0484375 0.0625
0 0.73203125 0.5703125 0.028125 0.0375
0 0.73046875 0.615625 0.034375 0.059375
0 0.8546875 0.6046875 0.0359375 0.04375
0 0.81640625 0.653125 0.034375 0.0515625
0 0.91796875 0.9125 0.0234375 0.0421875
0 0.9359375 0.8328125 0.021875 0.0453125
0 0.94921875 0.89296875 0.0203125 0.034375
0 0.9546875 0.93671875 0.025 0.0375
0 0.98984375 0.63203125 0.0203125 0.0390625
0 0.984375 0.70078125 0.028125 0.0515625
0 0.85859375 0.70234375 0.0390625 0.0625
0 0.92265625 0.740625 0.028125 0.0390625
0 0.98984375 0.7578125 0.0203125 0.05625
0 0.99140625 0.83984375 0.0171875 0.0546875
0 0.96796875 0.890625 0.01875 0.0421875
0 0.990625 0.88125 0.0171875 0.040625
0 0.853125 0.34921875 0.0453125 0.071875
0 0.89921875 0.2953125 0.0375 0.0625
0 0.95 0.56796875 0.0265625 0.04375
0 0.25078125 0.4328125 0.040625 0.0328125
0 0.3140625 0.4328125 0.015625 0.046875
0 0.52734375 0.52734375 0.0578125 0.053125
0 0.57578125 0.55859375 0.065625 0.0875
0 0.4171875 0.54609375 0.04375 0.0453125
0 0.4796875 0.48828125 0.040625 0.04375
0 0.47421875 0.54296875 0.0390625 0.05625