0 0.9828125 0.953125 0.034375 0.046875
0 0.9875 0.84921875 0.025 0.0625
0 0.91171875 0.771875 0.040625 0.0609375
0 0.98984375 0.6609375 0.0203125 0.0828125
0 0.9640625 0.1703125 0.03125 0.0453125
0 0.975 0.29609375 0.028125 0.0703125
0 0.97109375 0.34765625 0.034375 0.053125
0 0.93515625 0.47890625 0.034375 0.0578125
0 0.9375 0.540625 0.0328125 0.05625
0 0.84453125 0.66796875 0.0375 0.084375
0 0.8421875 0.86484375 0.034375 0.0734375
0 0.87109375 0.884375 0.01875 0.0359375
0 0.84140625 0.946875 0.028125 0.0265625
0 0.796875 0.91171875 0.040625 0.08125
0 0.73671875 0.98828125 0.0328125 0.0234375
0 0.34375 0.86640625 0.0296875 0.0703125
0 0.3 0.834375 0.0390625 0.05625
0 0.2625 0.83046875 0.0203125 0.025
0 0.26171875 0.86640625 0.01875 0.0375
0 0.2578125 0.93828125 0.028125 0.0609375
0 0.24296875 0.54609375 0.0578125 0.0453125
0 0.32109375 0.56484375 0.0390625 0.05
0 0.26015625 0.61171875 0.0515625 0.0625
0 0.23671875 0.70546875 0.0328125 0.0421875
0 0.24140625 0.76953125 0.03125 0.0390625
0 0.2171875 0.75859375 0.0234375 0.053125
0 0.22578125 0.83046875 0.034375 0.046875
0 0.22265625 0.91875 0.040625 0.0453125
0 0.20390625 0.87734375 0.028125 0.0578125
0 0.19375 0.7 0.015625 0.0375
0 0.1828125 0.76484375 0.0171875 0.0578125
0 0.240625 0.43984375 0.0359375 0.0703125
0 0.2296875 0.48046875 0.03125 0.0515625
0 0.1828125 0.53828125 0.0328125 0.0515625
0 0.18125 0.60703125 0.04375 0.04375
0 0.19921875 0.65859375 0.0359375 0.0484375
0 0.15 0.66875 0.0265625 0.0484375
0 0.159375 0.73125 0.025 0.0375
0 0.3875 0.25703125 0.0203125 0.0390625
0 0.36640625 0.2828125 0.0328125 0.0359375
0 0.31484375 0.3046875 0.034375 0.04375
0 0.240625 0.33828125 0.0328125 0.040625
0 0.19375 0.41796875 0.040625 0.05
0 0.159375 0.4671875 0.0296875 0.03125
0 0.1515625 0.509375 0.0359375 0.040625
0 0.1328125 0.5734375 0.040625 0.0484375
0 0.11640625 0.6296875 0.0390625 0.0765625
0 0.13046875 0.715625 0.028125 0.0515625
0 0.1453125 0.7765625 0.0203125 0.0375
0 0.190625 0.83515625 0.0234375 0.040625
0 0.171875 0.85 0.0234375 0.0375
0 0.146875 0.83359375 0.0234375 0.0375
0 0.1375 0.86875 0.01875 0.0328125
0 0.11953125 0.77734375 0.0359375 0.040625
0 0.10546875 0.6953125 0.025 0.0375
0 0.103125 0.746875 0.0296875 0.04375
0 0.08828125 0.77890625 0.03125 0.0390625
0 0.103125 0.81015625 0.0234375 0.040625
0 0.11171875 0.8703125 0.025 0.0671875
0 0.07265625 0.815625 0.0296875 0.0484375
0 0.078125 0.87734375 0.01875 0.0328125
0 0.328125 0.13828125 0.0546875 0.0640625
0 0.271875 0.22734375 0.05 0.0484375
0 0.21796875 0.3125 0.0234375 0.0453125
0 0.1828125 0.33125 0.025 0.0453125
0 0.1453125 0.3234375 0.03125 0.04375
0 0.0921875 0.3 0.0578125 0.0546875
0 0.07265625 0.36875 0.04375 0.0484375
0 0.07734375 0.421875 0.025 0.03125
0 0.05703125 0.47421875 0.0421875 0.0421875
0 0.07578125 0.52265625 0.0328125 0.0546875
0 0.05078125 0.5578125 0.028125 0.0578125
0 0.05078125 0.60859375 0.03125 0.046875
0 0.04765625 0.66640625 0.0234375 0.053125
0 0.071875 0.68046875 0.0171875 0.034375
0 0.0453125 0.73984375 0.028125 0.053125
0 0.0515625 0.8328125 0.0359375 0.0328125
0 0.0484375 0.87265625 0.01875 0.0296875
0 0.07734375 0.91328125 0.0171875 0.04375
0 0.121875 0.9359375 0.0203125 0.0359375
0 0.084375 0.95 0.028125 0.0296875
0 0.0625 0.9703125 0.028125 0.05
0 0.034375 0.9546875 0.03125 0.05
0 0.0140625 0.93125 0.025 0.040625
0 0.07578125 0.7171875 0.0234375 0.0453125
0 0.021875 0.65078125 0.015625 0.0359375
0 0.01953125 0.69921875 0.0203125 0.05625
0 0.01171875 0.77578125 0.0234375 0.0515625
0 0.0171875 0.81796875 0.0234375 0.0390625
0 0.03125 0.515625 0.0234375 0.0328125
0 0.103125 0.3765625 0.0578125 0.0546875
0 0.0234375 0.340625 0.03125 0.046875
0 0.75 0.8296875 0.01875 0.0484375
0 0.715625 0.8796875 0.0265625 0.065625
0 0.671875 0.940625 0.05625 0.071875
0 0.8171875 0.490625 0.0359375 0.0640625
0 0.83671875 0.55546875 0.0515625 0.075
0 0.76953125 0.57734375 0.0203125 0.0484375
0 0.740625 0.64453125 0.0296875 0.0359375
0 0.70703125 0.5265625 0.040625 0.046875
0 0.68671875 0.484375 0.046875 0.0515625
0 0.63046875 0.30625 0.0484375 0.0625
0 0.646875 0.3890625 0.025 0.0453125
0 0.61484375 0.38984375 0.053125 0.0578125
0 0.63984375 0.44609375 0.03125 0.0359375
0 0.6390625 0.49375 0.03125 0.0375
0 0.64453125 0.54296875 0.028125 0.034375
0 0.61875 0.603125 0.03125 0.0609375
0 0.61953125 0.43359375 0.0328125 0.0453125
0 0.5921875 0.4875 0.028125 0.05
0 0.5265625 0.56953125 0.040625 0.0625
0 0.58515625 0.6015625 0.03125 0.0375
0 0.55234375 0.60546875 0.0234375 0.0421875
0 0.6203125 0.65546875 0.0234375 0.059375
0 0.66875 0.6875 0.025 0.0421875
0 0.6734375 0.8328125 0.0328125 0.05625
0 0.6921875 0.853125 0.034375 0.046875
0 0.56640625 0.86328125 0.0390625 0.04375
0 0.52890625 0.7375 0.04375 0.0625
0 0.4921875 0.82578125 0.0390625 0.0484375
0 0.4765625 0.88203125 0.0296875 0.034375
0 0.58359375 0.63984375 0.0234375 0.0390625
0 0.51328125 0.70546875 0.0328125 0.059375
0 0.46015625 0.69296875 0.0359375 0.05
0 0.4640625 0.7671875 0.053125 0.0609375
0 0.425 0.76953125 0.0359375 0.05625
0 0.42265625 0.83515625 0.0375 0.05
0 0.56484375 0.4578125 0.0515625 0.059375
0 0.5421875 0.45 0.0359375 0.05
0 0.49609375 0.36953125 0.0390625 0.046875
0 0.5109375 0.41640625 0.028125 0.040625
0 0.48984375 0.4734375 0.0640625 0.04375
0 0.48203125 0.521875 0.0453125 0.04375
0 0.4890625 0.56953125 0.034375 0.046875
0 0.41484375 0.5140625 0.0359375 0.059375
0 0.41953125 0.55078125 0.0265625 0.0515625
0 0.42890625 0.603125 0.0359375 0.0390625
0 0.4140625 0.65234375 0.0421875 0.053125
0 0.3859375 0.66484375 0.0359375 0.05
0 0.384375 0.73359375 0.0390625 0.0484375
0 0.36171875 0.58671875 0.028125 0.046875
0 0.3671875 0.6484375 0.0328125 0.0578125
0 0.3234375 0.67109375 0.0515625 0.0703125
0 0.584375 0.35546875 0.04375 0.0515625
0 0.8859375 0.47265625 0.028125 0.053125
0 0.784375 0.3890625 0.0484375 0.0421875
0 0.7703125 0.43203125 0.0390625 0.0515625
0 0.8578125 0.18046875 0.053125 0.0515625
0 0.91953125 0.27734375 0.028125 0.0328125
0 0.86328125 0.26953125 0.0546875 0.0640625
0 0.89453125 0.32265625 0.0296875 0.0359375
0 0.875 0.07421875 0.053125 0.046875
0 0.55859375 0.215625 0.028125 0.0546875
0 0.6140625 0.259375 0.0234375 0.0359375
0 0.4703125 0.4015625 0.0234375 0.0296875
0 0.4375 0.39375 0.034375 0.0375
0 0.4359375 0.45390625 0.028125 0.05
0 0.5234375 0.253125 0.0421875 0.0265625
0 0.4546875 0.1578125 0.0625 0.0375
0 0.4671875 0.2140625 0.0421875 0.059375
0 0.4578125 0.296875 0.034375 0.034375
0 0.40546875 0.328125 0.03125 0.046875
0 0.4109375 0.36328125 0.0359375 0.04375
0 0.4 0.43203125 0.0390625 0.0359375
0 0.37890625 0.3984375 0.03125 0.040625
0 0.3375 0.44453125 0.0359375 0.05625
0 0.13046875 0.06796875 0.05 0.0765625
0 0.0609375 0.05078125 0.05 0.0484375
0 0.09609375 0.20390625 0.034375 0.0453125
0 0.39375 0.2359375 0.0421875 0.03125
0 0.34921875 0.23828125 0.0328125 0.0484375
0 0.32265625 0.3609375 0.03125 0.0390625
0 0.6046875 0.08515625 0.0734375 0.0625