0 0.03984375 0.0296875 0.0703125 0.053125
0 0.01796875 0.1546875 0.0328125 0.0640625
0 0.02109375 0.52265625 0.0421875 0.075
0 0.03984375 0.44140625 0.0671875 0.08125
0 0.01796875 0.34609375 0.0359375 0.0671875
0 0.0125 0.25078125 0.025 0.05625
0 0.034375 0.259375 0.0265625 0.0390625
0 0.05 0.3421875 0.03125 0.0765625
0 0.09140625 0.246875 0.0515625 0.08125
0 0.09296875 0.434375 0.0453125 0.059375
0 0.09375 0.365625 0.0515625 0.059375
0 0.13828125 0.28125 0.0515625 0.0625
0 0.1765625 0.371875 0.05625 0.0671875
0 0.028125 0.57890625 0.025 0.0765625
0 0.0703125 0.546875 0.053125 0.05625
0 0.09609375 0.509375 0.0359375 0.05625
0 0.1359375 0.471875 0.0484375 0.0609375
0 0.05546875 0.65703125 0.03125 0.075
0 0.0953125 0.63203125 0.0328125 0.075
0 0.115625 0.5890625 0.0421875 0.0734375
0 0.1671875 0.615625 0.040625 0.059375
0 0.1734375 0.528125 0.05625 0.0546875
0 0.18984375 0.4671875 0.0328125 0.0328125
0 0.21953125 0.509375 0.0234375 0.059375
0 0.234375 0.428125 0.0296875 0.04375
0 0.290625 0.48046875 0.0546875 0.046875
0 0.33671875 0.56875 0.04375 0.0796875
0 0.3453125 0.49375 0.046875 0.0671875
0 0.3875 0.44296875 0.0359375 0.0515625
0 0.41484375 0.4015625 0.03125 0.0484375
0 0.3375 0.34296875 0.078125 0.0890625
0 0.28203125 0.27890625 0.0421875 0.053125
0 0.20546875 0.2015625 0.028125 0.04375
0 0.325 0.06640625 0.0546875 0.053125
0 0.3453125 0.184375 0.034375 0.071875
0 0.390625 0.23359375 0.0671875 0.046875
0 0.4125 0.15078125 0.040625 0.059375
0 0.44609375 0.05078125 0.0484375 0.0453125
0 0.51015625 0.03671875 0.05625 0.0609375
0 0.5625 0.04765625 0.0359375 0.06875
0 0.6984375 0.0296875 0.01875 0.059375
0 0.75625 0.05234375 0.078125 0.059375
0 0.86640625 0.171875 0.04375 0.0875
0 0.78984375 0.13671875 0.0296875 0.05625
0 0.82578125 0.140625 0.0328125 0.065625
0 0.83203125 0.0859375 0.0390625 0.0328125
0 0.88671875 0.07265625 0.04375 0.0515625
0 0.87578125 0.021875 0.0453125 0.04375
0 0.9359375 0.10234375 0.05 0.0546875
0 0.971875 0.128125 0.021875 0.0453125
0 0.853125 0.2734375 0.034375 0.0671875
0 0.90859375 0.28359375 0.0265625 0.05
0 0.728125 0.53359375 0.059375 0.0625
0 0.78125 0.5328125 0.034375 0.0484375
0 0.83203125 0.50234375 0.025 0.0578125
0 0.8703125 0.5375 0.0265625 0.0484375
0 0.89375 0.478125 0.0375 0.0796875
0 0.9375 0.43671875 0.028125 0.0609375
0 0.9828125 0.346875 0.0265625 0.053125
0 0.9765625 0.31015625 0.021875 0.046875
0 0.978125 0.26640625 0.0234375 0.046875
0 0.971875 0.2296875 0.0265625 0.046875
0 0.94609375 0.3703125 0.034375 0.0640625
0 0.9578125 0.5765625 0.04375 0.04375
0 0.96875 0.4984375 0.009375 0.0546875
0 0.99296875 0.4734375 0.0078125 0.0796875
0 0.76171875 0.42109375 0.0265625 0.0546875
0 0.746875 0.32890625 0.0390625 0.06875
0 0.8 0.31640625 0.0203125 0.0796875
0 0.69609375 0.28671875 0.040625 0.05625
0 0.66875 0.39765625 0.0421875 0.06875
0 0.51015625 0.4203125 0.0828125 0.10625
0 0.50859375 0.30390625 0.0390625 0.046875
0 0.7859375 0.696875 0.0453125 0.153125
0 0.84296875 0.65546875 0.0515625 0.08125
0 0.90546875 0.665625 0.028125 0.08125
0 0.55234375 0.55703125 0.0203125 0.0828125
0 0.60390625 0.54921875 0.0515625 0.040625
0 0.6359375 0.503125 0.0625 0.0359375
0 0.4078125 0.51640625 0.034375 0.04375
0 0.22109375 0.6875 0.025 0.05
0 0.234375 0.6125 0.0265625 0.08125
0 0.040625 0.78828125 0.03125 0.065625
0 0.08515625 0.80078125 0.040625 0.0625
0 0.0265625 0.7 0.0171875 0.0625
0 0.01328125 0.64140625 0.0265625 0.0546875
0 0.15859375 0.79609375 0.0421875 0.0375
0 0.0234375 0.96015625 0.046875 0.0421875
0 0.059375 0.9375 0.04375 0.0546875
0 0.075 0.89453125 0.0453125 0.0515625
0 0.13046875 0.97265625 0.0703125 0.0546875
0 0.23046875 0.82421875 0.0421875 0.053125
0 0.2453125 0.78125 0.04375 0.0375
0 0.26640625 0.70859375 0.0515625 0.0671875
0 0.3484375 0.8390625 0.0515625 0.0734375
0 0.315625 0.925 0.0421875 0.05
0 0.24921875 0.88046875 0.028125 0.05625
0 0.515625 0.6890625 0.0859375 0.0984375
0 0.4734375 0.546875 0.0484375 0.0671875
0 0.76484375 0.915625 0.04375 0.053125
0 0.81875 0.91328125 0.040625 0.0640625
0 0.8078125 0.85859375 0.0390625 0.0546875
0 0.865625 0.85078125 0.04375 0.059375
0 0.88671875 0.7828125 0.034375 0.0609375
0 0.925 0.7796875 0.0484375 0.059375
0 0.9609375 0.85625 0.0359375 0.0484375
0 0.97265625 0.7890625 0.0546875 0.078125
0 0.8390625 0.97578125 0.05625 0.0484375
0 0.9328125 0.953125 0.0359375 0.0515625
0 0.9828125 0.8984375 0.034375 0.084375
0 0.50390625 0.86171875 0.06875 0.1109375
0 0.48984375 0.78359375 0.0390625 0.0671875
0 0.3484375 0.74140625 0.0484375 0.0609375
0 0.30625 0.68046875 0.0375 0.0515625
0 0.596875 0.746875 0.0625 0.059375
0 0.65 0.67421875 0.0515625 0.06875
0 0.5640625 0.69765625 0.0578125 0.065625