0 0.5546875 0.3173828125 0.54296875 0.2998046875 0.5302734375 0.2890625 0.4970703125 0.2734375 0.462890625 0.2705078125 0.4384765625 0.27734375 0.404296875 0.3095703125 0.3984375 0.3330078125 0.396484375 0.3837890625 0.40234375 0.4072265625 0.419921875 0.4423828125 0.470703125 0.5224609375 0.4814453125 0.529296875 0.486328125 0.5166015625 0.52734375 0.4599609375 0.55078125 0.4150390625 0.5625 0.3818359375 0.560546875 0.3408203125 0.5546875 0.3173828125
0 0.630859375 0.9521484375 0.6220703125 0.943359375 0.609375 0.9423828125 0.599609375 0.9560546875 0.6015625 0.9716796875 0.6064453125 0.978515625 0.6220703125 0.974609375 0.6328125 0.9619140625 0.630859375 0.9521484375
0 0.5390625 0.9189453125 0.533203125 0.9228515625 0.525390625 0.9423828125 0.5537109375 0.94921875 0.556640625 0.9443359375 0.5546875 0.9287109375 0.5458984375 0.91796875 0.5390625 0.9189453125
0 0.48671875 0.865625 0.0421875 0.040625
0 0.5078125 0.9306640625 0.4990234375 0.919921875 0.486328125 0.9189453125 0.48046875 0.9248046875 0.478515625 0.9462890625 0.4833984375 0.953125 0.4970703125 0.955078125 0.5078125 0.9443359375 0.5078125 0.9306640625
0 0.31875 0.6359375 0.0375 0.0328125
0 0.3095703125 0.69921875 0.314453125 0.6923828125 0.318359375 0.6708984375 0.3154296875 0.66796875 0.30078125 0.6689453125 0.29296875 0.6748046875 0.29296875 0.6806640625 0.296875 0.6845703125 0.298828125 0.6982421875 0.3095703125 0.69921875
0 0.3056640625 0.767578125 0.314453125 0.7568359375 0.31640625 0.7333984375 0.3095703125 0.724609375 0.296875 0.7255859375 0.291015625 0.7333984375 0.294921875 0.7412109375 0.29296875 0.7490234375 0.298828125 0.7646484375 0.3056640625 0.767578125
0 0.2216796875 0.748046875 0.2119140625 0.740234375 0.203125 0.7412109375 0.197265625 0.7509765625 0.197265625 0.7646484375 0.2021484375 0.77734375 0.2265625 0.7626953125 0.2265625 0.7529296875 0.2216796875 0.748046875
0 0.1767578125 0.673828125 0.171875 0.6826171875 0.2001953125 0.689453125 0.2060546875 0.6875 0.2138671875 0.67578125 0.23046875 0.6669921875 0.2216796875 0.654296875 0.2138671875 0.650390625 0.205078125 0.6513671875 0.193359375 0.6591796875 0.1923828125 0.673828125 0.1767578125 0.673828125
0 0.146484375 0.5791015625 0.1357421875 0.5703125 0.126953125 0.5712890625 0.1201171875 0.572265625 0.115234375 0.5830078125 0.1220703125 0.595703125 0.1376953125 0.603515625 0.138671875 0.5908203125 0.146484375 0.5791015625
0 0.322265625 0.4462890625 0.3173828125 0.44140625 0.30078125 0.4423828125 0.296875 0.4482421875 0.296875 0.4599609375 0.3046875 0.4755859375 0.3095703125 0.4765625 0.322265625 0.4541015625 0.322265625 0.4462890625
0 0.205078125 0.4716796875 0.2119140625 0.478515625 0.220703125 0.4736328125 0.232421875 0.4560546875 0.234375 0.4462890625 0.244140625 0.4423828125 0.2392578125 0.435546875 0.2275390625 0.4296875 0.212890625 0.4306640625 0.203125 0.4423828125 0.20703125 0.4619140625 0.205078125 0.4716796875
0 0.2265625 0.5791015625 0.2265625 0.6025390625 0.2333984375 0.609375 0.2451171875 0.609375 0.25 0.5927734375 0.248046875 0.5830078125 0.2353515625 0.578125 0.2265625 0.5791015625
0 0.4990234375 0.560546875 0.4912109375 0.556640625 0.478515625 0.5576171875 0.462890625 0.5771484375 0.4677734375 0.611328125 0.4736328125 0.611328125 0.4873046875 0.6015625 0.505859375 0.5732421875 0.4990234375 0.560546875
0 0.322265625 0.5517578125 0.3330078125 0.564453125 0.353515625 0.5498046875 0.3505859375 0.537109375 0.333984375 0.5380859375 0.322265625 0.5439453125 0.322265625 0.5517578125
0 0.328125 0.2646484375 0.3154296875 0.271484375 0.310546875 0.2802734375 0.31640625 0.2998046875 0.3330078125 0.310546875 0.3515625 0.2822265625 0.3330078125 0.263671875 0.328125 0.2646484375
0 0.302734375 0.1572265625 0.2890625 0.1689453125 0.2890625 0.1787109375 0.302734375 0.2021484375 0.3095703125 0.205078125 0.31640625 0.1689453125 0.3095703125 0.158203125 0.302734375 0.1572265625
0 0.375 0.0810546875 0.404296875 0.0458984375 0.404296875 0.0380859375 0.3994140625 0.033203125 0.390625 0.0341796875 0.3759765625 0.03515625 0.3671875 0.0439453125 0.365234375 0.0732421875 0.3701171875 0.08203125 0.375 0.0810546875
0 0.28515625 0.1103515625 0.2998046875 0.12890625 0.3203125 0.0947265625 0.3037109375 0.08203125 0.296875 0.0810546875 0.287109375 0.0888671875 0.28515625 0.1103515625
0 0.5732421875 0.09765625 0.5615234375 0.08984375 0.5546875 0.0908203125 0.546875 0.0947265625 0.55078125 0.1005859375 0.548828125 0.1240234375 0.5654296875 0.138671875 0.578125 0.1064453125 0.5732421875 0.09765625
0 0.58203125 0.0224609375 0.5693359375 0.015625 0.55859375 0.0146484375 0.5546875 0.0166015625 0.55078125 0.0302734375 0.552734375 0.0380859375 0.5673828125 0.052734375 0.580078125 0.0361328125 0.58203125 0.0224609375
0 0.6376953125 0.2578125 0.66015625 0.2314453125 0.65625 0.2119140625 0.6513671875 0.20703125 0.642578125 0.2080078125 0.62890625 0.2255859375 0.6376953125 0.2578125
0 0.609375 0.6650390625 0.6259765625 0.68359375 0.64453125 0.6591796875 0.6279296875 0.640625 0.619140625 0.6416015625 0.61328125 0.6455078125 0.609375 0.6650390625
0 0.595703125 0.4228515625 0.599609375 0.4326171875 0.6123046875 0.44140625 0.623046875 0.4326171875 0.625 0.4150390625 0.630859375 0.4091796875 0.6328125 0.3994140625 0.6279296875 0.39453125 0.609375 0.3935546875 0.609375 0.4033203125 0.599609375 0.4111328125 0.595703125 0.4228515625
0 0.91640625 0.671875 0.046875 0.046875
0 0.89453125 0.6826171875 0.8798828125 0.6875 0.8720703125 0.6953125 0.86328125 0.6962890625 0.86328125 0.7177734375 0.859375 0.7216796875 0.859375 0.7294921875 0.8642578125 0.734375 0.8740234375 0.7265625 0.8857421875 0.7265625 0.89453125 0.7197265625 0.896484375 0.6982421875 0.90234375 0.6865234375 0.8994140625 0.681640625 0.89453125 0.6826171875
0 0.91796875 0.6240234375 0.912109375 0.6298828125 0.912109375 0.6376953125 0.9208984375 0.646484375 0.9287109375 0.6484375 0.931640625 0.6435546875 0.9296875 0.6240234375 0.91796875 0.6240234375
0 0.48359375 0.7703125 0.1 0.146875
0 0.88203125 0.50625 0.0640625 0.0609375
0 0.759375 0.63359375 0.034375 0.0453125
0 0.92109375 0.92265625 0.05 0.0375
0 0.86484375 0.859375 0.0359375 0.04375
0 0.78046875 0.89921875 0.0375 0.0453125
0 0.68046875 0.76484375 0.0390625 0.0484375
0 0.884375 0.61484375 0.0359375 0.059375
0 0.35234375 0.8578125 0.0359375 0.0421875