0 0.81328125 0.20078125 0.075 0.071875
0 0.59765625 0.15625 0.0640625 0.0703125
0 0.06171875 0.34453125 0.0890625 0.065625
0 0.159375 0.3515625 0.059375 0.0375
0 0.2046875 0.353125 0.0734375 0.0609375
0 0.09296875 0.309375 0.0390625 0.0609375
0 0.23671875 0.28671875 0.0734375 0.0625
0 0.2875 0.309375 0.0796875 0.0578125
0 0.29375 0.22109375 0.0609375 0.046875
0 0.315625 0.19609375 0.0703125 0.0609375
0 0.346875 0.17109375 0.0578125 0.0625
0 0.39765625 0.19921875 0.059375 0.0375
0 0.46171875 0.196875 0.0671875 0.071875
0 0.04921875 0.284375 0.06875 0.0578125
0 0.02734375 0.2296875 0.0546875 0.0546875
0 0.3484375 0.5296875 0.084375 0.0671875
0 0.45703125 0.4984375 0.084375 0.0703125
0 0.6203125 0.44765625 0.0953125 0.0640625
0 0.43203125 0.3609375 0.06875 0.05625
0 0.24765625 0.45078125 0.0859375 0.059375
0 0.09609375 0.53671875 0.0734375 0.0515625
0 0.18828125 0.77421875 0.06875 0.0546875
0 0.30703125 0.765625 0.0671875 0.0578125
0 0.4375 0.8234375 0.09375 0.075
0 0.4078125 0.74609375 0.0859375 0.0640625
0 0.10078125 0.8578125 0.05625 0.059375
0 0.1640625 0.8625 0.0734375 0.0671875
0 0.153125 0.734375 0.0765625 0.0546875
0 0.190625 0.6765625 0.071875 0.0609375
0 0.403125 0.90859375 0.0859375 0.0640625
0 0.584375 0.803125 0.1125 0.078125
0 0.653125 0.7375 0.08125 0.090625
0 0.74921875 0.78125 0.0875 0.0671875
0 0.6265625 0.865625 0.0828125 0.0625
0 0.55546875 0.9578125 0.0703125 0.059375
0 0.46875 0.70625 0.08125 0.075
0 0.54296875 0.64921875 0.0953125 0.0703125
0 0.89765625 0.34921875 0.0734375 0.0703125
0 0.71953125 0.36328125 0.0875 0.06875
0 0.7265625 0.596875 0.084375 0.0953125
0 0.74140625 0.5171875 0.0734375 0.0734375
0 0.94375 0.59140625 0.075 0.0640625
0 0.9 0.521875 0.084375 0.0875
0 0.82421875 0.4828125 0.0734375 0.065625
0 0.290625 0.053125 0.0703125 0.0640625
0 0.484375 0.26484375 0.0734375 0.053125
0 0.58515625 0.23359375 0.04375 0.05
0 0.08828125 0.23828125 0.059375 0.05
0 0.11875 0.08671875 0.059375 0.03125
0 0.1390625 0.05625 0.0421875 0.0359375
0 0.21328125 0.1 0.0515625 0.0375
0 0.43828125 0.03984375 0.06875 0.0375
0 0.359375 0.121875 0.05 0.046875
0 0.4421875 0.13359375 0.06875 0.05
0 0.596875 0.0453125 0.0546875 0.0390625
0 0.79921875 0.03359375 0.05 0.0546875
0 0.7734375 0.0734375 0.0578125 0.0359375
0 0.859375 0.01328125 0.0734375 0.0265625
0 0.97265625 0.01875 0.0546875 0.0375
0 0.96328125 0.125 0.04375 0.0515625
0 0.91328125 0.25078125 0.053125 0.0609375
0 0.97578125 0.265625 0.0484375 0.059375
0 0.871875 0.18828125 0.0390625 0.0390625
0 0.72734375 0.171875 0.05 0.05
0 0.665625 0.20390625 0.03125 0.028125
0 0.6046875 0.103125 0.0421875 0.0328125
0 0.5078125 0.134375 0.040625 0.034375
0 0.50859375 0.1015625 0.0484375 0.0375
0 0.384375 0.06796875 0.04375 0.0390625
0 0.359375 0.015625 0.04375 0.03125
0 0.35859375 0.26328125 0.0453125 0.034375
0 0.38359375 0.3203125 0.04375 0.0484375
0 0.3453125 0.39296875 0.0390625 0.0421875
0 0.38828125 0.44375 0.0546875 0.0421875
0 0.25 0.40390625 0.0609375 0.040625
0 0.15859375 0.42578125 0.040625 0.053125
0 0.0890625 0.4484375 0.05625 0.0640625
0 0.07890625 0.3984375 0.040625 0.0375
0 0.54453125 0.35546875 0.053125 0.0453125
0 0.44140625 0.42109375 0.053125 0.04375
0 0.4859375 0.39453125 0.0453125 0.0484375
0 0.52265625 0.43515625 0.0625 0.0390625
0 0.521875 0.54609375 0.053125 0.04375
0 0.4 0.5828125 0.0390625 0.0375
0 0.434375 0.5578125 0.0546875 0.0453125
0 0.31484375 0.5890625 0.04375 0.0515625
0 0.19921875 0.525 0.0546875 0.04375
0 0.27109375 0.54140625 0.0609375 0.05
0 0.66875 0.496875 0.065625 0.053125
0 0.83203125 0.40625 0.053125 0.0390625
0 0.8859375 0.42421875 0.053125 0.053125
0 0.9578125 0.4421875 0.0734375 0.04375
0 0.390625 0.67578125 0.05 0.0515625
0 0.025 0.55 0.05 0.0625
0 0.028125 0.609375 0.05625 0.0375
0 0.0671875 0.64140625 0.0578125 0.04375
0 0.12578125 0.65078125 0.065625 0.046875
0 0.19609375 0.61484375 0.0640625 0.04375
0 0.24765625 0.596875 0.06875 0.0421875
0 0.0234375 0.71171875 0.046875 0.0515625
0 0.07109375 0.74609375 0.053125 0.0421875
0 0.0171875 0.784375 0.034375 0.04375
0 0.12109375 0.79921875 0.040625 0.0421875
0 0.25625 0.7296875 0.0640625 0.053125
0 0.23828125 0.79921875 0.0609375 0.0359375
0 0.32734375 0.9015625 0.0609375 0.046875
0 0.3390625 0.8625 0.0515625 0.0484375
0 0.35546875 0.82109375 0.053125 0.04375
0 0.20859375 0.97734375 0.0796875 0.0453125
0 0.1609375 0.93203125 0.0671875 0.053125
0 0.50390625 0.87890625 0.0453125 0.0453125
0 0.6265625 0.97421875 0.0875 0.0515625
0 0.96015625 0.8234375 0.0609375 0.0546875
0 0.88046875 0.721875 0.0671875 0.0578125
0 0.728125 0.71171875 0.0484375 0.0484375
0 0.6359375 0.6671875 0.084375 0.0515625
0 0.07578125 0.97421875 0.0578125 0.0421875
0 0.05625 0.83515625 0.0328125 0.040625
0 0.05546875 0.88984375 0.0625 0.05625
0 0.775 0.92890625 0.034375 0.0625
0 0.83828125 0.6921875 0.0734375 0.04375
0 0.86328125 0.65 0.059375 0.034375
0 0.2046875 0.22890625 0.0390625 0.0453125