0 0.18671875 0.20078125 0.075 0.071875
0 0.40234375 0.15625 0.0640625 0.0703125
0 0.93828125 0.34453125 0.0890625 0.065625
0 0.840625 0.3515625 0.059375 0.0375
0 0.7953125 0.353125 0.0734375 0.0609375
0 0.90703125 0.309375 0.0390625 0.0609375
0 0.76328125 0.28671875 0.0734375 0.0625
0 0.7125 0.309375 0.0796875 0.0578125
0 0.70625 0.22109375 0.0609375 0.046875
0 0.684375 0.19609375 0.0703125 0.0609375
0 0.653125 0.17109375 0.0578125 0.0625
0 0.60234375 0.19921875 0.059375 0.0375
0 0.53828125 0.196875 0.0671875 0.071875
0 0.95078125 0.284375 0.06875 0.0578125
0 0.97265625 0.2296875 0.0546875 0.0546875
0 0.6515625 0.5296875 0.084375 0.0671875
0 0.54296875 0.4984375 0.084375 0.0703125
0 0.3796875 0.44765625 0.0953125 0.0640625
0 0.56796875 0.3609375 0.06875 0.05625
0 0.75234375 0.45078125 0.0859375 0.059375
0 0.90390625 0.53671875 0.0734375 0.0515625
0 0.81171875 0.77421875 0.06875 0.0546875
0 0.69296875 0.765625 0.0671875 0.0578125
0 0.5625 0.8234375 0.09375 0.075
0 0.5921875 0.74609375 0.0859375 0.0640625
0 0.89921875 0.8578125 0.05625 0.059375
0 0.8359375 0.8625 0.0734375 0.0671875
0 0.846875 0.734375 0.0765625 0.0546875
0 0.809375 0.6765625 0.071875 0.0609375
0 0.596875 0.90859375 0.0859375 0.0640625
0 0.415625 0.803125 0.1125 0.078125
0 0.346875 0.7375 0.08125 0.090625
0 0.25078125 0.78125 0.0875 0.0671875
0 0.3734375 0.865625 0.0828125 0.0625
0 0.44453125 0.9578125 0.0703125 0.059375
0 0.53125 0.70625 0.08125 0.075
0 0.45703125 0.64921875 0.0953125 0.0703125
0 0.10234375 0.34921875 0.0734375 0.0703125
0 0.28046875 0.36328125 0.0875 0.06875
0 0.2734375 0.596875 0.084375 0.0953125
0 0.25859375 0.5171875 0.0734375 0.0734375
0 0.05625 0.59140625 0.075 0.0640625
0 0.1 0.521875 0.084375 0.0875
0 0.17578125 0.4828125 0.0734375 0.065625
0 0.709375 0.053125 0.0703125 0.0640625
0 0.515625 0.26484375 0.0734375 0.053125
0 0.41484375 0.23359375 0.04375 0.05
0 0.91171875 0.23828125 0.059375 0.05
0 0.88125 0.08671875 0.059375 0.03125
0 0.8609375 0.05625 0.0421875 0.0359375
0 0.78671875 0.1 0.0515625 0.0375
0 0.56171875 0.03984375 0.06875 0.0375
0 0.640625 0.121875 0.05 0.046875
0 0.5578125 0.13359375 0.06875 0.05
0 0.403125 0.0453125 0.0546875 0.0390625
0 0.20078125 0.03359375 0.05 0.0546875
0 0.2265625 0.0734375 0.0578125 0.0359375
0 0.140625 0.01328125 0.0734375 0.0265625
0 0.02734375 0.01875 0.0546875 0.0375
0 0.03671875 0.125 0.04375 0.0515625
0 0.08671875 0.25078125 0.053125 0.0609375
0 0.02421875 0.265625 0.0484375 0.059375
0 0.128125 0.18828125 0.0390625 0.0390625
0 0.27265625 0.171875 0.05 0.05
0 0.334375 0.20390625 0.03125 0.028125
0 0.3953125 0.103125 0.0421875 0.0328125
0 0.4921875 0.134375 0.040625 0.034375
0 0.49140625 0.1015625 0.0484375 0.0375
0 0.615625 0.06796875 0.04375 0.0390625
0 0.640625 0.015625 0.04375 0.03125
0 0.64140625 0.26328125 0.0453125 0.034375
0 0.61640625 0.3203125 0.04375 0.0484375
0 0.6546875 0.39296875 0.0390625 0.0421875
0 0.61171875 0.44375 0.0546875 0.0421875
0 0.75 0.40390625 0.0609375 0.040625
0 0.84140625 0.42578125 0.040625 0.053125
0 0.9109375 0.4484375 0.05625 0.0640625
0 0.92109375 0.3984375 0.040625 0.0375
0 0.45546875 0.35546875 0.053125 0.0453125
0 0.55859375 0.42109375 0.053125 0.04375
0 0.5140625 0.39453125 0.0453125 0.0484375
0 0.47734375 0.43515625 0.0625 0.0390625
0 0.478125 0.54609375 0.053125 0.04375
0 0.6 0.5828125 0.0390625 0.0375
0 0.565625 0.5578125 0.0546875 0.0453125
0 0.68515625 0.5890625 0.04375 0.0515625
0 0.80078125 0.525 0.0546875 0.04375
0 0.72890625 0.54140625 0.0609375 0.05
0 0.33125 0.496875 0.065625 0.053125
0 0.16796875 0.40625 0.053125 0.0390625
0 0.1140625 0.42421875 0.053125 0.053125
0 0.0421875 0.4421875 0.0734375 0.04375
0 0.609375 0.67578125 0.05 0.0515625
0 0.975 0.55 0.05 0.0625
0 0.971875 0.609375 0.05625 0.0375
0 0.9328125 0.64140625 0.0578125 0.04375
0 0.87421875 0.65078125 0.065625 0.046875
0 0.80390625 0.61484375 0.0640625 0.04375
0 0.75234375 0.596875 0.06875 0.0421875
0 0.9765625 0.71171875 0.046875 0.0515625
0 0.92890625 0.74609375 0.053125 0.0421875
0 0.9828125 0.784375 0.034375 0.04375
0 0.87890625 0.79921875 0.040625 0.0421875
0 0.74375 0.7296875 0.0640625 0.053125
0 0.76171875 0.79921875 0.0609375 0.0359375
0 0.67265625 0.9015625 0.0609375 0.046875
0 0.6609375 0.8625 0.0515625 0.0484375
0 0.64453125 0.82109375 0.053125 0.04375
0 0.79140625 0.97734375 0.0796875 0.0453125
0 0.8390625 0.93203125 0.0671875 0.053125
0 0.49609375 0.87890625 0.0453125 0.0453125
0 0.3734375 0.97421875 0.0875 0.0515625
0 0.03984375 0.8234375 0.0609375 0.0546875
0 0.11953125 0.721875 0.0671875 0.0578125
0 0.271875 0.71171875 0.0484375 0.0484375
0 0.3640625 0.6671875 0.084375 0.0515625
0 0.92421875 0.97421875 0.0578125 0.0421875
0 0.94375 0.83515625 0.0328125 0.040625
0 0.94453125 0.88984375 0.0625 0.05625
0 0.225 0.92890625 0.034375 0.0625
0 0.16171875 0.6921875 0.0734375 0.04375
0 0.13671875 0.65 0.059375 0.034375
0 0.7953125 0.22890625 0.0390625 0.0453125