0 0.13984375 0.346875 0.071875 0.2109375
0 0.078125 0.36640625 0.0375 0.1140625
0 0.21015625 0.6078125 0.05 0.128125
0 0.21640625 0.83203125 0.0515625 0.14375
0 0.50546875 0.87734375 0.0734375 0.175
0 0.52265625 0.521875 0.059375 0.175
0 0.6484375 0.62265625 0.0453125 0.1015625
0 0.68671875 0.6390625 0.05 0.134375
0 0.66796875 0.51484375 0.0390625 0.109375
0 0.66015625 0.43046875 0.0328125 0.1
0 0.603125 0.471875 0.0421875 0.0953125
0 0.55546875 0.3671875 0.0421875 0.109375
0 0.490625 0.36953125 0.0515625 0.1140625
0 0.49296875 0.2828125 0.0390625 0.103125
0 0.6640625 0.296875 0.053125 0.13125
0 0.9609375 0.2640625 0.0671875 0.203125
0 0.90546875 0.1796875 0.0609375 0.15625
0 0.75390625 0.19296875 0.0515625 0.1125
0 0.790625 0.1515625 0.053125 0.1109375
0 0.709375 0.2359375 0.0640625 0.1109375
0 0.328125 0.46875 0.0484375 0.084375
0 0.2953125 0.42109375 0.0375 0.10625
0 0.265625 0.6625 0.0359375 0.09375
0 0.12265625 0.8546875 0.059375 0.14375
0 0.0453125 0.8125 0.04375 0.109375
0 0.21328125 0.21015625 0.0625 0.13125
0 0.4328125 0.43046875 0.034375 0.1140625
0 0.47734375 0.48828125 0.034375 0.0921875
0 0.6140625 0.5890625 0.034375 0.090625