0 0.86015625 0.653125 0.071875 0.2109375
0 0.921875 0.63359375 0.0375 0.1140625
0 0.78984375 0.3921875 0.05 0.128125
0 0.78359375 0.16796875 0.0515625 0.14375
0 0.49453125 0.12265625 0.0734375 0.175
0 0.47734375 0.478125 0.059375 0.175
0 0.3515625 0.37734375 0.0453125 0.1015625
0 0.31328125 0.3609375 0.05 0.134375
0 0.33203125 0.48515625 0.0390625 0.109375
0 0.33984375 0.56953125 0.0328125 0.1
0 0.396875 0.528125 0.0421875 0.0953125
0 0.44453125 0.6328125 0.0421875 0.109375
0 0.509375 0.63046875 0.0515625 0.1140625
0 0.50703125 0.7171875 0.0390625 0.103125
0 0.3359375 0.703125 0.053125 0.13125
0 0.0390625 0.7359375 0.0671875 0.203125
0 0.09453125 0.8203125 0.0609375 0.15625
0 0.24609375 0.80703125 0.0515625 0.1125
0 0.209375 0.8484375 0.053125 0.1109375
0 0.290625 0.7640625 0.0640625 0.1109375
0 0.671875 0.53125 0.0484375 0.084375
0 0.7046875 0.57890625 0.0375 0.10625
0 0.734375 0.3375 0.0359375 0.09375
0 0.87734375 0.1453125 0.059375 0.14375
0 0.9546875 0.1875 0.04375 0.109375
0 0.78671875 0.78984375 0.0625 0.13125
0 0.5671875 0.56953125 0.034375 0.1140625
0 0.52265625 0.51171875 0.034375 0.0921875
0 0.3859375 0.4109375 0.034375 0.090625