0 0.26953125 0.875 0.05 0.0390625
0 0.259375 0.7078125 0.0421875 0.0453125
0 0.26796875 0.77578125 0.05 0.0375
0 0.3671875 0.82265625 0.0421875 0.040625
0 0.36796875 0.87421875 0.0390625 0.0390625
0 0.4109375 0.90546875 0.046875 0.0390625
0 0.11015625 0.83984375 0.0359375 0.034375
0 0.11875 0.89296875 0.0375 0.040625
0 0.1953125 0.94375 0.046875 0.03125
0 0.06171875 0.9703125 0.0359375 0.0328125
0 0.26015625 0.97421875 0.0359375 0.0296875
0 0.3515625 0.9734375 0.040625 0.0296875
0 0.4765625 0.8734375 0.0375 0.0328125
0 0.56171875 0.9015625 0.05 0.0359375
0 0.7328125 0.93125 0.0515625 0.0375
0 0.68359375 0.7203125 0.040625 0.04375
0 0.29140625 0.63515625 0.0328125 0.0390625
0 0.45078125 0.69296875 0.0375 0.025
0 0.4625 0.7484375 0.0375 0.0328125
0 0.59921875 0.73359375 0.0359375 0.034375
0 0.25 0.56875 0.046875 0.0328125
0 0.78671875 0.61015625 0.0421875 0.0375
0 0.61484375 0.39296875 0.0640625 0.0515625
0 0.65 0.453125 0.0359375 0.0328125
0 0.7078125 0.509375 0.0375 0.0328125
0 0.421875 0.41171875 0.0359375 0.0359375
0 0.44296875 0.44140625 0.0484375 0.040625
0 0.41953125 0.22265625 0.046875 0.0546875
0 0.45703125 0.19375 0.0375 0.0390625
0 0.52265625 0.23671875 0.053125 0.0453125
0 0.68515625 0.2375 0.04375 0.0421875
0 0.74375 0.18984375 0.0484375 0.0453125
0 0.84765625 0.1578125 0.0515625 0.0515625
0 0.6328125 0.33046875 0.0453125 0.0359375
0 0.76171875 0.3578125 0.0390625 0.040625
0 0.078125 0.5234375 0.034375 0.040625
0 0.06640625 0.5640625 0.0453125 0.0296875
0 0.1 0.6 0.0421875 0.0359375
0 0.75234375 0.08671875 0.05625 0.046875