0 0.85390625 0.0375 0.0671875 0.075
0 0.91796875 0.3328125 0.046875 0.078125
0 0.87421875 0.31875 0.053125 0.0765625
0 0.346875 0.6859375 0.0546875 0.109375
0 0.33671875 0.85078125 0.0546875 0.1234375
0 0.2765625 0.809375 0.0671875 0.125
0 0.23125 0.8984375 0.046875 0.078125
0 0.06640625 0.54609375 0.05 0.0984375
0 0.3703125 0.09765625 0.0375 0.0765625
0 0.5140625 0.38671875 0.0421875 0.065625
0 0.528125 0.3015625 0.053125 0.078125
0 0.58671875 0.1734375 0.046875 0.071875
0 0.7625 0.43359375 0.0546875 0.0734375
0 0.696875 0.33125 0.0453125 0.08125
0 0.95 0.6875 0.0421875 0.0765625
0 0.9421875 0.61640625 0.04375 0.0890625
0 0.88046875 0.73984375 0.034375 0.0859375
0 0.87265625 0.8875 0.0390625 0.08125
0 0.809375 0.9515625 0.040625 0.0671875
0 0.58984375 0.84375 0.0390625 0.08125
0 0.58359375 0.7890625 0.046875 0.084375
0 0.6265625 0.721875 0.0546875 0.1171875
0 0.6640625 0.6484375 0.05 0.078125
0 0.4921875 0.5421875 0.0484375 0.084375
0 0.45859375 0.35546875 0.0390625 0.059375
0 0.45859375 0.23671875 0.0484375 0.0546875
0 0.20703125 0.346875 0.0453125 0.1