0 0.14609375 0.0375 0.0671875 0.075
0 0.08203125 0.3328125 0.046875 0.078125
0 0.12578125 0.31875 0.053125 0.0765625
0 0.653125 0.6859375 0.0546875 0.109375
0 0.66328125 0.85078125 0.0546875 0.1234375
0 0.7234375 0.809375 0.0671875 0.125
0 0.76875 0.8984375 0.046875 0.078125
0 0.93359375 0.54609375 0.05 0.0984375
0 0.6296875 0.09765625 0.0375 0.0765625
0 0.4859375 0.38671875 0.0421875 0.065625
0 0.471875 0.3015625 0.053125 0.078125
0 0.41328125 0.1734375 0.046875 0.071875
0 0.2375 0.43359375 0.0546875 0.0734375
0 0.303125 0.33125 0.0453125 0.08125
0 0.05 0.6875 0.0421875 0.0765625
0 0.0578125 0.61640625 0.04375 0.0890625
0 0.11953125 0.73984375 0.034375 0.0859375
0 0.12734375 0.8875 0.0390625 0.08125
0 0.190625 0.9515625 0.040625 0.0671875
0 0.41015625 0.84375 0.0390625 0.08125
0 0.41640625 0.7890625 0.046875 0.084375
0 0.3734375 0.721875 0.0546875 0.1171875
0 0.3359375 0.6484375 0.05 0.078125
0 0.5078125 0.5421875 0.0484375 0.084375
0 0.54140625 0.35546875 0.0390625 0.059375
0 0.54140625 0.23671875 0.0484375 0.0546875
0 0.79296875 0.346875 0.0453125 0.1