0 0.57734375 0.36875 0.059375 0.0515625
0 0.58984375 0.45390625 0.06875 0.075
0 0.51875 0.40625 0.053125 0.065625
0 0.425 0.38125 0.0703125 0.0703125
0 0.9484375 0.4046875 0.0625 0.0703125
0 0.921875 0.48125 0.053125 0.0703125
0 0.85859375 0.58046875 0.05625 0.0625
0 0.68984375 0.0296875 0.075 0.053125
0 0.68984375 0.078125 0.06875 0.0671875
0 0.5625 0.6484375 0.053125 0.0578125
0 0.58125 0.75234375 0.0421875 0.05625
0 0.69140625 0.9390625 0.05 0.0578125
0 0.3453125 0.5953125 0.0546875 0.0578125
0 0.28125 0.6703125 0.0546875 0.046875
0 0.2515625 0.76953125 0.0609375 0.059375
0 0.49296875 0.6328125 0.0546875 0.05625
0 0.77265625 0.6671875 0.0546875 0.059375
0 0.46484375 0.521875 0.0484375 0.053125
0 0.15859375 0.340625 0.053125 0.0546875
0 0.13359375 0.37890625 0.053125 0.046875
0 0.07890625 0.33359375 0.053125 0.0578125
0 0.35078125 0.23515625 0.0640625 0.075
0 0.634375 0.25546875 0.0671875 0.0625
0 0.21796875 0.03984375 0.065625 0.075