0 0.42265625 0.36875 0.059375 0.0515625
0 0.41015625 0.45390625 0.06875 0.075
0 0.48125 0.40625 0.053125 0.065625
0 0.575 0.38125 0.0703125 0.0703125
0 0.0515625 0.4046875 0.0625 0.0703125
0 0.078125 0.48125 0.053125 0.0703125
0 0.14140625 0.58046875 0.05625 0.0625
0 0.31015625 0.0296875 0.075 0.053125
0 0.31015625 0.078125 0.06875 0.0671875
0 0.4375 0.6484375 0.053125 0.0578125
0 0.41875 0.75234375 0.0421875 0.05625
0 0.30859375 0.9390625 0.05 0.0578125
0 0.6546875 0.5953125 0.0546875 0.0578125
0 0.71875 0.6703125 0.0546875 0.046875
0 0.7484375 0.76953125 0.0609375 0.059375
0 0.50703125 0.6328125 0.0546875 0.05625
0 0.22734375 0.6671875 0.0546875 0.059375
0 0.53515625 0.521875 0.0484375 0.053125
0 0.84140625 0.340625 0.053125 0.0546875
0 0.86640625 0.37890625 0.053125 0.046875
0 0.92109375 0.33359375 0.053125 0.0578125
0 0.64921875 0.23515625 0.0640625 0.075
0 0.365625 0.25546875 0.0671875 0.0625
0 0.78203125 0.03984375 0.065625 0.075