0 0.4859375 0.4390625 0.0671875 0.1203125
0 0.25 0.26796875 0.0640625 0.1078125
0 0.26015625 0.50390625 0.065625 0.103125
0 0.2234375 0.68828125 0.046875 0.103125
0 0.30234375 0.55234375 0.05 0.0875
0 0.3484375 0.7640625 0.0609375 0.0859375
0 0.3265625 0.6625 0.05 0.08125
0 0.34375 0.9609375 0.0625 0.078125
0 0.45703125 0.83515625 0.0625 0.103125
0 0.4171875 0.77265625 0.053125 0.0890625
0 0.60078125 0.81484375 0.0546875 0.0921875
0 0.87109375 0.6265625 0.0703125 0.10625
0 0.88671875 0.5359375 0.059375 0.1078125
0 0.5078125 0.1140625 0.0703125 0.1015625
0 0.77890625 0.2453125 0.0578125 0.1078125
0 0.0671875 0.95 0.0546875 0.1
0 0.20078125 0.95546875 0.0609375 0.0890625
0 0.9546875 0.83125 0.0578125 0.1390625