0 0.60234375 0.19375 0.034375 0.053125
0 0.6515625 0.18046875 0.0328125 0.0515625
0 0.63359375 0.13125 0.0328125 0.0484375
0 0.66875 0.115625 0.0390625 0.0703125
0 0.7953125 0.16640625 0.0453125 0.06875
0 0.71953125 0.1859375 0.03125 0.0515625
0 0.715625 0.12421875 0.0265625 0.053125
0 0.7328125 0.1515625 0.028125 0.05
0 0.7671875 0.11953125 0.0328125 0.0453125
0 0.73203125 0.075 0.0328125 0.0421875
0 0.6203125 0.27265625 0.0265625 0.05
0 0.653125 0.29921875 0.028125 0.04375
0 0.68984375 0.284375 0.0375 0.05
0 0.77421875 0.2828125 0.03125 0.05625
0 0.825 0.28515625 0.034375 0.046875
0 0.40390625 0.39140625 0.0390625 0.0671875
0 0.4234375 0.16796875 0.0296875 0.059375
0 0.3546875 0.178125 0.03125 0.0390625
0 0.3875 0.12265625 0.028125 0.059375
0 0.38671875 0.2546875 0.03125 0.046875
0 0.3734375 0.025 0.0390625 0.05
0 0.415625 0.03671875 0.0375 0.0453125
0 0.5375 0.10703125 0.040625 0.0609375
0 0.58046875 0.0578125 0.0390625 0.0421875
0 0.515625 0.21875 0.0375 0.0453125
0 0.9375 0.1359375 0.0453125 0.040625
0 0.9609375 0.07578125 0.040625 0.06875
0 0.80859375 0.0609375 0.028125 0.05
0 0.8390625 0.11796875 0.0234375 0.05625
0 0.8828125 0.203125 0.03125 0.05
0 0.9890625 0.10625 0.021875 0.0546875
0 0.25078125 0.29296875 0.025 0.046875
0 0.2890625 0.25390625 0.028125 0.04375
0 0.28359375 0.203125 0.03125 0.046875
0 0.31953125 0.1484375 0.03125 0.0609375
0 0.25234375 0.08828125 0.0296875 0.0703125
0 0.1828125 0.121875 0.0359375 0.05
0 0.07734375 0.1578125 0.034375 0.0515625
0 0.11484375 0.1546875 0.0375 0.046875
0 0.10703125 0.109375 0.03125 0.0515625
0 0.1390625 0.09453125 0.0328125 0.0546875
0 0.0921875 0.25234375 0.03125 0.053125
0 0.15703125 0.33125 0.0359375 0.0703125
0 0.32109375 0.25546875 0.0328125 0.046875
0 0.18359375 0.30703125 0.028125 0.0375
0 0.065625 0.0765625 0.0296875 0.0515625
0 0.11171875 0.021875 0.0359375 0.04375