0 0.4633740234375 0.8427734375 0.4529541015625 0.8076171875 0.426904296875 0.7861328125 0.417786865625 0.767578125 0.399552003125 0.759765625 0.3800146484375 0.7607421875 0.3682922359375 0.76171875 0.3487548828125 0.7705078125 0.3174951171875 0.8115234375 0.2888403328125 0.8369140625 0.27060546875 0.8720703125 0.27060546875 0.8818359375 0.25497558593749997 0.8994140625 0.2614880375 0.91015625 0.3214025875 0.916015625 0.337032471875 0.91015625 0.36568725625 0.908203125 0.42039184687500003 0.892578125 0.450349121875 0.8642578125 0.4633740234375 0.8427734375
0 0.03224975625 0.859375 0.05048461875 0.8515625 0.070021971875 0.8349609375 0.090861815625 0.7998046875 0.09346679687500001 0.7802734375 0.0856518546875 0.7666015625 0.063509521875 0.74609375 0.03224975625 0.732421875 0.0022924796875 0.7275390625 0 0.8466796875 0.0035949718749999997 0.85546875 0.03224975625 0.859375
0 1 0.8544921875 0.9895800781249999 0.8544921875 0.962227784375 0.86328125 0.9192456046874999 0.8916015625 0.8984057609375 0.9248046875 0.887985840625 0.9697265625 0.89580078125 0.9833984375 0.9179431156250001 1 1 0.9990234375 1 0.8544921875
0 0.667864990625 0.66015625 0.74080444375 0.646484375 0.80071899375 0.62109375 0.8098364265625 0.6123046875 0.8072314453124999 0.5634765625 0.799416503125 0.5439453125 0.77987915 0.529296875 0.7199646000000001 0.505859375 0.6808898921875 0.498046875 0.6613525390625 0.4853515625 0.653537596875 0.4736328125 0.653537596875 0.4619140625 0.674377440625 0.4345703125 0.6691674796875 0.4072265625 0.65744506875 0.390625 0.636605225 0.380859375 0.6196728515625 0.3818359375 0.584505615625 0.38671875 0.5649682609375 0.3994140625 0.554548340625 0.4267578125 0.554548340625 0.4404296875 0.5766906734374999 0.4609375 0.593623046875 0.4677734375 0.6014379890625 0.4794921875 0.6014379890625 0.5166015625 0.5858081046875 0.5380859375 0.5884130859375001 0.5869140625 0.6014379890625 0.6201171875 0.596228028125 0.6474609375 0.6105554203125 0.658203125 0.667864990625 0.66015625
0 0.24195068437499997 0.4306640625 0.22762329062500003 0.43359375 0.2080859375 0.4560546875 0.2054809578125 0.4814453125 0.2106909171875 0.4990234375 0.2315307609375 0.5283203125 0.2562780765625 0.544921875 0.303167725 0.55078125 0.343544921875 0.5244140625 0.3487548828125 0.5146484375 0.3487548828125 0.4970703125 0.325310059375 0.4697265625 0.28493286093750003 0.43359375 0.266697996875 0.4296875 0.24195068437499997 0.4306640625
0 0.0387622078125 0.4482421875 0.049182128125 0.4326171875 0.0596020515625 0.3896484375 0.051787109374999994 0.3681640625 0.042669678125 0.357421875 0.024434815625000002 0.34765625 0.0022924796875 0.3486328125 0 0.4599609375 0.0140148921875 0.4609375 0.024434815625000002 0.458984375 0.0387622078125 0.4482421875
0 0.43732421875 0.3251953125 0.408669434375 0.2802734375 0.355267334375 0.255859375 0.316192628125 0.25390625 0.295352784375 0.248046875 0.26800048906249996 0.2490234375 0.232833253125 0.255859375 0.21720336875 0.26171875 0.200270996875 0.2744140625 0.18985107343750002 0.2900390625 0.18985107343750002 0.3056640625 0.197666015625 0.3134765625 0.2562780765625 0.3359375 0.2771179203125 0.34765625 0.3057727046875 0.353515625 0.37871215937499997 0.3828125 0.39694702187500003 0.38671875 0.4308117671875 0.376953125 0.4399291984375 0.3662109375 0.43732421875 0.3251953125
0 0.4972387703125 0.1904296875 0.4881213375 0.193359375 0.46858398437500004 0.2119140625 0.465979003125 0.2275390625 0.471188965625 0.2431640625 0.503751221875 0.267578125 0.5376159656249999 0.26953125 0.5480358890625 0.265625 0.5779931640625 0.2392578125 0.5884130859375001 0.2236328125 0.5884130859375001 0.2099609375 0.581900634375 0.203125 0.566270753125 0.197265625 0.521986084375 0.189453125 0.4972387703125 0.1904296875
0 0.322705078125 0.0439453125 0.31228515625000003 0.0537109375 0.2914453125 0.0888671875 0.2914453125 0.1103515625 0.31358764687499996 0.134765625 0.3448474125 0.1484375 0.3813171390625 0.173828125 0.40736694375000004 0.177734375 0.424299315625 0.1611328125 0.429509278125 0.1357421875 0.44774414062499995 0.1201171875 0.4529541015625 0.1103515625 0.4321142578125 0.0634765625 0.412576903125 0.046875 0.322705078125 0.0439453125
0 0.16770874062500002 0.013671875 0.146868896875 0 0.0022924796875 0.0009765625 0 0.1142578125 0.0022924796875 0.1298828125 0.00880493125 0.134765625 0.024434815625000002 0.138671875 0.0947692875 0.138671875 0.149473878125 0.125 0.17161621093749999 0.1142578125 0.1690112296875 0.0927734375 0.176826171875 0.0771484375 0.200270996875 0.0537109375 0.20287597656249998 0.0400390625 0.200270996875 0.0302734375 0.185943603125 0.01953125 0.16770874062500002 0.013671875
0 0.545430909375 0.06640625 0.5766906734374999 0.06640625 0.600135496875 0.056640625 0.626185303125 0.04296875 0.6431176765625 0.0244140625 0.6392102046875 0 0.48421386718750004 0.0009765625 0.486818846875 0.0185546875 0.5024487296875 0.0419921875 0.521986084375 0.05859375 0.545430909375 0.06640625
0 1 0.0009765625 0.8489111328125001 0.0009765625 0.841096190625 0.0341796875 0.8489111328125001 0.0927734375 0.871053465625 0.109375 0.9023132328125 0.125 0.9934875484375001 0.1328125 1 0.1279296875 1 0.0009765625
0 0.7916015625 0.2626953125 0.803323975 0.2734375 0.8163488781250001 0.279296875 0.8606335453125 0.28125 0.8801708984375001 0.2724609375 0.8853808593749999 0.2607421875 0.871053465625 0.24609375 0.8476086421875 0.236328125 0.8176513671875 0.2333984375 0.7981140140625 0.23828125 0.7916015625 0.2451171875 0.7916015625 0.2626953125
0 0.7642492671875 0.3125 0.7473168953125 0.3271484375 0.7473168953125 0.3427734375 0.7603417968749999 0.3642578125 0.7772741703125 0.37890625 0.803323975 0.38671875 0.8189538578125 0.38671875 0.855423584375 0.37890625 0.8853808593749999 0.3623046875 0.8853808593749999 0.3408203125 0.871053465625 0.330078125 0.813743896875 0.310546875 0.7733666984374999 0.3095703125 0.7642492671875 0.3125
0 0.9583203125 0.2666015625 0.968740234375 0.2939453125 0.99088256875 0.3046875 1 0.3017578125 0.9973950203124999 0.2333984375 0.968740234375 0.2529296875 0.9583203125 0.2666015625
0 0.65744506875 0.244140625 0.6782849125 0.244140625 0.7017297359375 0.23828125 0.7264770515625 0.2216796875 0.7264770515625 0.2138671875 0.7108471671875 0.2001953125 0.7082421875 0.1923828125 0.704334715625 0.189453125 0.6847973640625 0.1904296875 0.6483276359375 0.2197265625 0.64572265625 0.2333984375 0.65744506875 0.244140625
0 0.6483276359375 0.3291015625 0.63400024375 0.31640625 0.617067871875 0.3154296875 0.596228028125 0.3251953125 0.596228028125 0.3349609375 0.6131604 0.34765625 0.6313952640625 0.349609375 0.64572265625 0.3408203125 0.6483276359375 0.3291015625
0 0.9895800781249999 0.6142578125 0.957017821875 0.619140625 0.9505053718750001 0.6259765625 0.9505053718750001 0.6337890625 0.9726477046875001 0.658203125 0.9986975093750001 0.666015625 1 0.6162109375 0.9895800781249999 0.6142578125
0 0.7030322265625 0.7763671875 0.7225695796875 0.796875 0.7355944828125 0.80078125 0.7590393062499999 0.798828125 0.795509034375 0.7890625 0.8150463859375 0.7763671875 0.8176513671875 0.7392578125 0.7981140140625 0.732421875 0.778576659375 0.7333984375 0.725174559375 0.74609375 0.7030322265625 0.7587890625 0.7030322265625 0.7763671875
0 0.858028565625 0.7265625 0.88407836875 0.7265625 0.8971032718749999 0.72265625 0.9192456046874999 0.7021484375 0.9140356453124999 0.6845703125 0.8892883296875 0.67578125 0.8567260734375 0.6767578125 0.8280712890625 0.6943359375 0.8280712890625 0.7119140625 0.8397937015625001 0.720703125 0.858028565625 0.7265625
0 0.8775659171875001 0.7744140625 0.8814733890625 0.779296875 0.9023132328125 0.78515625 0.938782959375 0.77734375 0.947900390625 0.7705078125 0.9505053718750001 0.7568359375 0.9426904296874999 0.7490234375 0.936177978125 0.744140625 0.9192456046874999 0.7431640625 0.8971032718749999 0.751953125 0.8801708984375001 0.7646484375 0.8775659171875001 0.7744140625
0 0.49072631875 1 0.503751221875 0.99609375 0.5180786140625 0.9833984375 0.5154736328125 0.9638671875 0.49072631875 0.951171875 0.4555590828125 0.9501953125 0.4438366703125 0.951171875 0.429509278125 0.9599609375 0.42169433593749994 0.9716796875 0.424299315625 0.9794921875 0.44644164999999997 0.9921875 0.469886475 1 0.49072631875 1
0 0.36568725625 1 0.376107178125 0.99609375 0.3904345703125 0.9833984375 0.39564453125 0.9638671875 0.3930395515625 0.9560546875 0.38392211875000004 0.951171875 0.364384765625 0.9521484375 0.34224243125 0.955078125 0.322705078125 0.9716796875 0.325310059375 0.9853515625 0.3474523921875 1 0.36568725625 1
0 0.5532458499999999 0.78125 0.5688757328125 0.78125 0.5897155765625001 0.7734375 0.617067871875 0.7529296875 0.614462890625 0.7275390625 0.5897155765625001 0.7109375 0.570178221875 0.7099609375 0.5532458499999999 0.71484375 0.531103515625 0.7392578125 0.5389184578124999 0.7685546875 0.5532458499999999 0.78125
0 0.42169433593749994 0.6044921875 0.433416746875 0.6171875 0.469886475 0.626953125 0.5024487296875 0.6162109375 0.507658690625 0.6083984375 0.507658690625 0.5927734375 0.49984375 0.5771484375 0.4881213375 0.568359375 0.4607690421875 0.5615234375 0.429509278125 0.5732421875 0.42169433593749994 0.5830078125 0.42169433593749994 0.6044921875
0 0.310982665625 0.666015625 0.32010009687499996 0.6552734375 0.32010009687499996 0.6435546875 0.3057727046875 0.62890625 0.2914453125 0.6279296875 0.28493286093750003 0.62890625 0.27321044843750003 0.6396484375 0.27321044843750003 0.6591796875 0.28493286093750003 0.66796875 0.310982665625 0.666015625
0 0.25888305625 0.6171875 0.27060546875 0.6103515625 0.27060546875 0.5888671875 0.2640930171875 0.58203125 0.25497558593749997 0.5810546875 0.232833253125 0.587890625 0.22371582031249998 0.5947265625 0.22111084062500003 0.6025390625 0.23543823281249998 0.615234375 0.25888305625 0.6171875
0 0.4881213375 0.521484375 0.510263671875 0.5068359375 0.501146240625 0.494140625 0.4855163578125 0.48828125 0.465979003125 0.4892578125 0.4516516109375 0.4921875 0.4399291984375 0.5009765625 0.4399291984375 0.5126953125 0.4516516109375 0.525390625 0.4881213375 0.521484375
0 0.086954346875 0.693359375 0.10388671875 0.6748046875 0.1012817390625 0.6650390625 0.09216430625000001 0.66015625 0.0856518546875 0.6611328125 0.072626953125 0.6689453125 0.0674169921875 0.6787109375 0.0674169921875 0.6845703125 0.0765344234375 0.693359375 0.086954346875 0.693359375
0 0.727779540625 0.912109375 0.7590393062499999 0.923828125 0.7850891109375 0.921875 0.7942065421875 0.9130859375 0.7916015625 0.8935546875 0.7720642093750001 0.880859375 0.742106934375 0.8798828125 0.732989503125 0.880859375 0.7212670906249999 0.8896484375 0.716057128125 0.9033203125 0.727779540625 0.912109375
0 0.0856518546875 0.9111328125 0.0856518546875 0.9208984375 0.09346679687500001 0.9326171875 0.1182141109375 0.9453125 0.141658934375 0.9453125 0.1598937984375 0.939453125 0.17161621093749999 0.9248046875 0.1690112296875 0.9091796875 0.1611962890625 0.9013671875 0.146868896875 0.890625 0.13514648437500001 0.8896484375 0.0973742671875 0.8984375 0.0856518546875 0.9111328125
0 0.8775659171875001 0.4697265625 0.831978759375 0.44921875 0.820256346875 0.4501953125 0.8098364265625 0.4580078125 0.8150463859375 0.4755859375 0.852818603125 0.498046875 0.8736584468749999 0.49609375 0.8827758781249999 0.4833984375 0.8775659171875001 0.4697265625
0 1 0.4833984375 0.9700427250000001 0.46875 0.9505053718750001 0.4697265625 0.936177978125 0.47265625 0.924455565625 0.4814453125 0.9218505859375 0.4990234375 0.936177978125 0.513671875 0.957017821875 0.521484375 0.977857665625 0.51953125 1 0.5029296875 1 0.4833984375
0 0.239345703125 0.1806640625 0.253673096875 0.19140625 0.269302978125 0.193359375 0.2862353515625 0.1845703125 0.2888403328125 0.1708984375 0.2797229 0.1640625 0.2640930171875 0.1640625 0.251068115625 0.14453125 0.22111084062500003 0.1455078125 0.21590087812499997 0.1552734375 0.23413574218750002 0.1669921875 0.239345703125 0.1806640625
0 0.20287597656249998 0.1904296875 0.2054809578125 0.1787109375 0.196363525 0.169921875 0.183338621875 0.166015625 0.1611962890625 0.1669921875 0.14426391562500002 0.171875 0.13514648437500001 0.1806640625 0.14426391562500002 0.197265625 0.185943603125 0.19921875 0.20287597656249998 0.1904296875
0 0.583203125 0.1162109375 0.5688757328125 0.103515625 0.5493383781250001 0.1044921875 0.531103515625 0.1181640625 0.5389184578124999 0.1396484375 0.5584558093750001 0.150390625 0.584505615625 0.1484375 0.5910180656249999 0.1337890625 0.583203125 0.1162109375
0 0.9661352531249999 0.1826171875 0.968740234375 0.1708984375 0.957017821875 0.15625 0.9283630374999999 0.1484375 0.9114306640625 0.1494140625 0.89580078125 0.1611328125 0.8984057609375 0.1787109375 0.9049182124999999 0.18359375 0.9518078609374999 0.189453125 0.9661352531249999 0.1826171875
0 0.6359375 0.93125 0.0984375 0.0625
0 0.94765625 0.3796875 0.075 0.0546875
0 0.88515625 0.56015625 0.0671875 0.05625
0 0.82890625 0.83828125 0.084375 0.059375
0 0.49765625 0.8828125 0.0625 0.04375
0 0.54375 0.8109375 0.0546875 0.0515625
0 0.6609375 0.78515625 0.05 0.0296875
0 0.64296875 0.81640625 0.0671875 0.046875
0 0.28671875 0.70703125 0.0328125 0.025
0 0.265625 0.7359375 0.0234375 0.021875
0 0.24921875 0.76015625 0.0296875 0.0390625
0 0.20546875 0.7828125 0.0390625 0.03125
0 0.16015625 0.80625 0.0484375 0.0515625
0 0.109375 0.82890625 0.0625 0.040625
0 0.13203125 0.74140625 0.0640625 0.0390625
0 0.5265625 0.66484375 0.078125 0.0453125
0 0.459375 0.6796875 0.0546875 0.0375
0 0.38359375 0.66171875 0.06875 0.0515625
0 0.2265625 0.37265625 0.0953125 0.053125
0 0.10234375 0.48828125 0.0484375 0.0328125
0 0.04453125 0.48671875 0.0421875 0.0390625
0 0.13203125 0.28046875 0.0578125 0.0421875
0 0.72109375 0.94609375 0.065625 0.0421875
0 0.9453125 0.8140625 0.046875 0.028125
0 0.9515625 0.83984375 0.0359375 0.0234375
0 0.90078125 0.85859375 0.04375 0.0296875
0 0.84765625 0.76640625 0.0296875 0.025
0 0.60625 0.8875 0.040625 0.0328125
0 0.66640625 0.87578125 0.04375 0.025
0 0.65703125 0.68515625 0.0609375 0.03125
0 0.89296875 0.60859375 0.0359375 0.03125
0 0.8796875 0.6328125 0.0359375 0.0328125
0 0.85546875 0.6171875 0.0390625 0.03125
0 0.82109375 0.63203125 0.0390625 0.0234375
0 0.50234375 0.80390625 0.0328125 0.0296875
0 0.64375 0.753125 0.034375 0.0234375
0 0.46640625 0.71953125 0.028125 0.03125
0 0.35703125 0.71875 0.040625 0.028125
0 0.17890625 0.9546875 0.0390625 0.0234375
0 0.13515625 0.9859375 0.0484375 0.028125
0 0.27109375 0.93828125 0.040625 0.021875
0 0.2640625 0.9671875 0.0359375 0.021875
0 0.24296875 0.91875 0.034375 0.0234375
0 0.2578125 0.8015625 0.0375 0.028125
0 0.2328125 0.66640625 0.0375 0.040625
0 0.20859375 0.70078125 0.0453125 0.03125
0 0.17109375 0.6875 0.04375 0.0453125
0 0.0578125 0.63828125 0.0625 0.03125
0 0.18359375 0.52421875 0.0390625 0.0265625
0 0.21640625 0.56796875 0.040625 0.0328125
0 0.36640625 0.56953125 0.0796875 0.040625
0 0.41796875 0.53046875 0.0546875 0.0296875
0 0.5359375 0.51015625 0.0453125 0.0234375
0 0.54921875 0.53046875 0.03125 0.0171875
0 0.52734375 0.56171875 0.0359375 0.025
0 0.5328125 0.584375 0.046875 0.0265625
0 0.73203125 0.48125 0.053125 0.0453125
0 0.7828125 0.4734375 0.0375 0.03125
0 0.7234375 0.425 0.0484375 0.0359375
0 0.553125 0.3625 0.04375 0.03125
0 0.51484375 0.37421875 0.0515625 0.034375
0 0.49296875 0.33046875 0.0546875 0.0359375
0 0.31640625 0.425 0.04375 0.040625
0 0.109375 0.44453125 0.05 0.034375
0 0.16328125 0.46875 0.0453125 0.0328125
0 0.0984375 0.38984375 0.040625 0.03125
0 0.15390625 0.32421875 0.0453125 0.028125
0 0.16875 0.34375 0.0375 0.025
0 0.13359375 0.34765625 0.03125 0.0203125
0 0.0984375 0.33046875 0.0390625 0.028125
0 0.01796875 0.18125 0.0359375 0.0328125
0 0.1 0.165625 0.046875 0.0390625
0 0.06953125 0.1890625 0.046875 0.028125
0 0.33125 0.23828125 0.040625 0.040625
0 0.2265625 0.0984375 0.046875 0.0453125
0 0.28359375 0.03203125 0.0359375 0.0359375
0 0.2375 0.02734375 0.04375 0.025
0 0.70703125 0.2875 0.05625 0.034375
0 0.7578125 0.290625 0.05 0.03125
0 0.76953125 0.2265625 0.053125 0.0421875
0 0.86015625 0.209375 0.0765625 0.040625
0 0.6828125 0.3140625 0.04375 0.0328125
0 0.9171875 0.31484375 0.0375 0.0328125
0 0.98046875 0.33671875 0.0390625 0.040625
0 0.87890625 0.3984375 0.05625 0.0359375
0 0.91875 0.446875 0.05625 0.0359375
0 0.78515625 0.11875 0.0640625 0.0390625
0 0.7796875 0.0796875 0.0453125 0.0296875
0 0.70859375 0.07265625 0.053125 0.0390625
0 0.66171875 0.15703125 0.0484375 0.0375