0 0.875 0.0609375 0.065625 0.0359375
0 0.9421875 0.04375 0.0546875 0.0421875
0 0.6078125 0.04140625 0.0703125 0.04375
0 0.46875 0.0234375 0.053125 0.025
0 0.10078125 0.0875 0.0359375 0.0296875
0 0.13359375 0.06015625 0.053125 0.0375
0 0.1953125 0.0296875 0.065625 0.025
0 0.22109375 0.08046875 0.0578125 0.0390625
0 0.2234375 0.19375 0.078125 0.0453125
0 0.52890625 0.1859375 0.0578125 0.0421875
0 0.41875 0.165625 0.0578125 0.0484375
0 0.5171875 0.13046875 0.05 0.0375
0 0.2546875 0.24453125 0.0796875 0.03125
0 0.3609375 0.22578125 0.078125 0.0578125
0 0.3234375 0.0671875 0.0625 0.0453125
0 0.7453125 0.3296875 0.0703125 0.0171875
0 0.76640625 0.28046875 0.0734375 0.0296875
0 0.7640625 0.25 0.0921875 0.0265625
0 0.78515625 0.2234375 0.0546875 0.0171875
0 0.8 0.1796875 0.0453125 0.0265625
0 0.8140625 0.14140625 0.0421875 0.0375
0 0.9 0.18671875 0.0546875 0.0296875
0 0.0953125 0.4578125 0.0609375 0.040625
0 0.1203125 0.41953125 0.075 0.0484375
0 0.5140625 0.465625 0.0671875 0.05625
0 0.7453125 0.41953125 0.0453125 0.0296875
0 0.7953125 0.46796875 0.065625 0.053125
0 0.46015625 0.6375 0.0546875 0.028125
0 0.3359375 0.5453125 0.0578125 0.0515625
0 0.1734375 0.4703125 0.0578125 0.0328125
0 0.02109375 0.546875 0.0421875 0.0390625
0 0.06015625 0.640625 0.0703125 0.05
0 0.0453125 0.79453125 0.065625 0.03125
0 0.0640625 0.75390625 0.078125 0.0375
0 0.07734375 0.86484375 0.0453125 0.028125
0 0.2 0.875 0.040625 0.0203125
0 0.8390625 0.9375 0.0734375 0.046875
0 0.7359375 0.90390625 0.0484375 0.0328125
0 0.72109375 0.803125 0.0828125 0.065625
0 0.7875 0.7875 0.0609375 0.0453125
0 0.64765625 0.70234375 0.065625 0.03125
0 0.65859375 0.775 0.0671875 0.03125
0 0.95625 0.80625 0.0578125 0.0390625
0 0.9640625 0.775 0.0578125 0.03125
0 0.98203125 0.93125 0.0359375 0.046875
0 0.96875 0.88125 0.053125 0.0390625
0 0.46875 0.896875 0.053125 0.0390625
0 0.20625 0.8109375 0.0921875 0.0640625
0 0.14765625 0.71875 0.05 0.028125
0 0.0421875 0.20625 0.05 0.0328125
0 0.04140625 0.13046875 0.0578125 0.0328125
0 0.3265625 0.34921875 0.0921875 0.04375
0 0.43515625 0.365625 0.0796875 0.0328125
0 0.609375 0.1171875 0.0453125 0.0296875
0 0.55859375 0.08984375 0.040625 0.028125
0 0.53984375 0.21796875 0.0515625 0.021875
0 0.28203125 0.13515625 0.0390625 0.021875
0 0.17578125 0.13203125 0.0328125 0.01875
0 0.225 0.1234375 0.0265625 0.0203125
0 0.18984375 0.1046875 0.025 0.009375
0 0.0671875 0.240625 0.04375 0.0234375
0 0.06875 0.2921875 0.0453125 0.0234375
0 0.08203125 0.26796875 0.040625 0.021875
0 0.06171875 0.359375 0.0265625 0.0171875
0 0.07265625 0.38203125 0.025 0.015625
0 0.05859375 0.42109375 0.03125 0.021875
0 0.1890625 0.35 0.034375 0.0171875
0 0.2578125 0.36171875 0.0203125 0.015625
0 0.2625 0.3828125 0.015625 0.0140625
0 0.29140625 0.37578125 0.0171875 0.0140625
0 0.30390625 0.3875 0.0234375 0.0125
0 0.27890625 0.42421875 0.0203125 0.015625
0 0.30078125 0.42578125 0.0234375 0.0140625
0 0.21953125 0.425 0.0296875 0.01875
0 0.3671875 0.4515625 0.0265625 0.015625
0 0.4828125 0.3765625 0.0265625 0.021875
0 0.50390625 0.39453125 0.028125 0.01875
0 0.4984375 0.42109375 0.0234375 0.015625
0 0.515625 0.4296875 0.0265625 0.015625
0 0.53828125 0.41640625 0.0234375 0.015625
0 0.24765625 0.29375 0.04375 0.0234375
0 0.25 0.3171875 0.0265625 0.015625
0 0.29453125 0.3015625 0.0234375 0.0125
0 0.09140625 0.32265625 0.0296875 0.0171875
0 0.128125 0.31875 0.01875 0.009375
0 0.1328125 0.38125 0.0234375 0.0171875
0 0.215625 0.3921875 0.025 0.0140625
0 0.0671875 0.490625 0.034375 0.03125
0 0.1328125 0.48671875 0.0296875 0.0203125
0 0.115625 0.53359375 0.01875 0.0171875
0 0.1375 0.53671875 0.0203125 0.0203125
0 0.13671875 0.51875 0.028125 0.0171875
0 0.12734375 0.50625 0.0265625 0.0109375
0 0.1484375 0.5015625 0.0265625 0.01875
0 0.1515625 0.5359375 0.0203125 0.015625
0 0.17578125 0.5375 0.025 0.0125
0 0.0796875 0.55390625 0.0296875 0.0203125
0 0.14296875 0.5609375 0.03125 0.028125
0 0.10859375 0.5796875 0.025 0.0203125
0 0.13359375 0.5984375 0.0328125 0.015625
0 0.1453125 0.5796875 0.0203125 0.009375
0 0.09453125 0.6078125 0.0203125 0.0125
0 0.11796875 0.628125 0.01875 0.0125
0 0.13046875 0.64375 0.021875 0.0140625
0 0.15546875 0.6265625 0.021875 0.0125
0 0.1515625 0.646875 0.0203125 0.0171875
0 0.1171875 0.684375 0.015625 0.0109375
0 0.14296875 0.67421875 0.0390625 0.0203125
0 0.16640625 0.67421875 0.015625 0.015625
0 0.01953125 0.66875 0.0296875 0.01875
0 0.15390625 0.7390625 0.025 0.0125
0 0.184375 0.74453125 0.021875 0.0171875
0 0.21953125 0.67734375 0.0171875 0.0125
0 0.2078125 0.63984375 0.040625 0.015625
0 0.39375 0.71640625 0.0640625 0.0328125
0 0.39609375 0.6921875 0.0296875 0.0203125
0 0.3765625 0.653125 0.0296875 0.028125
0 0.334375 0.625 0.0328125 0.0203125
0 0.384375 0.625 0.0265625 0.0171875
0 0.51953125 0.57578125 0.0375 0.03125
0 0.49765625 0.6921875 0.0265625 0.0125
0 0.4875 0.72265625 0.0234375 0.0140625
0 0.2421875 0.71875 0.0265625 0.0171875
0 0.25390625 0.740625 0.025 0.0125
0 0.29296875 0.68125 0.0234375 0.01875
0 0.27578125 0.70546875 0.0171875 0.0203125
0 0.19296875 0.60546875 0.03125 0.034375
0 0.05546875 0.58125 0.028125 0.021875
0 0.4171875 0.5296875 0.034375 0.025
0 0.2171875 0.496875 0.0453125 0.0265625
0 0.3265625 0.5109375 0.04375 0.0234375
0 0.26953125 0.57578125 0.01875 0.0140625
0 0.24609375 0.653125 0.0203125 0.0109375
0 0.2484375 0.64140625 0.01875 0.0125
0 0.396875 0.8328125 0.0328125 0.021875
0 0.37109375 0.8390625 0.034375 0.0171875
0 0.41953125 0.85 0.01875 0.0140625
0 0.3828125 0.86875 0.0328125 0.01875
0 0.415625 0.8703125 0.0265625 0.0171875
0 0.38828125 0.890625 0.034375 0.0234375
0 0.3953125 0.9328125 0.028125 0.0234375
0 0.5609375 0.94140625 0.03125 0.0171875
0 0.57734375 0.89453125 0.028125 0.0171875
0 0.5953125 0.9390625 0.0203125 0.0140625
0 0.50859375 0.9015625 0.0234375 0.0125
0 0.525 0.85 0.0234375 0.0140625
0 0.51875 0.86953125 0.0203125 0.0125
0 0.39765625 0.80390625 0.0359375 0.0203125
0 0.41171875 0.7609375 0.034375 0.0234375
0 0.36953125 0.76171875 0.028125 0.0171875
0 0.56015625 0.73046875 0.03125 0.021875
0 0.56015625 0.75859375 0.0359375 0.0203125
0 0.5625 0.79921875 0.0328125 0.0203125
0 0.6171875 0.77890625 0.025 0.0171875
0 0.60703125 0.728125 0.025 0.0140625
0 0.66015625 0.74140625 0.0265625 0.015625
0 0.715625 0.7046875 0.028125 0.0140625
0 0.72109375 0.67578125 0.0421875 0.0171875
0 0.640625 0.66640625 0.0359375 0.0171875
0 0.60234375 0.66640625 0.0140625 0.0109375
0 0.60546875 0.66796875 0.021875 0.0125
0 0.59765625 0.6515625 0.0265625 0.0125
0 0.61640625 0.63515625 0.0234375 0.0109375
0 0.6234375 0.65078125 0.0203125 0.0125
0 0.62265625 0.64921875 0.01875 0.0109375
0 0.61953125 0.8453125 0.0171875 0.015625
0 0.64765625 0.84765625 0.028125 0.01875
0 0.596875 0.875 0.021875 0.015625
0 0.62109375 0.86484375 0.0359375 0.0203125
0 0.62265625 0.9109375 0.01875 0.0125
0 0.6515625 0.91328125 0.03125 0.0328125
0 0.62421875 0.95 0.01875 0.0140625
0 0.61171875 0.834375 0.015625 0.0125
0 0.79453125 0.85546875 0.025 0.0140625
0 0.88046875 0.85 0.021875 0.0140625
0 0.8953125 0.8765625 0.021875 0.0109375
0 0.88828125 0.86484375 0.0125 0.0078125
0 0.909375 0.859375 0.01875 0.0171875
0 0.91015625 0.925 0.0171875 0.0125
0 0.91015625 0.94921875 0.01875 0.0125
0 0.9171875 0.66171875 0.025 0.0125
0 0.9375 0.68046875 0.025 0.0125
0 0.93046875 0.6703125 0.015625 0.0109375
0 0.8390625 0.646875 0.0421875 0.0296875
0 0.80078125 0.6484375 0.0234375 0.0140625
0 0.78984375 0.67578125 0.025 0.0140625
0 0.7703125 0.6984375 0.0265625 0.0140625
0 0.7375 0.640625 0.0375 0.021875
0 0.653125 0.64765625 0.028125 0.01875
0 0.95703125 0.60078125 0.0375 0.0125
0 0.98984375 0.6140625 0.0203125 0.01875
0 0.6671875 0.53125 0.03125 0.01875
0 0.65546875 0.55703125 0.0171875 0.0171875
0 0.6625 0.60390625 0.0265625 0.0171875
0 0.65859375 0.58515625 0.0171875 0.0125
0 0.67421875 0.57109375 0.01875 0.0125
0 0.6765625 0.55703125 0.0234375 0.0171875
0 0.69375 0.56875 0.0203125 0.015625
0 0.72890625 0.4890625 0.03125 0.015625
0 0.67578125 0.48984375 0.0359375 0.0171875
0 0.725 0.5125 0.0234375 0.01875
0 0.81171875 0.41796875 0.0515625 0.0453125
0 0.97734375 0.3234375 0.0265625 0.0171875
0 0.8515625 0.3125 0.021875 0.0140625
0 0.9765625 0.1234375 0.021875 0.015625
0 0.99375 0.07421875 0.0125 0.0109375
0 0.9671875 0.14453125 0.0203125 0.01875
0 0.978125 0.165625 0.0171875 0.0109375
0 0.50546875 0.5046875 0.034375 0.0203125
0 0.2125 0.909375 0.0265625 0.0203125
0 0.190625 0.9140625 0.021875 0.01875
0 0.1703125 0.909375 0.0171875 0.0125
0 0.18125 0.9015625 0.0203125 0.01875
0 0.14609375 0.9171875 0.0171875 0.0140625
0 0.165625 0.93359375 0.025 0.0140625
0 0.17265625 0.975 0.0328125 0.0234375