0 0.7515625 0.6921875 0.1265625 0.1015625
0 0.75078125 0.59609375 0.11875 0.109375
0 0.57421875 0.84453125 0.128125 0.1125
0 0.90546875 0.84765625 0.1359375 0.0984375
0 0.25234375 0.40703125 0.1703125 0.125
0 0.26953125 0.2203125 0.1234375 0.10625
0 0.6828125 0.21171875 0.090625 0.1375
0 0.7046875 0.31015625 0.0984375 0.0625
0 0.3875 0.66875 0.1 0.0546875
0 0.415625 0.73984375 0.121875 0.0609375
0 0.16796875 0.71875 0.10625 0.0484375
0 0.9625 0.4671875 0.075 0.0734375
0 0.678125 0.4515625 0.090625 0.08125
0 0.46953125 0.52890625 0.1015625 0.071875
0 0.36796875 0.58046875 0.0859375 0.0625