0 0.76796875 0.72734375 0.040625 0.0421875
0 0.721875 0.771875 0.059375 0.040625
0 0.853125 0.56796875 0.0578125 0.0390625
0 0.80625 0.59296875 0.059375 0.0390625
0 0.7078125 0.6234375 0.065625 0.053125
0 0.2875 0.69609375 0.0640625 0.053125
0 0.396875 0.5640625 0.0453125 0.0296875
0 0.61328125 0.55390625 0.0734375 0.0359375
0 0.646875 0.65859375 0.0546875 0.046875
0 0.2984375 0.75 0.0640625 0.03125
0 0.375 0.4703125 0.065625 0.0390625
0 0.5890625 0.46484375 0.075 0.034375
0 0.66328125 0.3625 0.059375 0.03125
0 0.63359375 0.396875 0.06875 0.03125
0 0.85625 0.64453125 0.0453125 0.04375
0 0.12265625 0.58515625 0.0703125 0.0421875
0 0.03359375 0.540625 0.0625 0.0375