0 0.27421875 0.94765625 0.0546875 0.1046875
0 0.2546875 0.78046875 0.0671875 0.0890625
0 0.20703125 0.64375 0.0625 0.084375
0 0.30234375 0.67578125 0.06875 0.0796875
0 0.30703125 0.60078125 0.0609375 0.1015625
0 0.35546875 0.48515625 0.06875 0.0953125
0 0.184375 0.45546875 0.046875 0.071875
0 0.47578125 0.51171875 0.0546875 0.09375
0 0.44453125 0.9515625 0.08125 0.090625
0 0.49296875 0.778125 0.0640625 0.10625
0 0.5203125 0.60703125 0.0515625 0.0984375
0 0.80625 0.69296875 0.065625 0.1109375
0 0.78203125 0.61171875 0.0546875 0.0984375
0 0.68203125 0.9234375 0.0734375 0.103125
0 0.8546875 0.7453125 0.0546875 0.0859375
0 0.6484375 0.45703125 0.0546875 0.0859375
0 0.728125 0.2859375 0.05625 0.0859375
0 0.77265625 0.275 0.0546875 0.084375
0 0.365625 0.36015625 0.059375 0.08125
0 0.434375 0.340625 0.078125 0.078125
0 0.60234375 0.19921875 0.059375 0.096875
0 0.65 0.21171875 0.0578125 0.0953125
0 0.1484375 0.04921875 0.06875 0.09375
0 0.596875 0.871875 0.0546875 0.0765625