0 0.675 0.54765625 0.078125 0.0953125
0 0.67421875 0.2578125 0.078125 0.0828125
0 0.67890625 0.05234375 0.078125 0.1
0 0.33203125 0.06015625 0.1 0.0671875
0 0.42421875 0.0625 0.0921875 0.065625
0 0.35625 0.3109375 0.0703125 0.078125
0 0.41015625 0.33046875 0.08125 0.053125
0 0.53671875 0.1890625 0.0703125 0.059375
0 0.51796875 0.546875 0.08125 0.078125
0 0.67890625 0.75390625 0.071875 0.075
0 0.5875 0.77109375 0.0671875 0.0671875
0 0.534375 0.69140625 0.0578125 0.071875
0 0.59296875 0.6953125 0.059375 0.0640625