0 0.328125 0.50703125 0.1671875 0.121875
0 0.43359375 0.63984375 0.1703125 0.09375
0 0.56953125 0.65078125 0.1640625 0.084375
0 0.56328125 0.72578125 0.0984375 0.084375
0 0.67109375 0.7453125 0.090625 0.0828125
0 0.86484375 0.825 0.103125 0.1125
0 0.43125 0.35 0.1328125 0.1109375
0 0.32265625 0.31796875 0.0921875 0.1125
0 0.09375 0.17734375 0.13125 0.1046875
0 0.08671875 0.34375 0.1734375 0.1296875
0 0.5046875 0.2109375 0.0890625 0.125
0 0.31328125 0.15078125 0.1390625 0.14375
0 0.565625 0.25390625 0.10625 0.0765625
0 0.53359375 0.35390625 0.10625 0.11875
0 0.2125 0.0765625 0.1296875 0.1484375
0 0.59453125 0.03515625 0.1359375 0.0703125