0 0.396875 0.7484375 0.071875 0.1125
0 0.30625 0.79609375 0.0609375 0.0921875
0 0.1984375 0.8328125 0.0609375 0.0984375
0 0.1390625 0.9171875 0.065625 0.084375
0 0.0796875 0.775 0.096875 0.10625
0 0.384375 0.859375 0.0515625 0.0734375
0 0.42890625 0.965625 0.0796875 0.06875
0 0.31484375 0.92265625 0.06875 0.0890625
0 0.496875 0.76640625 0.0546875 0.0859375
0 0.56171875 0.93359375 0.0625 0.103125
0 0.6265625 0.96328125 0.0515625 0.0734375
0 0.696875 0.81953125 0.08125 0.1390625
0 0.72734375 0.93671875 0.0515625 0.0703125
0 0.77265625 0.79921875 0.04375 0.0765625
0 0.84375 0.91015625 0.0671875 0.1171875
0 0.959375 0.9578125 0.06875 0.084375
0 0.9578125 0.8296875 0.0625 0.109375
0 0.9125 0.6109375 0.06875 0.1328125
0 0.97734375 0.51796875 0.0453125 0.10625
0 0.803125 0.7 0.0625 0.1015625
0 0.62109375 0.6296875 0.090625 0.1328125
0 0.47578125 0.56171875 0.059375 0.1078125
0 0.51875 0.646875 0.053125 0.084375
0 0.340625 0.628125 0.0546875 0.09375
0 0.3796875 0.5 0.0390625 0.0875
0 0.39609375 0.5984375 0.0484375 0.078125
0 0.2109375 0.58828125 0.05 0.0875
0 0.28125 0.66484375 0.0453125 0.0625
0 0.06953125 0.58828125 0.059375 0.096875
0 0.05859375 0.4 0.0859375 0.140625
0 0.15703125 0.46171875 0.0765625 0.109375
0 0.2875 0.45859375 0.0546875 0.103125
0 0.33046875 0.3453125 0.05625 0.1078125
0 0.203125 0.25859375 0.0734375 0.1125
0 0.103125 0.26015625 0.05625 0.0984375
0 0.10078125 0.14296875 0.053125 0.071875
0 0.19453125 0.09453125 0.059375 0.1015625
0 0.27890625 0.10078125 0.05625 0.0984375
0 0.3265625 0.19765625 0.0546875 0.1171875
0 0.50390625 0.3640625 0.05625 0.121875
0 0.6234375 0.48125 0.0953125 0.0921875
0 0.40234375 0.33046875 0.046875 0.0984375
0 0.490625 0.15234375 0.059375 0.1078125
0 0.6203125 0.1453125 0.065625 0.1140625
0 0.74765625 0.175 0.0546875 0.096875
0 0.89296875 0.20078125 0.071875 0.1015625
0 0.8625 0.3125 0.053125 0.09375
0 0.9125 0.3890625 0.0625 0.1140625
0 0.76015625 0.33984375 0.0671875 0.1046875
0 0.6265625 0.29296875 0.059375 0.0765625
0 0.64375 0.375 0.04375 0.0859375
0 0.790625 0.5640625 0.0546875 0.1046875
0 0.8390625 0.071875 0.0609375 0.1046875
0 0.89140625 0.0328125 0.0484375 0.065625
0 0.76875 0.05859375 0.05 0.078125
0 0.384375 0.04296875 0.0546875 0.0765625
0 0.51171875 0.0234375 0.04375 0.046875
0 0.31015625 0.02578125 0.0375 0.0515625
0 0.4296875 0.44609375 0.0484375 0.08125
0 0.94765625 0.090625 0.04375 0.0953125