0 0.31015625 0.14296875 0.1765625 0.1859375
0 0.309375 0.3484375 0.09375 0.1140625
0 0.74140625 0.05078125 0.1015625 0.0890625
0 0.67578125 0.1328125 0.090625 0.071875
0 0.678125 0.04921875 0.0859375 0.0890625
0 0.59296875 0.16328125 0.0765625 0.084375
0 0.5890625 0.0796875 0.0734375 0.0765625
0 0.61875 0.0359375 0.0703125 0.071875
0 0.5015625 0.034375 0.0984375 0.06875
0 0.1640625 0.1359375 0.08125 0.0984375
0 0.14609375 0.053125 0.0828125 0.10625
0 0.04140625 0.1796875 0.071875 0.0921875
0 0.05 0.071875 0.0890625 0.1171875
0 0.28515625 0.9359375 0.159375 0.128125
0 0.13359375 0.928125 0.1609375 0.14375
0 0.51953125 0.71484375 0.1 0.103125
0 0.44609375 0.71484375 0.084375 0.103125
0 0.5703125 0.9421875 0.115625 0.115625
0 0.94296875 0.9453125 0.1140625 0.109375