0 0.45859375 0.46640625 0.05625 0.1203125
0 0.54140625 0.178125 0.0515625 0.0796875
0 0.27734375 0.1890625 0.0515625 0.0734375
0 0.26015625 0.4109375 0.0390625 0.0625
0 0.290625 0.490625 0.0390625 0.0546875
0 0.01796875 0.4859375 0.0359375 0.065625
0 0.01953125 0.08046875 0.034375 0.0453125
0 0.23984375 0.6796875 0.04375 0.053125
0 0.65859375 0.86875 0.0453125 0.0640625
0 0.6796875 0.9609375 0.0390625 0.06875
0 0.9609375 0.8421875 0.040625 0.0734375
0 0.76171875 0.296875 0.03125 0.065625
0 0.9640625 0.228125 0.034375 0.05625
0 0.71171875 0.2203125 0.0421875 0.0546875
0 0.70703125 0.14140625 0.0328125 0.053125
0 0.71171875 0.059375 0.0359375 0.05625
0 0.48125 0.61640625 0.034375 0.0546875