0 0.37734375 0.5078125 0.0359375 0.0828125
0 0.3640625 0.38984375 0.0390625 0.046875
0 0.32734375 0.4375 0.0265625 0.059375
0 0.28828125 0.3796875 0.0390625 0.0671875
0 0.76953125 0.51640625 0.0484375 0.0734375
0 0.7515625 0.36875 0.096875 0.059375
0 0.6921875 0.23046875 0.0625 0.0765625
0 0.63671875 0.23671875 0.04375 0.0828125
0 0.81953125 0.15859375 0.05625 0.0640625
0 0.1796875 0.771875 0.04375 0.059375
0 0.11171875 0.8359375 0.0484375 0.0828125
0 0.03828125 0.8109375 0.0515625 0.090625
0 0.50234375 0.80078125 0.05 0.053125
0 0.54453125 0.54296875 0.0390625 0.0640625
0 0.58046875 0.45078125 0.0546875 0.059375
0 0.66171875 0.46015625 0.053125 0.09375
0 0.22578125 0.12578125 0.05 0.05
0 0.3734375 0.13515625 0.0484375 0.059375
0 0.2625 0.3265625 0.046875 0.0609375
0 0.159375 0.50546875 0.0375 0.05625
0 0.278125 0.59375 0.0453125 0.071875
0 0.31875 0.84453125 0.0546875 0.0625