0 0.03828125 0.09453125 0.0765625 0.1125
0 0.04375 0.43671875 0.0859375 0.1
0 0.07734375 0.32578125 0.075 0.075
0 0.06953125 0.2328125 0.0640625 0.0953125
0 0.10078125 0.1265625 0.0703125 0.0859375
0 0.14296875 0.0609375 0.059375 0.0796875
0 0.03671875 0.66328125 0.0734375 0.1015625
0 0.0421875 0.6 0.084375 0.0796875
0 0.0625 0.534375 0.0671875 0.084375
0 0.11640625 0.46953125 0.075 0.0875
0 0.109375 0.37734375 0.071875 0.0875
0 0.04921875 0.77578125 0.059375 0.0890625
0 0.090625 0.71015625 0.075 0.0984375
0 0.11640625 0.64453125 0.1046875 0.08125
0 0.15625 0.55625 0.0734375 0.10625
0 0.165625 0.459375 0.075 0.0765625
0 0.1734375 0.3984375 0.0734375 0.0875
0 0.1953125 0.32578125 0.059375 0.075
0 0.2265625 0.26015625 0.078125 0.0875
0 0.23984375 0.13828125 0.0796875 0.10625
0 0.234375 0.1421875 0.0859375 0.0921875
0 0.13125 0.27265625 0.053125 0.075
0 0.125 0.1984375 0.0515625 0.0703125
0 0.24296875 0.69453125 0.06875 0.0765625
0 0.22265625 0.6171875 0.059375 0.0875
0 0.228125 0.5171875 0.0765625 0.0828125
0 0.2359375 0.4046875 0.0453125 0.0828125
0 0.07578125 0.871875 0.065625 0.0765625
0 0.13515625 0.7734375 0.078125 0.0765625
0 0.1421875 0.93046875 0.071875 0.0859375
0 0.271875 0.92421875 0.0828125 0.103125
0 0.23125 0.846875 0.0765625 0.08125
0 0.21484375 0.76875 0.065625 0.0875
0 0.3234375 0.52890625 0.084375 0.0734375
0 0.30625 0.42265625 0.0734375 0.078125
0 0.2890625 0.81875 0.0796875 0.0984375
0 0.31953125 0.6921875 0.0703125 0.0828125
0 0.36328125 0.74375 0.0828125 0.090625
0 0.365625 0.6453125 0.078125 0.084375
0 0.36328125 0.63515625 0.0828125 0.0859375
0 0.34296875 0.87890625 0.065625 0.078125
0 0.39453125 0.92890625 0.0671875 0.084375
0 0.425 0.8171875 0.0859375 0.0859375
0 0.4453125 0.92109375 0.059375 0.0875
0 0.4234375 0.7359375 0.0625 0.096875
0 0.425 0.65703125 0.0671875 0.075
0 0.46875 0.71328125 0.065625 0.078125
0 0.38125 0.57109375 0.0640625 0.0828125
0 0.36484375 0.4734375 0.075 0.1015625
0 0.31640625 0.3609375 0.0671875 0.0921875
0 0.37109375 0.3921875 0.065625 0.0796875
0 0.36953125 0.29921875 0.0671875 0.075
0 0.30703125 0.2296875 0.0609375 0.0890625
0 0.34296875 0.053125 0.0703125 0.10625
0 0.403125 0.0921875 0.0703125 0.103125
0 0.453125 0.4203125 0.078125 0.090625
0 0.4921875 0.34375 0.075 0.0859375
0 0.47890625 0.24296875 0.0671875 0.1015625
0 0.46796875 0.1328125 0.0671875 0.0890625
0 0.53359375 0.18515625 0.075 0.1015625
0 0.5078125 0.56640625 0.0828125 0.1046875
0 0.4875 0.478125 0.065625 0.08125
0 0.53828125 0.64296875 0.06875 0.0890625
0 0.546875 0.89609375 0.071875 0.0859375
0 0.54921875 0.82265625 0.0671875 0.0734375
0 0.57265625 0.72109375 0.0515625 0.0765625
0 0.6078125 0.94375 0.084375 0.090625
0 0.6046875 0.86328125 0.0828125 0.0921875
0 0.60859375 0.76875 0.0625 0.0859375
0 0.53046875 0.09296875 0.0765625 0.084375
0 0.58671875 0.21796875 0.0734375 0.1
0 0.6 0.13828125 0.0765625 0.0984375
0 0.5703125 0.53203125 0.0609375 0.0890625
0 0.58984375 0.46015625 0.0828125 0.084375
0 0.57421875 0.37265625 0.0609375 0.0953125
0 0.634375 0.38125 0.090625 0.1328125
0 0.6421875 0.2796875 0.0640625 0.0921875
0 0.67265625 0.17265625 0.075 0.0953125
0 0.61875 0.66015625 0.0671875 0.09375
0 0.60859375 0.57890625 0.075 0.0953125
0 0.675 0.90546875 0.0625 0.09375
0 0.671875 0.81171875 0.0640625 0.0796875
0 0.6578125 0.73359375 0.059375 0.078125
0 0.7171875 0.71953125 0.078125 0.0828125
0 0.69609375 0.65703125 0.0640625 0.09375
0 0.703125 0.95234375 0.065625 0.0859375
0 0.721875 0.33671875 0.0828125 0.1
0 0.73515625 0.225 0.059375 0.0828125
0 0.73828125 0.1421875 0.059375 0.0984375
0 0.72265625 0.0625 0.0734375 0.0984375
0 0.715625 0.4984375 0.0671875 0.0796875
0 0.8171875 0.95859375 0.075 0.0828125
0 0.80234375 0.8828125 0.071875 0.096875
0 0.78984375 0.78125 0.0796875 0.08125
0 0.77265625 0.7 0.0625 0.09375
0 0.76171875 0.6140625 0.075 0.0765625
0 0.77421875 0.54140625 0.071875 0.0953125
0 0.75859375 0.44375 0.059375 0.103125
0 0.7828125 0.36875 0.0546875 0.090625
0 0.7890625 0.27109375 0.059375 0.09375
0 0.85390625 0.8203125 0.071875 0.0765625
0 0.8828125 0.8796875 0.0640625 0.1078125
0 0.86015625 0.74375 0.0703125 0.115625
0 0.97265625 0.76484375 0.0546875 0.1171875
0 0.90703125 0.69921875 0.0703125 0.09375
0 0.85546875 0.659375 0.08125 0.0859375
0 0.8296875 0.5875 0.0859375 0.0984375
0 0.89921875 0.6046875 0.065625 0.090625
0 0.8765625 0.5265625 0.05625 0.0703125
0 0.9796875 0.58203125 0.040625 0.1046875
0 0.8921875 0.42265625 0.0796875 0.0703125
0 0.9765625 0.44609375 0.046875 0.0859375
0 0.83984375 0.2953125 0.06875 0.0890625
0 0.80078125 0.1734375 0.0671875 0.08125
0 0.88984375 0.1734375 0.078125 0.0984375
0 0.92734375 0.36953125 0.075 0.0796875
0 0.90390625 0.29609375 0.0609375 0.078125
0 0.78515625 0.08671875 0.0703125 0.0875
0 0.86171875 0.0453125 0.0640625 0.090625
0 0.95234375 0.19765625 0.05 0.0953125
0 0.96796875 0.13203125 0.0640625 0.075
0 0.97890625 0.290625 0.0421875 0.078125
0 0.9453125 0.91875 0.0609375 0.084375