0 0.8859375 0.18515625 0.034375 0.1109375
0 0.84296875 0.21328125 0.053125 0.121875
0 0.83203125 0.03515625 0.0703125 0.0703125
0 0.7921875 0.490625 0.0515625 0.08125
0 0.7203125 0.41171875 0.0484375 0.096875
0 0.740625 0.34765625 0.046875 0.096875
0 0.75546875 0.30703125 0.05 0.09375
0 0.66796875 0.5015625 0.0484375 0.0796875
0 0.43203125 0.43515625 0.05 0.1046875
0 0.4328125 0.25625 0.0390625 0.078125
0 0.21171875 0.2828125 0.059375 0.075
0 0.2140625 0.1625 0.05625 0.1078125
0 0.0796875 0.2 0.0578125 0.0765625
0 0.0796875 0.09765625 0.053125 0.1078125
0 0.2609375 0.04375 0.0609375 0.0875