0 0.95078125 0.87421875 0.03125 0.103125
0 0.9609375 0.95625 0.0328125 0.0609375
0 0.9078125 0.859375 0.0375 0.0671875
0 0.88828125 0.7609375 0.0296875 0.1
0 0.9640625 0.696875 0.0375 0.121875
0 0.98046875 0.5609375 0.0390625 0.078125
0 0.96328125 0.42578125 0.0375 0.1
0 0.9421875 0.49140625 0.028125 0.0796875
0 0.91953125 0.2421875 0.034375 0.0796875
0 0.9125 0.32109375 0.0328125 0.1140625
0 0.90546875 0.39296875 0.03125 0.0734375
0 0.95390625 0.08515625 0.03125 0.06875
0 0.7125 0.51796875 0.0375 0.096875
0 0.76875 0.315625 0.034375 0.109375
0 0.775 0.42421875 0.034375 0.071875
0 0.7296875 0.33125 0.0375 0.0953125
0 0.83515625 0.09921875 0.034375 0.1234375
0 0.7953125 0.1078125 0.0328125 0.0953125
0 0.76484375 0.04296875 0.040625 0.0828125
0 0.7546875 0.15234375 0.0328125 0.0859375
0 0.70546875 0.046875 0.040625 0.09375
0 0.67578125 0.0828125 0.0359375 0.103125
0 0.70546875 0.17734375 0.040625 0.1125
0 0.7921875 0.959375 0.0390625 0.08125
0 0.66171875 0.94921875 0.0375 0.1015625
0 0.7328125 0.884375 0.04375 0.096875
0 0.65625 0.75859375 0.0265625 0.084375
0 0.6546875 0.2484375 0.03125 0.096875
0 0.59296875 0.6671875 0.028125 0.075
0 0.5890625 0.7453125 0.03125 0.0890625
0 0.575 0.62734375 0.0296875 0.0875
0 0.5921875 0.32734375 0.0359375 0.1015625
0 0.56640625 0.40234375 0.0375 0.0984375
0 0.43203125 0.875 0.0359375 0.0921875
0 0.396875 0.82265625 0.0390625 0.0828125
0 0.36171875 0.93984375 0.028125 0.0890625
0 0.44375 0.30703125 0.0328125 0.075
0 0.4375 0.1453125 0.0390625 0.103125
0 0.33828125 0.2890625 0.0359375 0.1078125
0 0.35234375 0.05703125 0.0421875 0.1109375
0 0.34765625 0.65234375 0.0359375 0.06875
0 0.1828125 0.73125 0.034375 0.0890625
0 0.26640625 0.834375 0.0359375 0.05625
0 0.27109375 0.41953125 0.0375 0.08125
0 0.27421875 0.5109375 0.028125 0.0765625
0 0.346875 0.43125 0.0328125 0.0796875
0 0.5359375 0.4734375 0.0359375 0.0734375
0 0.18125 0.1546875 0.0375 0.10625
0 0.13125 0.9078125 0.040625 0.0828125
0 0.13125 0.52421875 0.034375 0.10625
0 0.13359375 0.634375 0.0328125 0.0984375
0 0.0375 0.12421875 0.03125 0.1125
0 0.0140625 0.42109375 0.028125 0.115625