0 0.709375 0.3046875 0.04375 0.071875
0 0.60625 0.2296875 0.0515625 0.0859375
0 0.69609375 0.059375 0.0375 0.075
0 0.98203125 0.246875 0.0359375 0.084375
0 0.859375 0.79765625 0.04375 0.0609375
0 0.7703125 0.94765625 0.0421875 0.0609375
0 0.778125 0.85625 0.0515625 0.06875
0 0.70625 0.775 0.034375 0.0640625
0 0.6625 0.71171875 0.0421875 0.078125
0 0.53828125 0.84453125 0.046875 0.0625
0 0.3890625 0.94453125 0.040625 0.0515625
0 0.42265625 0.86875 0.0421875 0.0625
0 0.46328125 0.7921875 0.04375 0.0625
0 0.225 0.740625 0.0296875 0.0484375
0 0.278125 0.6890625 0.03125 0.05
0 0.07734375 0.853125 0.034375 0.053125
0 0.14140625 0.796875 0.0421875 0.0671875
0 0.215625 0.4171875 0.040625 0.0703125
0 0.38828125 0.3875 0.03125 0.0609375
0 0.3203125 0.2953125 0.034375 0.059375
0 0.46640625 0.59375 0.03125 0.053125
0 0.31875 0.7640625 0.0234375 0.0640625
0 0.015625 0.234375 0.03125 0.078125