0 0.1140625 0.81484375 0.034375 0.1109375
0 0.15703125 0.78671875 0.053125 0.121875
0 0.16796875 0.96484375 0.0703125 0.0703125
0 0.2078125 0.509375 0.0515625 0.08125
0 0.2796875 0.58828125 0.0484375 0.096875
0 0.259375 0.65234375 0.046875 0.096875
0 0.24453125 0.69296875 0.05 0.09375
0 0.33203125 0.4984375 0.0484375 0.0796875
0 0.56796875 0.56484375 0.05 0.1046875
0 0.5671875 0.74375 0.0390625 0.078125
0 0.78828125 0.7171875 0.059375 0.075
0 0.7859375 0.8375 0.05625 0.1078125
0 0.9203125 0.8 0.0578125 0.0765625
0 0.9203125 0.90234375 0.053125 0.1078125
0 0.7390625 0.95625 0.0609375 0.0875