0 0.9734375 0.45390625 0.0453125 0.0703125
0 0.8609375 0.4375 0.040625 0.128125
0 0.75234375 0.21796875 0.046875 0.1125
0 0.33359375 0.3453125 0.028125 0.0765625
0 0.1703125 0.521875 0.0296875 0.1015625
0 0.3609375 0.76796875 0.059375 0.109375
0 0.56015625 0.6046875 0.0328125 0.0671875
0 0.6484375 0.68671875 0.03125 0.059375
0 0.70234375 0.64921875 0.0265625 0.065625
0 0.6484375 0.5890625 0.0296875 0.0625
0 0.61875 0.6578125 0.028125 0.0546875
0 0.67421875 0.834375 0.028125 0.053125
0 0.62109375 0.7703125 0.0265625 0.053125
0 0.74609375 0.76484375 0.025 0.0515625
0 0.70703125 0.4859375 0.0359375 0.065625
0 0.61640625 0.45625 0.03125 0.0515625
0 0.59765625 0.40625 0.021875 0.05625
0 0.70859375 0.26484375 0.034375 0.0625
0 0.65859375 0.25625 0.028125 0.0546875
0 0.70703125 0.20703125 0.03125 0.0546875
0 0.70625 0.06875 0.028125 0.059375
0 0.621875 0.07890625 0.0203125 0.05625
0 0.50390625 0.203125 0.025 0.0625
0 0.534375 0.36484375 0.025 0.071875
0 0.50546875 0.30078125 0.028125 0.046875
0 0.4640625 0.215625 0.0265625 0.053125
0 0.5046875 0.1375 0.0265625 0.0484375
0 0.47578125 0.45625 0.028125 0.0578125
0 0.4703125 0.7171875 0.028125 0.065625
0 0.540625 0.87109375 0.0265625 0.0546875
0 0.540625 0.828125 0.0296875 0.05
0 0.5328125 0.75703125 0.03125 0.059375
0 0.509375 0.6890625 0.028125 0.059375
0 0.5359375 0.6484375 0.0296875 0.05
0 0.4890625 0.96171875 0.0359375 0.0703125
0 0.6203125 0.915625 0.0296875 0.0671875
0 0.075 0.67578125 0.034375 0.0765625
0 0.05546875 0.9203125 0.0328125 0.0671875