0 0.671875 0.44453125 0.084375 0.1375
0 0.490625 0.3671875 0.0703125 0.0765625
0 0.64453125 0.3296875 0.0625 0.10625
0 0.68359375 0.58203125 0.0640625 0.1140625
0 0.59140625 0.86484375 0.05 0.0859375
0 0.7203125 0.81875 0.0484375 0.090625
0 0.7859375 0.8671875 0.0515625 0.0828125
0 0.8015625 0.7875 0.0609375 0.1015625
0 0.8328125 0.84765625 0.04375 0.06875
0 0.9046875 0.64296875 0.053125 0.090625
0 0.803125 0.4140625 0.0546875 0.1140625
0 0.90078125 0.484375 0.0609375 0.103125
0 0.76171875 0.2140625 0.0515625 0.078125
0 0.92734375 0.21640625 0.0515625 0.08125
0 0.4140625 0.1875 0.059375 0.075
0 0.4234375 0.65859375 0.0515625 0.090625
0 0.66484375 0.10546875 0.0703125 0.09375
0 0.9328125 0.03046875 0.0515625 0.0609375
0 0.15234375 0.77265625 0.059375 0.109375