0 0.41328125 0.83515625 0.053125 0.084375
0 0.46328125 0.79921875 0.0390625 0.0703125
0 0.49453125 0.8328125 0.0453125 0.075
0 0.44296875 0.37578125 0.05 0.09375
0 0.49453125 0.39921875 0.046875 0.078125
0 0.4796875 0.47265625 0.040625 0.0609375
0 0.39375 0.3921875 0.0578125 0.096875
0 0.43828125 0.50625 0.0421875 0.0671875
0 0.46953125 0.5515625 0.0453125 0.0734375
0 0.50546875 0.51875 0.0484375 0.096875
0 0.76484375 0.959375 0.053125 0.08125
0 0.8796875 0.7015625 0.04375 0.0703125
0 0.87734375 0.7546875 0.0421875 0.0703125
0 0.7953125 0.5640625 0.0390625 0.0640625
0 0.86796875 0.46796875 0.05 0.0703125
0 0.88359375 0.53828125 0.0484375 0.06875
0 0.88671875 0.3140625 0.05 0.0828125
0 0.88359375 0.40390625 0.0421875 0.0828125
0 0.86640625 0.16875 0.05625 0.09375
0 0.8640625 0.03125 0.0546875 0.0625
0 0.49921875 0.0671875 0.05 0.0734375
0 0.5046875 0.1734375 0.0390625 0.0640625
0 0.5609375 0.075 0.0515625 0.0796875
0 0.40234375 0.03125 0.0484375 0.0625