0 0.46640625 0.16484375 0.1578125 0.0828125
0 0.10390625 0.0859375 0.1015625 0.0734375
0 0.30390625 0.01953125 0.0875 0.0390625
0 0.80703125 0.0328125 0.109375 0.065625
0 0.69765625 0.06875 0.0984375 0.078125
0 0.92734375 0.20859375 0.0984375 0.071875
0 0.84140625 0.23671875 0.103125 0.0671875
0 0.65 0.303125 0.125 0.0671875
0 0.390625 0.46953125 0.109375 0.0828125
0 0.08203125 0.43046875 0.0859375 0.053125
0 0.1515625 0.296875 0.08125 0.065625
0 0.3328125 0.23359375 0.0703125 0.0421875
0 0.27890625 0.25546875 0.071875 0.04375
0 0.19140625 0.1859375 0.0875 0.065625
0 0.296875 0.309375 0.090625 0.046875
0 0.3390625 0.5765625 0.1046875 0.0734375
0 0.62421875 0.521875 0.0828125 0.040625
0 0.5328125 0.54453125 0.0734375 0.0546875
0 0.13125 0.76015625 0.0875 0.0578125
0 0.04453125 0.89609375 0.0890625 0.0640625
0 0.4234375 0.8703125 0.1171875 0.05625
0 0.3421875 0.8234375 0.0875 0.046875
0 0.3890625 0.97109375 0.0734375 0.0578125
0 0.2390625 0.96484375 0.0890625 0.046875
0 0.46484375 0.978125 0.065625 0.04375
0 0.853125 0.81640625 0.1140625 0.0859375
0 0.73203125 0.84375 0.103125 0.0671875
0 0.39921875 0.2515625 0.0671875 0.0671875
0 0.53984375 0.35234375 0.0640625 0.0421875
0 0.8859375 0.5375 0.0890625 0.0484375
0 0.82109375 0.69609375 0.0875 0.046875
0 0.65546875 0.171875 0.06875 0.071875