0 0.41875 0.7828125 0.0546875 0.1046875
0 0.45234375 0.71171875 0.0484375 0.09375
0 0.409375 0.88671875 0.0484375 0.0734375
0 0.421875 0.96953125 0.040625 0.0609375
0 0.4609375 0.9125 0.0421875 0.0671875
0 0.54453125 0.90546875 0.04375 0.0703125
0 0.5015625 0.840625 0.046875 0.084375
0 0.5421875 0.8203125 0.05 0.0828125
0 0.58046875 0.846875 0.04375 0.0640625
0 0.6328125 0.81171875 0.046875 0.08125
0 0.45234375 0.85703125 0.046875 0.075
0 0.47265625 0.76953125 0.046875 0.0734375
0 0.51796875 0.78046875 0.0359375 0.05625
0 0.5 0.65 0.040625 0.096875
0 0.4578125 0.34921875 0.0625 0.140625
0 0.51171875 0.378125 0.0640625 0.1234375
0 0.496875 0.5234375 0.040625 0.084375
0 0.5265625 0.47578125 0.0484375 0.0921875
0 0.44375 0.46171875 0.0421875 0.0859375
0 0.540625 0.28359375 0.05625 0.1109375
0 0.396875 0.321875 0.05 0.0703125
0 0.3203125 0.3203125 0.0453125 0.0921875
0 0.346875 0.18203125 0.0515625 0.096875
0 0.275 0.090625 0.0375 0.090625
0 0.35546875 0.07890625 0.0546875 0.10625
0 0.3890625 0.2125 0.040625 0.078125
0 0.4078125 0.1390625 0.040625 0.078125
0 0.4265625 0.2203125 0.0421875 0.06875
0 0.4890625 0.2109375 0.0421875 0.0578125
0 0.44765625 0.0921875 0.0375 0.075
0 0.49453125 0.1234375 0.0359375 0.078125
0 0.65078125 0.184375 0.040625 0.0765625
0 0.6546875 0.12421875 0.040625 0.084375
0 0.2328125 0.0640625 0.053125 0.08125