0 0.6125 0.13203125 0.0515625 0.090625
0 0.678125 0.22265625 0.0359375 0.05625
0 0.67890625 0.30625 0.05 0.0828125
0 0.72734375 0.4203125 0.0515625 0.065625
0 0.73359375 0.47890625 0.04375 0.0703125
0 0.821875 0.50546875 0.0390625 0.0703125
0 0.834375 0.61484375 0.05 0.0703125
0 0.94375 0.62421875 0.053125 0.13125
0 0.48515625 0.378125 0.053125 0.0859375
0 0.603125 0.5109375 0.0421875 0.0859375
0 0.67734375 0.5421875 0.046875 0.0640625
0 0.790625 0.56640625 0.0484375 0.08125
0 0.47578125 0.5078125 0.05 0.0796875
0 0.809375 0.1921875 0.046875 0.065625
0 0.83984375 0.0953125 0.0625 0.071875
0 0.90078125 0.10390625 0.0515625 0.0828125
0 0.978125 0.19140625 0.04375 0.0984375
0 0.66875 0.67734375 0.0359375 0.0921875
0 0.665625 0.7453125 0.04375 0.0640625
0 0.4703125 0.69375 0.0609375 0.053125
0 0.24765625 0.525 0.0484375 0.065625
0 0.32578125 0.52265625 0.04375 0.096875
0 0.321875 0.3453125 0.028125 0.1046875
0 0.0875 0.0546875 0.0421875 0.08125
0 0.103125 0.840625 0.046875 0.121875
0 0.5546875 0.79375 0.04375 0.0875
0 0.61015625 0.8140625 0.0421875 0.0953125
0 0.60390625 0.90546875 0.0390625 0.0890625
0 0.771875 0.74453125 0.046875 0.0828125
0 0.8 0.73046875 0.046875 0.06875
0 0.80234375 0.8515625 0.04375 0.0828125
0 0.80703125 0.9359375 0.053125 0.0828125
0 0.88046875 0.96953125 0.0546875 0.0609375
0 0.8390625 0.753125 0.040625 0.0734375
0 0.87109375 0.72578125 0.04375 0.084375
0 0.8828125 0.79921875 0.0421875 0.075
0 0.45234375 0.9078125 0.04375 0.0953125
0 0.91875 0.3421875 0.046875 0.08125
0 0.83359375 0.4046875 0.0515625 0.0796875