0 0.28359375 0.55546875 0.05625 0.0640625
0 0.19375 0.74921875 0.0390625 0.0671875
0 0.27578125 0.85703125 0.0515625 0.0609375
0 0.55625 0.4515625 0.040625 0.075
0 0.6078125 0.50390625 0.046875 0.0453125
0 0.68671875 0.52578125 0.0484375 0.040625
0 0.78984375 0.56875 0.040625 0.065625
0 0.746875 0.69453125 0.03125 0.0515625
0 0.75859375 0.8390625 0.034375 0.0421875
0 0.12578125 0.7078125 0.0390625 0.0515625
0 0.0984375 0.6046875 0.0421875 0.059375
0 0.08828125 0.5390625 0.0359375 0.0453125
0 0.69453125 0.2859375 0.040625 0.0625