0 0.4375 0.446875 0.0703125 0.1421875
0 0.32109375 0.56015625 0.0828125 0.13125
0 0.21484375 0.50859375 0.08125 0.16875
0 0.178125 0.77421875 0.0578125 0.1140625
0 0.02578125 0.5 0.0515625 0.115625
0 0.1015625 0.26484375 0.0734375 0.1296875
0 0.20703125 0.10625 0.0703125 0.125
0 0.3125 0.203125 0.05625 0.13125
0 0.41015625 0.1859375 0.0671875 0.128125
0 0.52578125 0.0921875 0.075 0.1015625
0 0.60625 0.22734375 0.075 0.1390625
0 0.68046875 0.2890625 0.046875 0.090625
0 0.5671875 0.440625 0.0625 0.1203125
0 0.62578125 0.6 0.0671875 0.1125
0 0.89140625 0.490625 0.1109375 0.1953125
0 0.78828125 0.42109375 0.0515625 0.1171875
0 0.72734375 0.44921875 0.0625 0.1
0 0.7625 0.0953125 0.05 0.090625
0 0.84609375 0.30078125 0.0609375 0.1
0 0.7421875 0.67265625 0.0703125 0.109375