0 0.0265625 0.45390625 0.0453125 0.0703125
0 0.1390625 0.4375 0.040625 0.128125
0 0.24765625 0.21796875 0.046875 0.1125
0 0.66640625 0.3453125 0.028125 0.0765625
0 0.8296875 0.521875 0.0296875 0.1015625
0 0.6390625 0.76796875 0.059375 0.109375
0 0.43984375 0.6046875 0.0328125 0.0671875
0 0.3515625 0.68671875 0.03125 0.059375
0 0.29765625 0.64921875 0.0265625 0.065625
0 0.3515625 0.5890625 0.0296875 0.0625
0 0.38125 0.6578125 0.028125 0.0546875
0 0.32578125 0.834375 0.028125 0.053125
0 0.37890625 0.7703125 0.0265625 0.053125
0 0.25390625 0.76484375 0.025 0.0515625
0 0.29296875 0.4859375 0.0359375 0.065625
0 0.38359375 0.45625 0.03125 0.0515625
0 0.40234375 0.40625 0.021875 0.05625
0 0.29140625 0.26484375 0.034375 0.0625
0 0.34140625 0.25625 0.028125 0.0546875
0 0.29296875 0.20703125 0.03125 0.0546875
0 0.29375 0.06875 0.028125 0.059375
0 0.378125 0.07890625 0.0203125 0.05625
0 0.49609375 0.203125 0.025 0.0625
0 0.465625 0.36484375 0.025 0.071875
0 0.49453125 0.30078125 0.028125 0.046875
0 0.5359375 0.215625 0.0265625 0.053125
0 0.4953125 0.1375 0.0265625 0.0484375
0 0.52421875 0.45625 0.028125 0.0578125
0 0.5296875 0.7171875 0.028125 0.065625
0 0.459375 0.87109375 0.0265625 0.0546875
0 0.459375 0.828125 0.0296875 0.05
0 0.4671875 0.75703125 0.03125 0.059375
0 0.490625 0.6890625 0.028125 0.059375
0 0.4640625 0.6484375 0.0296875 0.05
0 0.5109375 0.96171875 0.0359375 0.0703125
0 0.3796875 0.915625 0.0296875 0.0671875
0 0.925 0.67578125 0.034375 0.0765625
0 0.94453125 0.9203125 0.0328125 0.0671875