0 0.55390625 0.45546875 0.1359375 0.1734375
0 0.45625 0.5828125 0.090625 0.1328125
0 0.56015625 0.6484375 0.103125 0.146875
0 0.4703125 0.721875 0.0828125 0.1765625
0 0.5765625 0.92265625 0.10625 0.140625
0 0.45546875 0.91484375 0.065625 0.1171875
0 0.6359375 0.8578125 0.0625 0.1
0 0.71640625 0.68671875 0.0734375 0.0984375
0 0.76640625 0.8359375 0.09375 0.153125
0 0.85625 0.79453125 0.09375 0.2
0 0.921875 0.89765625 0.0734375 0.1234375
0 0.85703125 0.94921875 0.06875 0.1015625
0 0.9484375 0.7265625 0.05625 0.1109375
0 0.91796875 0.5921875 0.05625 0.1125
0 0.959375 0.49765625 0.053125 0.09375
0 0.92109375 0.10078125 0.096875 0.171875
0 0.784375 0.1546875 0.0859375 0.11875
0 0.66328125 0.1015625 0.06875 0.10625
0 0.48828125 0.15546875 0.1140625 0.1453125
0 0.3796875 0.13828125 0.0765625 0.140625
0 0.390625 0.29453125 0.0671875 0.121875
0 0.34375 0.4796875 0.0984375 0.10625
0 0.27109375 0.54296875 0.0625 0.175
0 0.31328125 0.66328125 0.1046875 0.125
0 0.23828125 0.79140625 0.0625 0.1359375
0 0.29375 0.8796875 0.090625 0.153125
0 0.3890625 0.790625 0.084375 0.096875
0 0.153125 0.8515625 0.084375 0.11875
0 0.1328125 0.73125 0.0828125 0.1296875
0 0.10546875 0.63125 0.071875 0.121875
0 0.1921875 0.62890625 0.09375 0.1203125
0 0.13515625 0.36640625 0.1 0.153125
0 0.234375 0.371875 0.0875 0.1765625
0 0.16953125 0.5421875 0.08125 0.1609375
0 0.1109375 0.2140625 0.096875 0.1703125
0 0.2109375 0.109375 0.084375 0.13125
0 0.26015625 0.25390625 0.084375 0.1296875
0 0.31015625 0.3359375 0.1 0.1015625
0 0.609375 0.30546875 0.0671875 0.13125
0 0.64921875 0.2203125 0.065625 0.103125