0 0.8515625 0.49296875 0.084375 0.084375
0 0.95625 0.65859375 0.0640625 0.0625
0 0.87109375 0.62265625 0.0609375 0.05
0 0.83984375 0.584375 0.0640625 0.0484375
0 0.80390625 0.6390625 0.0703125 0.0578125
0 0.8671875 0.67421875 0.0671875 0.0703125
0 0.659375 0.74765625 0.084375 0.0640625
0 0.8421875 0.79765625 0.075 0.059375
0 0.8875 0.82734375 0.065625 0.0546875
0 0.6953125 0.86015625 0.06875 0.0640625
0 0.54609375 0.796875 0.053125 0.05
0 0.54921875 0.8375 0.0671875 0.0546875
0 0.5203125 0.76328125 0.0453125 0.0390625
0 0.6921875 0.90859375 0.0515625 0.059375
0 0.634375 0.88984375 0.059375 0.05
0 0.81328125 0.92734375 0.06875 0.0625
0 0.95234375 0.95625 0.06875 0.0609375
0 0.121875 0.4328125 0.071875 0.08125
0 0.0390625 0.325 0.078125 0.0828125
0 0.1703125 0.34765625 0.0796875 0.078125
0 0.1109375 0.2703125 0.078125 0.0734375
0 0.02890625 0.209375 0.0578125 0.0671875
0 0.14765625 0.17578125 0.084375 0.0765625
0 0.2328125 0.1515625 0.0828125 0.06875
0 0.26875 0.2015625 0.0859375 0.06875
0 0.41484375 0.1015625 0.090625 0.0671875
0 0.65703125 0.0703125 0.090625 0.075
0 0.74609375 0.09140625 0.09375 0.0765625
0 0.88359375 0.0828125 0.0765625 0.08125
0 0.8578125 0.16796875 0.08125 0.0765625
0 0.66953125 0.18515625 0.0890625 0.0875
0 0.67734375 0.24375 0.0796875 0.0796875
0 0.83515625 0.2375 0.0796875 0.071875
0 0.59140625 0.428125 0.075 0.065625
0 0.5375 0.503125 0.0734375 0.08125
0 0.453125 0.55625 0.0859375 0.0765625
0 0.23671875 0.60703125 0.078125 0.0875
0 0.27890625 0.6765625 0.078125 0.0765625
0 0.390625 0.64765625 0.078125 0.06875
0 0.34375 0.7 0.08125 0.0625