0 0.33203125 0.37578125 0.0484375 0.0859375
0 0.1046875 0.26796875 0.046875 0.0671875
0 0.26171875 0.48515625 0.04375 0.0609375
0 0.36484375 0.475 0.05 0.0703125
0 0.328125 0.59296875 0.040625 0.084375
0 0.25625 0.684375 0.04375 0.065625
0 0.2546875 0.79765625 0.046875 0.053125
0 0.6609375 0.415625 0.046875 0.0703125
0 0.6078125 0.59921875 0.046875 0.096875
0 0.65234375 0.6109375 0.0453125 0.075
0 0.66875 0.28203125 0.0390625 0.0703125
0 0.8125 0.3140625 0.0546875 0.071875
0 0.88515625 0.3375 0.0375 0.0703125
0 0.80546875 0.53359375 0.0546875 0.0796875