0 0.325 0.45234375 0.078125 0.0953125
0 0.32578125 0.7421875 0.078125 0.0828125
0 0.32109375 0.94765625 0.078125 0.1
0 0.66796875 0.93984375 0.1 0.0671875
0 0.57578125 0.9375 0.0921875 0.065625
0 0.64375 0.6890625 0.0703125 0.078125
0 0.58984375 0.66953125 0.08125 0.053125
0 0.46328125 0.8109375 0.0703125 0.059375
0 0.48203125 0.453125 0.08125 0.078125
0 0.32109375 0.24609375 0.071875 0.075
0 0.4125 0.22890625 0.0671875 0.0671875
0 0.465625 0.30859375 0.0578125 0.071875
0 0.40703125 0.3046875 0.059375 0.0640625