0 0.55234375 0.14609375 0.065625 0.09375
0 0.94375 0.1125 0.065625 0.0765625
0 0.328125 0.38046875 0.0421875 0.09375
0 0.2359375 0.31328125 0.05625 0.0828125
0 0.02734375 0.31796875 0.0546875 0.0921875
0 0.58671875 0.36484375 0.0515625 0.0828125
0 0.64765625 0.821875 0.0453125 0.0890625
0 0.3265625 0.90859375 0.0515625 0.103125
0 0.36875 0.78203125 0.0546875 0.0828125
0 0.07109375 0.834375 0.04375 0.1140625
0 0.10234375 0.6375 0.046875 0.065625
0 0.5625 0.053125 0.05 0.10625
0 0.5125 0.0453125 0.04375 0.090625