0 0.41875 0.5546875 0.0453125 0.1078125
0 0.44140625 0.32890625 0.034375 0.125
0 0.2859375 0.2921875 0.046875 0.0984375
0 0.38515625 0.31640625 0.034375 0.1
0 0.6546875 0.43515625 0.0375 0.1109375
0 0.590625 0.48828125 0.0421875 0.1109375
0 0.75 0.190625 0.0375 0.090625
0 0.70078125 0.18203125 0.040625 0.1078125
0 0.67890625 0.275 0.046875 0.1015625
0 0.68671875 0.0375 0.03125 0.0734375
0 0.44453125 0.73046875 0.0390625 0.0921875
0 0.20078125 0.85859375 0.04375 0.0953125
0 0.140625 0.5875 0.046875 0.134375