0 0.2703125 0.12265625 0.0578125 0.0453125
0 0.25390625 0.29453125 0.0578125 0.0390625
0 0.2671875 0.22578125 0.0640625 0.04375
0 0.36875 0.175 0.059375 0.04375
0 0.3703125 0.125 0.0625 0.0453125
0 0.25078125 0.4328125 0.05 0.040625
0 0.28828125 0.3625 0.0578125 0.0421875
0 0.4953125 0.6796875 0.05625 0.0421875
0 0.61640625 0.60546875 0.059375 0.046875
0 0.77265625 0.64375 0.059375 0.040625
0 0.42265625 0.775 0.0546875 0.0515625
0 0.4609375 0.81328125 0.0453125 0.0515625
0 0.51875 0.75546875 0.053125 0.046875