0 0.078125 0.334375 0.0328125 0.0609375
0 0.1265625 0.3203125 0.046875 0.08125
0 0.15 0.034375 0.05 0.06875
0 0.2453125 0.4390625 0.053125 0.090625
0 0.3015625 0.334375 0.040625 0.0734375
0 0.05078125 0.68515625 0.0421875 0.0515625
0 0.06171875 0.6203125 0.0421875 0.0734375
0 0.1203125 0.6109375 0.0421875 0.071875
0 0.11953125 0.74140625 0.0296875 0.065625
0 0.12734375 0.89296875 0.0421875 0.0734375
0 0.18984375 0.95078125 0.040625 0.053125
0 0.41953125 0.86015625 0.046875 0.0640625
0 0.4109375 0.78515625 0.0390625 0.078125
0 0.37109375 0.728125 0.034375 0.0703125
0 0.490625 0.384375 0.04375 0.071875
0 0.503125 0.53984375 0.0421875 0.0546875
0 0.6546875 0.696875 0.065625 0.0984375
0 0.46640625 0.30390625 0.0484375 0.075
0 0.30234375 0.68125 0.0421875 0.059375
0 0.26796875 0.7796875 0.0359375 0.0609375
0 0.6359375 0.09140625 0.0359375 0.0578125
0 0.93828125 0.546875 0.046875 0.1015625