0 0.58125 0.4453125 0.0453125 0.1078125
0 0.55859375 0.67109375 0.034375 0.125
0 0.7140625 0.7078125 0.046875 0.0984375
0 0.61484375 0.68359375 0.034375 0.1
0 0.3453125 0.56484375 0.0375 0.1109375
0 0.409375 0.51171875 0.0421875 0.1109375
0 0.25 0.809375 0.0375 0.090625
0 0.29921875 0.81796875 0.040625 0.1078125
0 0.32109375 0.725 0.046875 0.1015625
0 0.31328125 0.9625 0.03125 0.0734375
0 0.55546875 0.26953125 0.0390625 0.0921875
0 0.79921875 0.14140625 0.04375 0.0953125
0 0.859375 0.4125 0.046875 0.134375