0 0.328125 0.55546875 0.084375 0.1375
0 0.509375 0.6328125 0.0703125 0.0765625
0 0.35546875 0.6703125 0.0625 0.10625
0 0.31640625 0.41796875 0.0640625 0.1140625
0 0.40859375 0.13515625 0.05 0.0859375
0 0.2796875 0.18125 0.0484375 0.090625
0 0.2140625 0.1328125 0.0515625 0.0828125
0 0.1984375 0.2125 0.0609375 0.1015625
0 0.1671875 0.15234375 0.04375 0.06875
0 0.0953125 0.35703125 0.053125 0.090625
0 0.196875 0.5859375 0.0546875 0.1140625
0 0.09921875 0.515625 0.0609375 0.103125
0 0.23828125 0.7859375 0.0515625 0.078125
0 0.07265625 0.78359375 0.0515625 0.08125
0 0.5859375 0.8125 0.059375 0.075
0 0.5765625 0.34140625 0.0515625 0.090625
0 0.33515625 0.89453125 0.0703125 0.09375
0 0.0671875 0.96953125 0.0515625 0.0609375
0 0.84765625 0.22734375 0.059375 0.109375