0 0.465625 0.55390625 0.128125 0.1703125
0 0.35703125 0.75546875 0.1703125 0.1765625
0 0.26484375 0.4609375 0.128125 0.15625
0 0.17109375 0.54375 0.1203125 0.121875
0 0.16953125 0.2671875 0.0953125 0.11875
0 0.51796875 0.1375 0.096875 0.1265625
0 0.39140625 0.16015625 0.1015625 0.1140625
0 0.7078125 0.26953125 0.0859375 0.0953125
0 0.65078125 0.446875 0.05625 0.0984375
0 0.73515625 0.5203125 0.0515625 0.0828125
0 0.575 0.72734375 0.10625 0.1375
0 0.6734375 0.7921875 0.0734375 0.103125
0 0.590625 0.8203125 0.0859375 0.090625
0 0.6578125 0.64609375 0.065625 0.0984375
0 0.75703125 0.69453125 0.109375 0.121875
0 0.88203125 0.76953125 0.0515625 0.0890625
0 0.95625 0.659375 0.065625 0.0953125
0 0.8265625 0.5265625 0.0703125 0.0890625
0 0.81328125 0.45703125 0.08125 0.0921875
0 0.23984375 0.06328125 0.0734375 0.1078125
0 0.09609375 0.06640625 0.0859375 0.1125
0 0.91953125 0.31953125 0.053125 0.0984375