0 0.5765625 0.315625 0.1078125 0.13125
0 0.4328125 0.21015625 0.1171875 0.1390625
0 0.515625 0.13359375 0.1 0.0890625
0 0.71640625 0.15390625 0.1375 0.1125
0 0.8546875 0.2765625 0.0984375 0.096875
0 0.75703125 0.2921875 0.090625 0.084375
0 0.91640625 0.45546875 0.078125 0.1109375
0 0.8046875 0.59140625 0.1359375 0.1203125
0 0.6734375 0.56015625 0.0984375 0.09375
0 0.55234375 0.51171875 0.09375 0.096875
0 0.35625 0.565625 0.1015625 0.0859375
0 0.3640625 0.35 0.0875 0.103125
0 0.19375 0.40625 0.090625 0.0828125
0 0.11640625 0.53984375 0.0953125 0.1046875
0 0.06328125 0.35234375 0.096875 0.1
0 0.6171875 0.7484375 0.1453125 0.115625
0 0.95 0.35390625 0.08125 0.103125