0 0.6046875 0.10859375 0.059375 0.090625
0 0.54765625 0.371875 0.0609375 0.090625
0 0.6109375 0.44921875 0.059375 0.1125
0 0.596875 0.721875 0.08125 0.13125
0 0.65625 0.8984375 0.059375 0.096875
0 0.92578125 0.9484375 0.053125 0.0703125
0 0.184375 0.80234375 0.075 0.10625
0 0.39296875 0.96640625 0.0640625 0.0671875
0 0.3640625 0.81875 0.0515625 0.0921875
0 0.4125 0.8265625 0.0515625 0.065625
0 0.40625 0.73125 0.06875 0.08125
0 0.40390625 0.37265625 0.0640625 0.1140625
0 0.3015625 0.121875 0.046875 0.09375
0 0.25390625 0.1 0.059375 0.0984375
0 0.36796875 0.03515625 0.04375 0.0703125
0 0.0578125 0.43046875 0.0484375 0.1125
0 0.01640625 0.046875 0.0328125 0.09375