0 0.5703125 0.57421875 0.040625 0.053125
0 0.45234375 0.72265625 0.0375 0.065625
0 0.6078125 0.24609375 0.03125 0.0453125
0 0.48515625 0.37734375 0.03125 0.0578125
0 0.51953125 0.35625 0.03125 0.05
0 0.23515625 0.428125 0.0296875 0.0296875
0 0.29921875 0.38515625 0.0375 0.0421875
0 0.29140625 0.321875 0.0265625 0.0375
0 0.346875 0.3328125 0.03125 0.046875
0 0.3078125 0.2859375 0.028125 0.04375
0 0.12421875 0.571875 0.0328125 0.0515625
0 0.03046875 0.803125 0.028125 0.0390625
0 0.04609375 0.76796875 0.0234375 0.0296875
0 0.0671875 0.7859375 0.01875 0.0328125
0 0.7765625 0.58359375 0.0375 0.04375
0 0.7828125 0.52734375 0.0328125 0.0421875
0 0.83203125 0.5796875 0.0375 0.04375
0 0.90390625 0.61875 0.0328125 0.0515625
0 0.8703125 0.7546875 0.0375 0.04375
0 0.90078125 0.72734375 0.03125 0.0546875
0 0.8453125 0.31328125 0.028125 0.0515625
0 0.8921875 0.4015625 0.021875 0.0421875
0 0.78515625 0.43046875 0.03125 0.0390625