0 0.04296875 0.77421875 0.0859375 0.2015625
0 0.16953125 0.59453125 0.078125 0.15
0 0.20859375 0.490625 0.0734375 0.140625
0 0.20703125 0.346875 0.0796875 0.165625
0 0.28046875 0.3046875 0.0640625 0.134375
0 0.434375 0.30390625 0.08125 0.16875
0 0.37734375 0.65078125 0.0578125 0.1125
0 0.50546875 0.61171875 0.071875 0.1578125
0 0.38515625 0.565625 0.0546875 0.109375
0 0.5609375 0.46015625 0.0671875 0.128125
0 0.53046875 0.25234375 0.071875 0.1484375
0 0.74296875 0.23125 0.078125 0.1578125
0 0.96953125 0.3765625 0.0609375 0.1875
0 0.9359375 0.58828125 0.109375 0.1375
0 0.94140625 0.85234375 0.0703125 0.165625
0 0.7546875 0.621875 0.0859375 0.16875