0 0.43984375 0.33671875 0.053125 0.0859375
0 0.06875 0.38984375 0.0671875 0.065625
0 0.13671875 0.37109375 0.059375 0.075
0 0.27734375 0.26171875 0.0875 0.0703125
0 0.41484375 0.20859375 0.05 0.0828125
0 0.49609375 0.32734375 0.059375 0.0984375
0 0.4796875 0.20625 0.0328125 0.09375
0 0.17734375 0.4703125 0.075 0.0921875
0 0.1265625 0.69609375 0.06875 0.075
0 0.19375 0.728125 0.065625 0.075
0 0.61015625 0.38046875 0.04375 0.0703125
0 0.56953125 0.1625 0.0578125 0.103125
0 0.63515625 0.20625 0.0734375 0.0875
0 0.6203125 0.6078125 0.0703125 0.1125
0 0.7890625 0.665625 0.0671875 0.0703125
0 0.75625 0.6203125 0.04375 0.08125
0 0.88125 0.65234375 0.0734375 0.075
0 0.9109375 0.4125 0.0515625 0.0859375