0 0.6296875 0.171875 0.034375 0.0640625
0 0.7046875 0.1359375 0.0515625 0.075
0 0.7515625 0.115625 0.040625 0.065625
0 0.8625 0.23203125 0.0328125 0.0671875
0 0.68828125 0.2625 0.0359375 0.0578125
0 0.35546875 0.54609375 0.0359375 0.078125
0 0.37109375 0.45859375 0.03125 0.0515625
0 0.346875 0.8609375 0.0421875 0.06875
0 0.62109375 0.47421875 0.034375 0.0640625
0 0.77734375 0.71953125 0.0359375 0.0703125
0 0.76171875 0.65078125 0.0375 0.0671875
0 0.365625 0.340625 0.03125 0.0640625
0 0.43671875 0.3953125 0.0328125 0.078125
0 0.5 0.4296875 0.028125 0.05
0 0.534375 0.47109375 0.028125 0.0546875
0 0.2796875 0.290625 0.0390625 0.053125
0 0.153125 0.259375 0.0328125 0.0609375