0 0.89609375 0.95859375 0.0671875 0.06875
0 0.7078125 0.97265625 0.06875 0.0546875
0 0.7078125 0.84453125 0.0625 0.05625
0 0.8515625 0.809375 0.0484375 0.0515625
0 0.96484375 0.79140625 0.05 0.059375
0 0.53828125 0.95078125 0.0875 0.0578125
0 0.5890625 0.7875 0.0578125 0.046875
0 0.5546875 0.85703125 0.065625 0.05625
0 0.71875 0.64375 0.0671875 0.0609375
0 0.69453125 0.721875 0.05 0.0453125
0 0.78515625 0.6921875 0.0796875 0.0546875
0 0.925 0.65390625 0.0734375 0.05625
0 0.5421875 0.67265625 0.0734375 0.05625
0 0.50859375 0.728125 0.0484375 0.040625
0 0.46953125 0.7875 0.0625 0.0671875
0 0.38984375 0.85078125 0.0625 0.0609375
0 0.35234375 0.81328125 0.046875 0.040625
0 0.18828125 0.95078125 0.0625 0.046875
0 0.11640625 0.85390625 0.0734375 0.075
0 0.10859375 0.7546875 0.0703125 0.0703125
0 0.02734375 0.77109375 0.0546875 0.0703125
0 0.384375 0.684375 0.0578125 0.0640625
0 0.32890625 0.70234375 0.0609375 0.05625
0 0.13828125 0.65234375 0.0546875 0.0734375
0 0.22265625 0.56640625 0.0578125 0.046875
0 0.39453125 0.58359375 0.0609375 0.059375
0 0.5265625 0.5109375 0.0671875 0.0609375
0 0.6484375 0.53984375 0.0640625 0.059375
0 0.63515625 0.60390625 0.0609375 0.053125
0 0.9546875 0.4875 0.0515625 0.05
0 0.946875 0.38125 0.0546875 0.05625
0 0.94453125 0.296875 0.0625 0.053125
0 0.971875 0.1453125 0.05625 0.065625
0 0.8984375 0.21796875 0.059375 0.065625
0 0.85625 0.53671875 0.0390625 0.04375
0 0.69375 0.4609375 0.0453125 0.0421875
0 0.6375 0.42890625 0.059375 0.05
0 0.68046875 0.31640625 0.0625 0.065625
0 0.728125 0.378125 0.0515625 0.0421875
0 0.821875 0.31953125 0.0390625 0.0421875
0 0.628125 0.275 0.05 0.0546875
0 0.5890625 0.35 0.0484375 0.0453125
0 0.55 0.37578125 0.0453125 0.05625
0 0.46328125 0.37421875 0.0640625 0.0625
0 0.43046875 0.446875 0.05625 0.065625
0 0.421875 0.2828125 0.0640625 0.0640625
0 0.559375 0.23125 0.046875 0.0515625
0 0.7421875 0.1734375 0.0453125 0.0515625
0 0.8671875 0.09921875 0.040625 0.05
0 0.78046875 0.0984375 0.040625 0.0453125
0 0.62265625 0.02890625 0.05 0.0578125
0 0.55625 0.06328125 0.0578125 0.0625
0 0.66328125 0.1125 0.0546875 0.0515625
0 0.33359375 0.18125 0.059375 0.0703125
0 0.28359375 0.3265625 0.0703125 0.0625
0 0.16484375 0.32578125 0.053125 0.059375
0 0.04375 0.390625 0.0625 0.0578125
0 0.05546875 0.1734375 0.0546875 0.0640625
0 0.0890625 0.03203125 0.05625 0.0640625
0 0.29453125 0.028125 0.0484375 0.05625
0 0.2671875 0.246875 0.059375 0.0546875
0 0.1796875 0.21171875 0.0546875 0.059375
0 0.1484375 0.13828125 0.0578125 0.053125