0 0.5375 0.75859375 0.0640625 0.1265625
0 0.81015625 0.6140625 0.0640625 0.0875
0 0.76015625 0.52734375 0.0484375 0.1125
0 0.7546875 0.5734375 0.06875 0.09375
0 0.66484375 0.0640625 0.0703125 0.1046875
0 0.6171875 0.1296875 0.053125 0.0875
0 0.4984375 0.215625 0.0640625 0.0890625
0 0.50234375 0.26953125 0.0609375 0.09375
0 0.50234375 0.40859375 0.0609375 0.10625
0 0.421875 0.596875 0.0515625 0.09375
0 0.1828125 0.7140625 0.0515625 0.0859375
0 0.20234375 0.91015625 0.0671875 0.115625
0 0.04609375 0.4953125 0.0515625 0.084375
0 0.02578125 0.65859375 0.0515625 0.09375
0 0.378125 0.1125 0.0484375 0.046875
0 0.36328125 0.16328125 0.0484375 0.0796875
0 0.25390625 0.2390625 0.065625 0.090625
0 0.25625 0.3953125 0.0578125 0.0890625
0 0.63515625 0.8609375 0.0625 0.0765625
0 0.5234375 0.95078125 0.0421875 0.0671875
0 0.1984375 0.21328125 0.053125 0.0890625