0 0.70625 0.53671875 0.0515625 0.0875
0 0.89140625 0.434375 0.04375 0.078125
0 0.8359375 0.39296875 0.0609375 0.0671875
0 0.97421875 0.2625 0.0359375 0.06875
0 0.92109375 0.09375 0.0578125 0.0671875
0 0.77109375 0.090625 0.053125 0.0953125
0 0.7109375 0.3640625 0.05 0.065625
0 0.5390625 0.7125 0.0359375 0.090625
0 0.10625 0.89609375 0.05 0.08125
0 0.03203125 0.725 0.04375 0.090625
0 0.0203125 0.44140625 0.040625 0.0953125
0 0.19140625 0.3171875 0.0578125 0.1015625
0 0.3078125 0.25703125 0.06875 0.0796875
0 0.88046875 0.72109375 0.040625 0.0828125
0 0.75390625 0.865625 0.053125 0.0796875
0 0.98203125 0.515625 0.0359375 0.071875