0 0.84765625 0.5796875 0.1125 0.0546875
0 0.5296875 0.53984375 0.121875 0.09375
0 0.83515625 0.675 0.1140625 0.0625
0 0.853125 0.4265625 0.0875 0.059375
0 0.7859375 0.36875 0.09375 0.0546875
0 0.84765625 0.33203125 0.0953125 0.040625
0 0.86640625 0.26171875 0.0984375 0.059375
0 0.8328125 0.10859375 0.1140625 0.075
0 0.9296875 0.08984375 0.1140625 0.065625
0 0.56015625 0.8265625 0.078125 0.046875
0 0.5609375 0.771875 0.090625 0.04375
0 0.92890625 0.74296875 0.0875 0.0515625
0 0.9265625 0.8375 0.078125 0.053125
0 0.6859375 0.97578125 0.1015625 0.046875
0 0.66328125 0.92109375 0.090625 0.0625