0 0.325 0.54765625 0.078125 0.0953125
0 0.32578125 0.2578125 0.078125 0.0828125
0 0.32109375 0.05234375 0.078125 0.1
0 0.66796875 0.06015625 0.1 0.0671875
0 0.57578125 0.0625 0.0921875 0.065625
0 0.64375 0.3109375 0.0703125 0.078125
0 0.58984375 0.33046875 0.08125 0.053125
0 0.46328125 0.1890625 0.0703125 0.059375
0 0.48203125 0.546875 0.08125 0.078125
0 0.32109375 0.75390625 0.071875 0.075
0 0.4125 0.77109375 0.0671875 0.0671875
0 0.465625 0.69140625 0.0578125 0.071875
0 0.40703125 0.6953125 0.059375 0.0640625