0 0.39140625 0.48125 0.0859375 0.125
0 0.475 0.46328125 0.0671875 0.121875
0 0.61484375 0.503125 0.0890625 0.1671875
0 0.72421875 0.49765625 0.05625 0.0734375
0 0.70234375 0.43515625 0.040625 0.075
0 0.678125 0.40625 0.0375 0.0609375
0 0.55390625 0.58671875 0.04375 0.0890625
0 0.5046875 0.596875 0.046875 0.06875
0 0.4578125 0.6015625 0.04375 0.06875
0 0.41484375 0.62890625 0.0359375 0.053125
0 0.54921875 0.659375 0.04375 0.078125
0 0.51171875 0.659375 0.04375 0.078125
0 0.6828125 0.628125 0.0515625 0.0546875
0 0.63125 0.6796875 0.053125 0.0890625
0 0.5859375 0.7140625 0.0515625 0.0671875
0 0.33203125 0.5515625 0.0375 0.0796875