0 0.390625 0.04453125 0.0640625 0.0703125
0 0.9828125 0.13203125 0.034375 0.059375
0 0.91015625 0.16015625 0.0421875 0.0515625
0 0.9609375 0.29375 0.0375 0.0734375
0 0.95234375 0.2484375 0.0484375 0.0609375
0 0.975 0.44921875 0.05 0.0671875
0 0.9765625 0.39140625 0.046875 0.071875
0 0.98359375 0.36484375 0.0328125 0.0390625
0 0.921875 0.4015625 0.053125 0.040625
0 0.83046875 0.3859375 0.0421875 0.0671875
0 0.80625 0.3875 0.0359375 0.0671875
0 0.79921875 0.328125 0.046875 0.065625
0 0.86484375 0.34453125 0.05 0.0578125
0 0.82890625 0.23828125 0.0484375 0.0796875
0 0.7078125 0.28125 0.05 0.06875
0 0.6578125 0.40390625 0.0703125 0.0625
0 0.68203125 0.34921875 0.053125 0.0453125
0 0.95078125 0.490625 0.0671875 0.0609375
0 0.834375 0.57890625 0.0515625 0.065625
0 0.90703125 0.5203125 0.053125 0.0546875
0 0.73515625 0.52421875 0.059375 0.0703125
0 0.84609375 0.48203125 0.0546875 0.0609375
0 0.80859375 0.475 0.04375 0.0515625
0 0.60546875 0.590625 0.075 0.0703125
0 0.69375 0.69609375 0.0515625 0.0546875
0 0.76875 0.6 0.0703125 0.06875
0 0.82890625 0.8421875 0.0671875 0.0765625
0 0.93203125 0.7828125 0.0609375 0.059375
0 0.61953125 0.871875 0.0640625 0.0703125
0 0.71328125 0.9296875 0.05625 0.075
0 0.590625 0.971875 0.075 0.05625
0 0.640625 0.9734375 0.046875 0.053125
0 0.55546875 0.80703125 0.065625 0.1265625
0 0.45859375 0.55234375 0.0734375 0.096875
0 0.4921875 0.61015625 0.0609375 0.075
0 0.49296875 0.8015625 0.0578125 0.0671875
0 0.4578125 0.79609375 0.0578125 0.059375
0 0.46875 0.7546875 0.059375 0.059375
0 0.45625 0.69375 0.0546875 0.0703125
0 0.39765625 0.8171875 0.05 0.065625
0 0.32265625 0.878125 0.075 0.0984375
0 0.27578125 0.8296875 0.059375 0.0625
0 0.2171875 0.8359375 0.0546875 0.0765625
0 0.184375 0.965625 0.084375 0.06875
0 0.17265625 0.9046875 0.0625 0.08125
0 0.140625 0.8671875 0.0578125 0.0546875
0 0.05078125 0.953125 0.0484375 0.0765625
0 0.0265625 0.89609375 0.0484375 0.0703125
0 0.04140625 0.81640625 0.0640625 0.0859375
0 0.0890625 0.86015625 0.0609375 0.078125
0 0.0703125 0.75 0.0640625 0.071875
0 0.1125 0.72734375 0.0609375 0.0796875
0 0.16015625 0.69140625 0.0609375 0.0875
0 0.21171875 0.6828125 0.059375 0.0671875
0 0.16796875 0.49921875 0.0453125 0.065625
0 0.08203125 0.59375 0.040625 0.0703125
0 0.07578125 0.55 0.0625 0.0703125
0 0.12734375 0.60390625 0.0390625 0.0734375
0 0.33984375 0.54453125 0.0515625 0.078125
0 0.2984375 0.5640625 0.0453125 0.0703125
0 0.24140625 0.36171875 0.065625 0.0625
0 0.11171875 0.35390625 0.0421875 0.0671875
0 0.034375 0.35703125 0.0484375 0.0625
0 0.359375 0.39375 0.0765625 0.0671875