0 0.5921875 0.61953125 0.0390625 0.0640625
0 0.55390625 0.603125 0.05625 0.0890625
0 0.465625 0.6953125 0.053125 0.090625
0 0.46796875 0.78984375 0.0453125 0.0640625
0 0.41328125 0.83046875 0.0328125 0.059375
0 0.11875 0.7265625 0.05 0.0890625
0 0.20234375 0.58515625 0.06875 0.078125
0 0.26328125 0.2171875 0.040625 0.0640625
0 0.17421875 0.2296875 0.0453125 0.078125
0 0.059375 0.33359375 0.0359375 0.0578125
0 0.0484375 0.4296875 0.0421875 0.05625
0 0.05 0.71015625 0.034375 0.046875
0 0.8328125 0.4609375 0.06875 0.1015625
0 0.978125 0.628125 0.04375 0.078125
0 0.98359375 0.8265625 0.0328125 0.0640625
0 0.94296875 0.7609375 0.05 0.0703125
0 0.90859375 0.69140625 0.0390625 0.053125
0 0.84921875 0.63984375 0.0390625 0.0703125
0 0.9109375 0.79765625 0.05 0.0578125
0 0.8484375 0.76015625 0.0359375 0.0578125
0 0.79609375 0.559375 0.040625 0.0546875
0 0.75546875 0.60390625 0.0390625 0.0640625
0 0.74296875 0.73984375 0.025 0.046875
0 0.73984375 0.64765625 0.0296875 0.0390625
0 0.775 0.4296875 0.0484375 0.059375
0 0.5484375 0.45390625 0.0390625 0.0828125
0 0.5375 0.07890625 0.0421875 0.0546875
0 0.634375 0.0296875 0.046875 0.059375
0 0.9453125 0.19609375 0.09375 0.08125
0 0.92578125 0.096875 0.040625 0.0421875
0 0.85703125 0.0921875 0.04375 0.059375
0 0.9078125 0.25 0.04375 0.053125
0 0.87265625 0.26953125 0.0296875 0.046875
0 0.78359375 0.33671875 0.05 0.0609375
0 0.796875 0.23515625 0.025 0.0359375
0 0.92109375 0.01796875 0.034375 0.0359375
0 0.8640625 0.02109375 0.0421875 0.0421875