0 0.28671875 0.82890625 0.078125 0.065625
0 0.50625 0.80390625 0.115625 0.06875
0 0.35 0.6875 0.103125 0.0609375
0 0.2265625 0.68125 0.084375 0.0546875
0 0.2453125 0.5046875 0.071875 0.06875
0 0.21953125 0.43515625 0.06875 0.04375
0 0.0359375 0.3734375 0.071875 0.06875
0 0.19375 0.35390625 0.075 0.0421875
0 0.5921875 0.42421875 0.090625 0.053125
0 0.665625 0.34375 0.090625 0.053125
0 0.953125 0.7015625 0.09375 0.0671875
0 0.93046875 0.53984375 0.0859375 0.0484375
0 0.88984375 0.60390625 0.0640625 0.046875
0 0.803125 0.60546875 0.08125 0.0734375
0 0.69140625 0.5875 0.05625 0.05
0 0.88671875 0.46640625 0.06875 0.0515625
0 0.8546875 0.5109375 0.08125 0.05
0 0.89140625 0.34140625 0.0703125 0.0453125
0 0.79765625 0.884375 0.0703125 0.0578125
0 0.74453125 0.94296875 0.071875 0.0609375
0 0.5796875 0.9578125 0.10625 0.046875
0 0.17265625 0.815625 0.0453125 0.0453125
0 0.12890625 0.82734375 0.053125 0.046875
0 0.8140625 0.66640625 0.08125 0.0515625
0 0.8203125 0.7234375 0.0890625 0.0578125
0 0.26640625 0.5984375 0.0625 0.0625
0 0.1828125 0.5890625 0.0625 0.05
0 0.134375 0.52421875 0.0546875 0.040625
0 0.11015625 0.5484375 0.0578125 0.0375
0 0.95703125 0.81796875 0.0859375 0.0625
0 0.453125 0.91484375 0.0578125 0.05625
0 0.2671875 0.10625 0.0875 0.0484375
0 0.03203125 0.1734375 0.0640625 0.05
0 0.9421875 0.13125 0.0671875 0.053125