0 0.15859375 0.23359375 0.1203125 0.06875
0 0.30234375 0.159375 0.125 0.05625
0 0.0328125 0.2765625 0.065625 0.0734375
0 0.05703125 0.8375 0.1140625 0.078125
0 0.72890625 0.50234375 0.0953125 0.0671875
0 0.640625 0.63828125 0.1203125 0.075
0 0.85390625 0.1765625 0.1046875 0.0953125
0 0.9484375 0.06953125 0.103125 0.0765625
0 0.48125 0.33828125 0.0890625 0.0640625
0 0.48359375 0.16015625 0.1 0.0765625
0 0.51328125 0.05 0.0578125 0.0703125
0 0.5828125 0.1296875 0.090625 0.071875
0 0.60078125 0.02734375 0.078125 0.0546875
0 0.53125 0.2171875 0.0890625 0.065625
0 0.31328125 0.22890625 0.1234375 0.0734375
0 0.8828125 0.54921875 0.084375 0.0484375
0 0.5765625 0.5515625 0.090625 0.059375
0 0.5578125 0.4640625 0.0984375 0.0625
0 0.64453125 0.42265625 0.096875 0.05625
0 0.70390625 0.37578125 0.090625 0.0578125
0 0.82734375 0.39921875 0.078125 0.0546875
0 0.8859375 0.6375 0.0703125 0.0578125
0 0.67734375 0.94765625 0.0796875 0.0609375
0 0.0984375 0.5140625 0.1109375 0.0890625
0 0.08359375 0.7140625 0.1046875 0.065625
0 0.4453125 0.64765625 0.0953125 0.0625