0 0.59453125 0.60234375 0.078125 0.125
0 0.55234375 0.45078125 0.071875 0.13125
0 0.3609375 0.215625 0.0546875 0.1125
0 0.4578125 0.17734375 0.0609375 0.13125
0 0.02578125 0.3984375 0.0515625 0.1140625
0 0.10078125 0.234375 0.0890625 0.103125
0 0.20625 0.153125 0.06875 0.1140625
0 0.2015625 0.46953125 0.075 0.1375
0 0.12734375 0.36484375 0.084375 0.13125
0 0.040625 0.66015625 0.08125 0.1390625
0 0.22265625 0.703125 0.0828125 0.0890625
0 0.25859375 0.796875 0.0765625 0.1171875
0 0.3296875 0.759375 0.071875 0.0984375
0 0.57890625 0.803125 0.0828125 0.0984375
0 0.71640625 0.75234375 0.0671875 0.090625
0 0.571875 0.2078125 0.0703125 0.0984375
0 0.6140625 0.24609375 0.0625 0.0796875
0 0.40625 0.375 0.0734375 0.075
0 0.73984375 0.46328125 0.059375 0.0859375
0 0.73828125 0.32734375 0.05625 0.0828125
0 0.78671875 0.39375 0.046875 0.08125
0 0.79609375 0.29765625 0.0546875 0.103125
0 0.8171875 0.471875 0.0546875 0.1109375
0 0.81171875 0.17734375 0.071875 0.115625
0 0.74453125 0.646875 0.059375 0.09375
0 0.8109375 0.65 0.046875 0.0859375
0 0.91640625 0.503125 0.0671875 0.0859375
0 0.84375 0.7765625 0.065625 0.1015625
0 0.90625 0.76171875 0.0609375 0.0875