0 0.21875 0.48984375 0.1046875 0.10625
0 0.54375 0.6390625 0.109375 0.075
0 0.73046875 0.5921875 0.10625 0.0609375
0 0.5421875 0.871875 0.1125 0.1296875
0 0.5546875 0.77421875 0.09375 0.0609375
0 0.69609375 0.74140625 0.10625 0.0828125
0 0.69765625 0.7359375 0.0859375 0.053125
0 0.7234375 0.678125 0.0671875 0.0546875
0 0.221875 0.7890625 0.096875 0.1078125
0 0.3265625 0.69375 0.0875 0.078125
0 0.26015625 0.38671875 0.10625 0.1078125
0 0.45625 0.0921875 0.090625 0.08125
0 0.58125 0.284375 0.1015625 0.15