0 0.30546875 0.51484375 0.0671875 0.140625
0 0.340625 0.42734375 0.065625 0.15625
0 0.134375 0.31953125 0.090625 0.1703125
0 0.415625 0.265625 0.06875 0.16875
0 0.6421875 0.2765625 0.0546875 0.1625
0 0.73515625 0.290625 0.05625 0.125
0 0.71484375 0.06796875 0.08125 0.1359375
0 0.2390625 0.2140625 0.103125 0.15
0 0.38203125 0.0578125 0.0765625 0.115625
0 0.509375 0.05546875 0.075 0.1109375
0 0.6484375 0.80078125 0.071875 0.128125
0 0.51015625 0.76171875 0.06875 0.0875
0 0.64609375 0.7171875 0.084375 0.1328125
0 0.428125 0.6546875 0.0796875 0.128125
0 0.0546875 0.6109375 0.109375 0.2