0 0.5 0.090625 0.0671875 0.1390625
0 0.4796875 0.540625 0.059375 0.08125
0 0.5734375 0.28203125 0.046875 0.0859375
0 0.5671875 0.33828125 0.046875 0.090625
0 0.5625 0.39921875 0.0453125 0.084375
0 0.58984375 0.4640625 0.04375 0.0703125
0 0.73359375 0.403125 0.0359375 0.0703125
0 0.81484375 0.42265625 0.0328125 0.075
0 0.721875 0.65625 0.046875 0.0921875
0 0.8453125 0.66015625 0.05625 0.0859375
0 0.40078125 0.79453125 0.0625 0.0796875
0 0.259375 0.1015625 0.075 0.1
0 0.14453125 0.040625 0.0421875 0.08125