0 0.9734375 0.54609375 0.0453125 0.0703125
0 0.8609375 0.5625 0.040625 0.128125
0 0.75234375 0.78203125 0.046875 0.1125
0 0.33359375 0.6546875 0.028125 0.0765625
0 0.1703125 0.478125 0.0296875 0.1015625
0 0.3609375 0.23203125 0.059375 0.109375
0 0.56015625 0.3953125 0.0328125 0.0671875
0 0.6484375 0.31328125 0.03125 0.059375
0 0.70234375 0.35078125 0.0265625 0.065625
0 0.6484375 0.4109375 0.0296875 0.0625
0 0.61875 0.3421875 0.028125 0.0546875
0 0.67421875 0.165625 0.028125 0.053125
0 0.62109375 0.2296875 0.0265625 0.053125
0 0.74609375 0.23515625 0.025 0.0515625
0 0.70703125 0.5140625 0.0359375 0.065625
0 0.61640625 0.54375 0.03125 0.0515625
0 0.59765625 0.59375 0.021875 0.05625
0 0.70859375 0.73515625 0.034375 0.0625
0 0.65859375 0.74375 0.028125 0.0546875
0 0.70703125 0.79296875 0.03125 0.0546875
0 0.70625 0.93125 0.028125 0.059375
0 0.621875 0.92109375 0.0203125 0.05625
0 0.50390625 0.796875 0.025 0.0625
0 0.534375 0.63515625 0.025 0.071875
0 0.50546875 0.69921875 0.028125 0.046875
0 0.4640625 0.784375 0.0265625 0.053125
0 0.5046875 0.8625 0.0265625 0.0484375
0 0.47578125 0.54375 0.028125 0.0578125
0 0.4703125 0.2828125 0.028125 0.065625
0 0.540625 0.12890625 0.0265625 0.0546875
0 0.540625 0.171875 0.0296875 0.05
0 0.5328125 0.24296875 0.03125 0.059375
0 0.509375 0.3109375 0.028125 0.059375
0 0.5359375 0.3515625 0.0296875 0.05
0 0.4890625 0.03828125 0.0359375 0.0703125
0 0.6203125 0.084375 0.0296875 0.0671875
0 0.075 0.32421875 0.034375 0.0765625
0 0.05546875 0.0796875 0.0328125 0.0671875