0 0.04453125 0.0828125 0.0890625 0.06875
0 0.0296875 0.0234375 0.059375 0.0421875
0 0.09609375 0.01328125 0.06875 0.0265625
0 0.30625 0.01953125 0.0859375 0.0390625
0 0.37890625 0.01796875 0.059375 0.03125
0 0.528125 0.0703125 0.0734375 0.0453125
0 0.46484375 0.0484375 0.0546875 0.0484375
0 0.67890625 0.04296875 0.0671875 0.0375
0 0.75625 0.0640625 0.05625 0.0390625
0 0.7484375 0.1796875 0.071875 0.040625
0 0.7828125 0.1453125 0.06875 0.0421875
0 0.81171875 0.075 0.075 0.04375
0 0.81796875 0.0375 0.0578125 0.034375
0 0.88671875 0.04375 0.0703125 0.0421875
0 0.66875 0.28203125 0.0640625 0.034375
0 0.7953125 0.2828125 0.059375 0.0359375
0 0.77734375 0.2484375 0.0578125 0.0484375
0 0.85859375 0.18125 0.0609375 0.046875
0 0.94609375 0.1546875 0.0765625 0.04375
0 0.03671875 0.1859375 0.0515625 0.0453125
0 0.14375 0.1546875 0.0515625 0.0484375
0 0.16328125 0.11953125 0.0484375 0.0359375
0 0.225 0.2515625 0.071875 0.0421875
0 0.20546875 0.18828125 0.05625 0.046875
0 0.2546875 0.12578125 0.065625 0.0375
0 0.06171875 0.39296875 0.075 0.0421875
0 0.028125 0.3390625 0.05625 0.0453125
0 0.11796875 0.37578125 0.0765625 0.046875
0 0.128125 0.3328125 0.0578125 0.03125
0 0.5265625 0.44140625 0.059375 0.05
0 0.50546875 0.38125 0.053125 0.0421875
0 0.58828125 0.3796875 0.059375 0.0453125
0 0.65859375 0.3640625 0.075 0.05
0 0.55078125 0.30625 0.0484375 0.040625
0 0.2828125 0.3203125 0.05625 0.046875
0 0.32265625 0.27578125 0.0640625 0.0390625
0 0.35703125 0.23046875 0.0703125 0.0375
0 0.1125 0.4953125 0.0703125 0.0453125
0 0.1859375 0.5359375 0.071875 0.0515625
0 0.15390625 0.47265625 0.0609375 0.040625
0 0.25546875 0.45390625 0.08125 0.0515625
0 0.33828125 0.4046875 0.0703125 0.053125
0 0.36015625 0.31875 0.0609375 0.0328125
0 0.40546875 0.25625 0.065625 0.0390625
0 0.65 0.4484375 0.0484375 0.0328125
0 0.72578125 0.44921875 0.0375 0.0421875
0 0.7234375 0.39375 0.075 0.0375
0 0.8421875 0.36640625 0.06875 0.0515625
0 0.9703125 0.3625 0.059375 0.053125
0 0.5578125 0.5515625 0.0625 0.0421875
0 0.78203125 0.5890625 0.0703125 0.04375
0 0.7890625 0.50703125 0.0671875 0.0390625
0 0.86328125 0.45859375 0.078125 0.0421875
0 0.94765625 0.4484375 0.0578125 0.0390625
0 0.375 0.55234375 0.084375 0.0484375
0 0.24453125 0.66328125 0.0640625 0.04375
0 0.2828125 0.63515625 0.0625 0.046875
0 0.0390625 0.63828125 0.078125 0.0453125
0 0.309375 0.725 0.0546875 0.028125
0 0.38984375 0.65 0.075 0.040625
0 0.46171875 0.6390625 0.0703125 0.0390625
0 0.559375 0.67890625 0.065625 0.05
0 0.68203125 0.5984375 0.0671875 0.0359375
0 0.58828125 0.7671875 0.065625 0.028125
0 0.7203125 0.73125 0.0796875 0.0390625
0 0.753125 0.69296875 0.0578125 0.0359375
0 0.84140625 0.6765625 0.075 0.0375
0 0.97890625 0.83984375 0.0421875 0.0453125
0 0.825 0.8234375 0.065625 0.0375
0 0.6625 0.91796875 0.0828125 0.040625
0 0.40546875 0.8375 0.053125 0.0296875