0 0.60625 0.28046875 0.046875 0.0765625
0 0.509375 0.11953125 0.0421875 0.065625
0 0.55859375 0.14140625 0.0375 0.065625
0 0.42890625 0.3640625 0.05625 0.0625
0 0.3390625 0.4375 0.0609375 0.065625
0 0.609375 0.80859375 0.065625 0.0734375
0 0.34765625 0.55703125 0.0453125 0.04375
0 0.1171875 0.30078125 0.04375 0.06875
0 0.15859375 0.37890625 0.0609375 0.0546875
0 0.6515625 0.37734375 0.0546875 0.059375
0 0.709375 0.5515625 0.053125 0.0640625
0 0.78984375 0.1390625 0.05625 0.0609375
0 0.04921875 0.4953125 0.0421875 0.0515625
0 0.19453125 0.803125 0.0546875 0.0625
0 0.2765625 0.84609375 0.0546875 0.0609375
0 0.86015625 0.82109375 0.0453125 0.0640625
0 0.93046875 0.609375 0.040625 0.0640625
0 0.92421875 0.20078125 0.05 0.0484375
0 0.9203125 0.303125 0.0421875 0.05625
0 0.53046875 0.5921875 0.0484375 0.059375
0 0.46328125 0.753125 0.0453125 0.040625