0 0.72578125 0.43046875 0.121875 0.1171875
0 0.26015625 0.29765625 0.1515625 0.103125
0 0.31875 0.38359375 0.1015625 0.084375
0 0.2484375 0.43671875 0.1140625 0.1109375
0 0.34453125 0.4625 0.1046875 0.0875
0 0.34921875 0.58125 0.103125 0.109375
0 0.50703125 0.59609375 0.1171875 0.0984375
0 0.70703125 0.5828125 0.125 0.1015625
0 0.75859375 0.7109375 0.115625 0.0921875
0 0.34453125 0.8578125 0.1453125 0.09375
0 0.078125 0.915625 0.134375 0.1671875
0 0.42421875 0.24296875 0.1234375 0.0921875
0 0.4828125 0.31953125 0.0796875 0.0890625
0 0.528125 0.25859375 0.1265625 0.0828125
0 0.571875 0.3234375 0.1140625 0.0828125
0 0.640625 0.2609375 0.1015625 0.09375
0 0.72734375 0.340625 0.121875 0.065625
0 0.51171875 0.425 0.1 0.0796875
0 0.92109375 0.60625 0.115625 0.0984375
0 0.459375 0.79140625 0.1328125 0.1125
0 0.515625 0.06796875 0.1390625 0.078125
0 0.20078125 0.578125 0.165625 0.1171875
0 0.41953125 0.703125 0.1078125 0.0953125
0 0.23515625 0.6890625 0.115625 0.0984375