0 0.66796875 0.62421875 0.0484375 0.0859375
0 0.8953125 0.73203125 0.046875 0.0671875
0 0.73828125 0.51484375 0.04375 0.0609375
0 0.63515625 0.525 0.05 0.0703125
0 0.671875 0.40703125 0.040625 0.084375
0 0.74375 0.315625 0.04375 0.065625
0 0.7453125 0.20234375 0.046875 0.053125
0 0.3390625 0.584375 0.046875 0.0703125
0 0.3921875 0.40078125 0.046875 0.096875
0 0.34765625 0.3890625 0.0453125 0.075
0 0.33125 0.71796875 0.0390625 0.0703125
0 0.1875 0.6859375 0.0546875 0.071875
0 0.11484375 0.6625 0.0375 0.0703125
0 0.19453125 0.46640625 0.0546875 0.0796875