0 0.66640625 0.6546875 0.0734375 0.1421875
0 0.5390625 0.65 0.05625 0.1171875
0 0.41484375 0.484375 0.0546875 0.109375
0 0.29765625 0.490625 0.046875 0.0796875
0 0.66875 0.4453125 0.0703125 0.10625
0 0.9234375 0.4578125 0.084375 0.090625
0 0.5984375 0.20859375 0.0765625 0.096875
0 0.05703125 0.3046875 0.0625 0.1140625
0 0.22421875 0.853125 0.05625 0.1015625
0 0.2109375 0.9375 0.0765625 0.096875
0 0.77265625 0.95703125 0.071875 0.0859375
0 0.45078125 0.71171875 0.04375 0.0921875
0 0.20078125 0.5953125 0.0578125 0.1078125
0 0.04765625 0.546875 0.05 0.0859375