0 0.54140625 0.53359375 0.05625 0.1203125
0 0.45859375 0.821875 0.0515625 0.0796875
0 0.72265625 0.8109375 0.0515625 0.0734375
0 0.73984375 0.5890625 0.0390625 0.0625
0 0.709375 0.509375 0.0390625 0.0546875
0 0.98203125 0.5140625 0.0359375 0.065625
0 0.98046875 0.91953125 0.034375 0.0453125
0 0.76015625 0.3203125 0.04375 0.053125
0 0.34140625 0.13125 0.0453125 0.0640625
0 0.3203125 0.0390625 0.0390625 0.06875
0 0.0390625 0.1578125 0.040625 0.0734375
0 0.23828125 0.703125 0.03125 0.065625
0 0.0359375 0.771875 0.034375 0.05625
0 0.28828125 0.7796875 0.0421875 0.0546875
0 0.29296875 0.85859375 0.0328125 0.053125
0 0.28828125 0.940625 0.0359375 0.05625
0 0.51875 0.38359375 0.034375 0.0546875