0 0.41328125 0.16484375 0.053125 0.084375
0 0.46328125 0.20078125 0.0390625 0.0703125
0 0.49453125 0.1671875 0.0453125 0.075
0 0.44296875 0.62421875 0.05 0.09375
0 0.49453125 0.60078125 0.046875 0.078125
0 0.4796875 0.52734375 0.040625 0.0609375
0 0.39375 0.6078125 0.0578125 0.096875
0 0.43828125 0.49375 0.0421875 0.0671875
0 0.46953125 0.4484375 0.0453125 0.0734375
0 0.50546875 0.48125 0.0484375 0.096875
0 0.76484375 0.040625 0.053125 0.08125
0 0.8796875 0.2984375 0.04375 0.0703125
0 0.87734375 0.2453125 0.0421875 0.0703125
0 0.7953125 0.4359375 0.0390625 0.0640625
0 0.86796875 0.53203125 0.05 0.0703125
0 0.88359375 0.46171875 0.0484375 0.06875
0 0.88671875 0.6859375 0.05 0.0828125
0 0.88359375 0.59609375 0.0421875 0.0828125
0 0.86640625 0.83125 0.05625 0.09375
0 0.8640625 0.96875 0.0546875 0.0625
0 0.49921875 0.9328125 0.05 0.0734375
0 0.5046875 0.8265625 0.0390625 0.0640625
0 0.5609375 0.925 0.0515625 0.0796875
0 0.40234375 0.96875 0.0484375 0.0625