0 0.91640625 0.24921875 0.096875 0.234375
0 0.77265625 0.25 0.0984375 0.175
0 0.7796875 0.09375 0.165625 0.1390625
0 0.64375 0.14296875 0.10625 0.2171875
0 0.46640625 0.31796875 0.1171875 0.1921875
0 0.33984375 0.38828125 0.075 0.134375
0 0.31484375 0.24140625 0.1234375 0.175
0 0.20234375 0.3140625 0.10625 0.1546875
0 0.08203125 0.3109375 0.115625 0.203125
0 0.08203125 0.16875 0.10625 0.1609375
0 0.1609375 0.05390625 0.1109375 0.1078125
0 0.253125 0.1046875 0.1125 0.15
0 0.33671875 0.059375 0.075 0.0953125
0 0.1625 0.42734375 0.0890625 0.1515625
0 0.45078125 0.5515625 0.0890625 0.1234375
0 0.42421875 0.67421875 0.0875 0.11875
0 0.67890625 0.58125 0.09375 0.1734375
0 0.81953125 0.49765625 0.0859375 0.184375
0 0.7734375 0.39921875 0.08125 0.121875
0 0.6546875 0.41640625 0.0671875 0.11875
0 0.5859375 0.4515625 0.08125 0.1296875
0 0.575 0.55 0.06875 0.1234375
0 0.78671875 0.80859375 0.0578125 0.13125
0 0.84140625 0.66171875 0.0984375 0.1265625
0 0.9484375 0.58984375 0.103125 0.16875
0 0.8625 0.76484375 0.0609375 0.1359375
0 0.8984375 0.9453125 0.0765625 0.109375