0 0.63125 0.6484375 0.05625 0.1078125
0 0.55234375 0.46875 0.0640625 0.1
0 0.2 0.7421875 0.0484375 0.115625
0 0.23671875 0.321875 0.0359375 0.0828125
0 0.3515625 0.83515625 0.0421875 0.065625
0 0.35 0.93203125 0.028125 0.0578125
0 0.39375 0.93125 0.0234375 0.065625
0 0.43125 0.90078125 0.03125 0.0671875
0 0.46796875 0.9578125 0.0421875 0.0765625
0 0.6796875 0.9609375 0.040625 0.078125
0 0.721875 0.90078125 0.0359375 0.071875
0 0.75546875 0.92734375 0.0359375 0.0625
0 0.79609375 0.84609375 0.0375 0.06875
0 0.8 0.9359375 0.0390625 0.0640625
0 0.95546875 0.75 0.0375 0.075
0 0.921875 0.31640625 0.034375 0.078125
0 0.615625 0.31015625 0.034375 0.075