0 0.60078125 0.315625 0.0578125 0.0921875
0 0.86953125 0.1265625 0.040625 0.0609375
0 0.8453125 0.2078125 0.053125 0.075
0 0.60703125 0.57578125 0.0484375 0.0828125
0 0.53515625 0.421875 0.0421875 0.0921875
0 0.4609375 0.41796875 0.046875 0.0828125
0 0.54609375 0.253125 0.0359375 0.071875
0 0.3453125 0.0359375 0.04375 0.071875
0 0.3421875 0.14375 0.0515625 0.0796875
0 0.25 0.1453125 0.034375 0.0765625
0 0.33828125 0.38203125 0.040625 0.0609375
0 0.34140625 0.46484375 0.046875 0.0859375
0 0.25390625 0.346875 0.0328125 0.0671875