0 0.66796875 0.37578125 0.0484375 0.0859375
0 0.8953125 0.26796875 0.046875 0.0671875
0 0.73828125 0.48515625 0.04375 0.0609375
0 0.63515625 0.475 0.05 0.0703125
0 0.671875 0.59296875 0.040625 0.084375
0 0.74375 0.684375 0.04375 0.065625
0 0.7453125 0.79765625 0.046875 0.053125
0 0.3390625 0.415625 0.046875 0.0703125
0 0.3921875 0.59921875 0.046875 0.096875
0 0.34765625 0.6109375 0.0453125 0.075
0 0.33125 0.28203125 0.0390625 0.0703125
0 0.1875 0.3140625 0.0546875 0.071875
0 0.11484375 0.3375 0.0375 0.0703125
0 0.19453125 0.53359375 0.0546875 0.0796875