0 0.39296875 0.3171875 0.046875 0.084375
0 0.4671875 0.3734375 0.0484375 0.0890625
0 0.70078125 0.4953125 0.0421875 0.078125
0 0.7296875 0.53828125 0.05 0.08125
0 0.834375 0.7859375 0.05625 0.075
0 0.6546875 0.87890625 0.05 0.0796875
0 0.8890625 0.82421875 0.0515625 0.0609375
0 0.86171875 0.6640625 0.053125 0.0859375
0 0.86953125 0.56328125 0.040625 0.065625
0 0.88359375 0.26640625 0.05 0.1125
0 0.7625 0.15625 0.0484375 0.0796875
0 0.56953125 0.0453125 0.0609375 0.090625
0 0.521875 0.22109375 0.05625 0.090625
0 0.45234375 0.65078125 0.04375 0.065625