0 0.1484375 0.50703125 0.084375 0.084375
0 0.04375 0.34140625 0.0640625 0.0625
0 0.12890625 0.37734375 0.0609375 0.05
0 0.16015625 0.415625 0.0640625 0.0484375
0 0.19609375 0.3609375 0.0703125 0.0578125
0 0.1328125 0.32578125 0.0671875 0.0703125
0 0.340625 0.25234375 0.084375 0.0640625
0 0.1578125 0.20234375 0.075 0.059375
0 0.1125 0.17265625 0.065625 0.0546875
0 0.3046875 0.13984375 0.06875 0.0640625
0 0.45390625 0.203125 0.053125 0.05
0 0.45078125 0.1625 0.0671875 0.0546875
0 0.4796875 0.23671875 0.0453125 0.0390625
0 0.3078125 0.09140625 0.0515625 0.059375
0 0.365625 0.11015625 0.059375 0.05
0 0.18671875 0.07265625 0.06875 0.0625
0 0.04765625 0.04375 0.06875 0.0609375
0 0.878125 0.5671875 0.071875 0.08125
0 0.9609375 0.675 0.078125 0.0828125
0 0.8296875 0.65234375 0.0796875 0.078125
0 0.8890625 0.7296875 0.078125 0.0734375
0 0.97109375 0.790625 0.0578125 0.0671875
0 0.85234375 0.82421875 0.084375 0.0765625
0 0.7671875 0.8484375 0.0828125 0.06875
0 0.73125 0.7984375 0.0859375 0.06875
0 0.58515625 0.8984375 0.090625 0.0671875
0 0.34296875 0.9296875 0.090625 0.075
0 0.25390625 0.90859375 0.09375 0.0765625
0 0.11640625 0.9171875 0.0765625 0.08125
0 0.1421875 0.83203125 0.08125 0.0765625
0 0.33046875 0.81484375 0.0890625 0.0875
0 0.32265625 0.75625 0.0796875 0.0796875
0 0.16484375 0.7625 0.0796875 0.071875
0 0.40859375 0.571875 0.075 0.065625
0 0.4625 0.496875 0.0734375 0.08125
0 0.546875 0.44375 0.0859375 0.0765625
0 0.76328125 0.39296875 0.078125 0.0875
0 0.72109375 0.3234375 0.078125 0.0765625
0 0.609375 0.35234375 0.078125 0.06875
0 0.65625 0.3 0.08125 0.0625