0 0.29375 0.53671875 0.0515625 0.0875
0 0.10859375 0.434375 0.04375 0.078125
0 0.1640625 0.39296875 0.0609375 0.0671875
0 0.02578125 0.2625 0.0359375 0.06875
0 0.07890625 0.09375 0.0578125 0.0671875
0 0.22890625 0.090625 0.053125 0.0953125
0 0.2890625 0.3640625 0.05 0.065625
0 0.4609375 0.7125 0.0359375 0.090625
0 0.89375 0.89609375 0.05 0.08125
0 0.96796875 0.725 0.04375 0.090625
0 0.9796875 0.44140625 0.040625 0.0953125
0 0.80859375 0.3171875 0.0578125 0.1015625
0 0.6921875 0.25703125 0.06875 0.0796875
0 0.11953125 0.72109375 0.040625 0.0828125
0 0.24609375 0.865625 0.053125 0.0796875
0 0.01796875 0.515625 0.0359375 0.071875