0 0.51328125 0.24375 0.0953125 0.1078125
0 0.52734375 0.3859375 0.06875 0.09375
0 0.590625 0.4671875 0.075 0.0859375
0 0.553125 0.53203125 0.0640625 0.0921875
0 0.5890625 0.6203125 0.0703125 0.1046875
0 0.65390625 0.6359375 0.0625 0.0640625
0 0.7015625 0.60234375 0.075 0.0859375
0 0.69609375 0.72265625 0.0859375 0.0765625
0 0.66328125 0.81875 0.06875 0.0953125
0 0.84765625 0.22265625 0.0828125 0.08125
0 0.75234375 0.25859375 0.0609375 0.0875
0 0.74375 0.13671875 0.065625 0.0765625
0 0.75546875 0.0828125 0.0546875 0.065625
0 0.8 0.12578125 0.0671875 0.065625
0 0.68671875 0.13046875 0.040625 0.0671875
0 0.63046875 0.12421875 0.0546875 0.0734375
0 0.65390625 0.090625 0.04375 0.0625
0 0.859375 0.690625 0.0484375 0.075
0 0.7734375 0.784375 0.0890625 0.075
0 0.8328125 0.87890625 0.1125 0.0921875
0 0.71015625 0.946875 0.0609375 0.09375
0 0.79453125 0.96328125 0.0703125 0.0734375
0 0.859375 0.96484375 0.065625 0.0703125
0 0.26640625 0.68359375 0.078125 0.1171875
0 0.26640625 0.55859375 0.0671875 0.10625
0 0.26171875 0.31875 0.0734375 0.0875
0 0.190625 0.1515625 0.0796875 0.115625
0 0.11328125 0.6546875 0.0625 0.0921875
0 0.09453125 0.72421875 0.065625 0.0890625
0 0.4609375 0.44375 0.0515625 0.075
0 0.39765625 0.51953125 0.0703125 0.0953125
0 0.41328125 0.43203125 0.0484375 0.090625
0 0.36953125 0.26796875 0.053125 0.0953125
0 0.82421875 0.27265625 0.065625 0.1015625
0 0.7421875 0.36875 0.0515625 0.109375
0 0.78984375 0.43359375 0.0546875 0.075
0 0.8453125 0.3828125 0.0703125 0.0703125
0 0.88671875 0.36328125 0.0546875 0.084375
0 0.65625 0.44296875 0.0671875 0.0859375
0 0.64921875 0.2015625 0.0515625 0.0578125
0 0.5890625 0.27578125 0.059375 0.0625
0 0.6203125 0.0578125 0.05625 0.0765625
0 0.82421875 0.55 0.065625 0.0703125
0 0.82421875 0.6359375 0.05625 0.0734375
0 0.76171875 0.71171875 0.053125 0.0671875
0 0.53671875 0.91875 0.0859375 0.0734375
0 0.53515625 0.85625 0.0546875 0.0734375
0 0.4953125 0.74609375 0.065625 0.0984375
0 0.35234375 0.809375 0.065625 0.0859375
0 0.34296875 0.93515625 0.0546875 0.103125
0 0.3734375 0.68125 0.05625 0.0828125
0 0.31640625 0.61796875 0.059375 0.078125
0 0.33515625 0.52109375 0.0625 0.075
0 0.25625 0.44453125 0.071875 0.103125
0 0.0671875 0.41328125 0.059375 0.1015625