0 0.15390625 0.61484375 0.0609375 0.1125
0 0.07265625 0.63359375 0.0609375 0.0984375
0 0.16328125 0.4578125 0.0859375 0.1015625
0 0.03515625 0.44296875 0.0703125 0.10625
0 0.109375 0.32421875 0.0546875 0.1
0 0.15390625 0.32109375 0.04375 0.078125
0 0.16875 0.175 0.0640625 0.0921875
0 0.41484375 0.1296875 0.0796875 0.0828125
0 0.41875 0.18984375 0.075 0.0984375
0 0.540625 0.28203125 0.0515625 0.09375
0 0.6875 0.1265625 0.08125 0.0953125
0 0.703125 0.2421875 0.0546875 0.0921875
0 0.82421875 0.14921875 0.071875 0.0984375
0 0.8015625 0.24453125 0.059375 0.084375
0 0.97890625 0.31875 0.0421875 0.1140625
0 0.9703125 0.14140625 0.059375 0.0921875
0 0.9578125 0.4234375 0.0609375 0.0953125
0 0.82578125 0.4578125 0.059375 0.0984375
0 0.8140625 0.5875 0.0609375 0.0875
0 0.97265625 0.6375 0.0546875 0.08125
0 0.8078125 0.7828125 0.059375 0.1015625
0 0.68515625 0.85234375 0.0703125 0.0890625
0 0.49296875 0.81484375 0.059375 0.0953125
0 0.51796875 0.66015625 0.06875 0.0984375
0 0.13671875 0.76484375 0.0625 0.1140625