0 0.95703125 0.22578125 0.0859375 0.2015625
0 0.83046875 0.40546875 0.078125 0.15
0 0.79140625 0.509375 0.0734375 0.140625
0 0.79296875 0.653125 0.0796875 0.165625
0 0.71953125 0.6953125 0.0640625 0.134375
0 0.565625 0.69609375 0.08125 0.16875
0 0.62265625 0.34921875 0.0578125 0.1125
0 0.49453125 0.38828125 0.071875 0.1578125
0 0.61484375 0.434375 0.0546875 0.109375
0 0.4390625 0.53984375 0.0671875 0.128125
0 0.46953125 0.74765625 0.071875 0.1484375
0 0.25703125 0.76875 0.078125 0.1578125
0 0.03046875 0.6234375 0.0609375 0.1875
0 0.0640625 0.41171875 0.109375 0.1375
0 0.05859375 0.14765625 0.0703125 0.165625
0 0.2453125 0.378125 0.0859375 0.16875