0 0.63125 0.3515625 0.05625 0.1078125
0 0.55234375 0.53125 0.0640625 0.1
0 0.2 0.2578125 0.0484375 0.115625
0 0.23671875 0.678125 0.0359375 0.0828125
0 0.3515625 0.16484375 0.0421875 0.065625
0 0.35 0.06796875 0.028125 0.0578125
0 0.39375 0.06875 0.0234375 0.065625
0 0.43125 0.09921875 0.03125 0.0671875
0 0.46796875 0.0421875 0.0421875 0.0765625
0 0.6796875 0.0390625 0.040625 0.078125
0 0.721875 0.09921875 0.0359375 0.071875
0 0.75546875 0.07265625 0.0359375 0.0625
0 0.79609375 0.15390625 0.0375 0.06875
0 0.8 0.0640625 0.0390625 0.0640625
0 0.95546875 0.25 0.0375 0.075
0 0.921875 0.68359375 0.034375 0.078125
0 0.615625 0.68984375 0.034375 0.075