0 0.66796875 0.09765625 0.0859375 0.0765625
0 0.65703125 0.10390625 0.078125 0.0671875
0 0.93203125 0.23125 0.0578125 0.1
0 0.94140625 0.4234375 0.053125 0.0984375
0 0.7640625 0.3328125 0.0421875 0.084375
0 0.78984375 0.47890625 0.0453125 0.078125
0 0.63046875 0.57265625 0.0390625 0.0578125
0 0.578125 0.57890625 0.05 0.059375
0 0.659375 0.46640625 0.0453125 0.071875
0 0.540625 0.225 0.053125 0.078125
0 0.45234375 0.25078125 0.0421875 0.0640625
0 0.640625 0.25 0.0390625 0.0671875
0 0.43125 0.1109375 0.046875 0.0859375
0 0.334375 0.559375 0.0453125 0.0640625
0 0.27421875 0.49765625 0.046875 0.06875
0 0.3359375 0.88125 0.0421875 0.065625
0 0.30390625 0.8453125 0.0421875 0.0640625
0 0.5921875 0.921875 0.0359375 0.046875
0 0.58984375 0.85 0.0328125 0.0515625
0 0.69375 0.7359375 0.03125 0.0453125
0 0.6375 0.67734375 0.0390625 0.0578125
0 0.159375 0.39765625 0.0359375 0.0703125
0 0.30703125 0.33359375 0.0421875 0.059375
0 0.2828125 0.22578125 0.040625 0.0671875
0 0.3375 0.08359375 0.0359375 0.053125
0 0.52265625 0.12109375 0.046875 0.0625
0 0.525 0.0265625 0.06875 0.053125
0 0.0296875 0.16484375 0.0515625 0.0625
0 0.02265625 0.3046875 0.040625 0.0890625
0 0.15390625 0.871875 0.034375 0.0640625
0 0.42890625 0.71640625 0.0359375 0.0640625
0 0.428125 0.54140625 0.0328125 0.0671875