0 0.91640625 0.75078125 0.096875 0.234375
0 0.77265625 0.75 0.0984375 0.175
0 0.7796875 0.90625 0.165625 0.1390625
0 0.64375 0.85703125 0.10625 0.2171875
0 0.46640625 0.68203125 0.1171875 0.1921875
0 0.33984375 0.61171875 0.075 0.134375
0 0.31484375 0.75859375 0.1234375 0.175
0 0.20234375 0.6859375 0.10625 0.1546875
0 0.08203125 0.6890625 0.115625 0.203125
0 0.08203125 0.83125 0.10625 0.1609375
0 0.1609375 0.94609375 0.1109375 0.1078125
0 0.253125 0.8953125 0.1125 0.15
0 0.33671875 0.940625 0.075 0.0953125
0 0.1625 0.57265625 0.0890625 0.1515625
0 0.45078125 0.4484375 0.0890625 0.1234375
0 0.42421875 0.32578125 0.0875 0.11875
0 0.67890625 0.41875 0.09375 0.1734375
0 0.81953125 0.50234375 0.0859375 0.184375
0 0.7734375 0.60078125 0.08125 0.121875
0 0.6546875 0.58359375 0.0671875 0.11875
0 0.5859375 0.5484375 0.08125 0.1296875
0 0.575 0.45 0.06875 0.1234375
0 0.78671875 0.19140625 0.0578125 0.13125
0 0.84140625 0.33828125 0.0984375 0.1265625
0 0.9484375 0.41015625 0.103125 0.16875
0 0.8625 0.23515625 0.0609375 0.1359375
0 0.8984375 0.0546875 0.0765625 0.109375