0 0.04921875 0.12578125 0.03125 0.103125
0 0.0390625 0.04375 0.0328125 0.0609375
0 0.0921875 0.140625 0.0375 0.0671875
0 0.11171875 0.2390625 0.0296875 0.1
0 0.0359375 0.303125 0.0375 0.121875
0 0.01953125 0.4390625 0.0390625 0.078125
0 0.03671875 0.57421875 0.0375 0.1
0 0.0578125 0.50859375 0.028125 0.0796875
0 0.08046875 0.7578125 0.034375 0.0796875
0 0.0875 0.67890625 0.0328125 0.1140625
0 0.09453125 0.60703125 0.03125 0.0734375
0 0.04609375 0.91484375 0.03125 0.06875
0 0.2875 0.48203125 0.0375 0.096875
0 0.23125 0.684375 0.034375 0.109375
0 0.225 0.57578125 0.034375 0.071875
0 0.2703125 0.66875 0.0375 0.0953125
0 0.16484375 0.90078125 0.034375 0.1234375
0 0.2046875 0.8921875 0.0328125 0.0953125
0 0.23515625 0.95703125 0.040625 0.0828125
0 0.2453125 0.84765625 0.0328125 0.0859375
0 0.29453125 0.953125 0.040625 0.09375
0 0.32421875 0.9171875 0.0359375 0.103125
0 0.29453125 0.82265625 0.040625 0.1125
0 0.2078125 0.040625 0.0390625 0.08125
0 0.33828125 0.05078125 0.0375 0.1015625
0 0.2671875 0.115625 0.04375 0.096875
0 0.34375 0.24140625 0.0265625 0.084375
0 0.3453125 0.7515625 0.03125 0.096875
0 0.40703125 0.3328125 0.028125 0.075
0 0.4109375 0.2546875 0.03125 0.0890625
0 0.425 0.37265625 0.0296875 0.0875
0 0.4078125 0.67265625 0.0359375 0.1015625
0 0.43359375 0.59765625 0.0375 0.0984375
0 0.56796875 0.125 0.0359375 0.0921875
0 0.603125 0.17734375 0.0390625 0.0828125
0 0.63828125 0.06015625 0.028125 0.0890625
0 0.55625 0.69296875 0.0328125 0.075
0 0.5625 0.8546875 0.0390625 0.103125
0 0.66171875 0.7109375 0.0359375 0.1078125
0 0.64765625 0.94296875 0.0421875 0.1109375
0 0.65234375 0.34765625 0.0359375 0.06875
0 0.8171875 0.26875 0.034375 0.0890625
0 0.73359375 0.165625 0.0359375 0.05625
0 0.72890625 0.58046875 0.0375 0.08125
0 0.72578125 0.4890625 0.028125 0.0765625
0 0.653125 0.56875 0.0328125 0.0796875
0 0.4640625 0.5265625 0.0359375 0.0734375
0 0.81875 0.8453125 0.0375 0.10625
0 0.86875 0.0921875 0.040625 0.0828125
0 0.86875 0.47578125 0.034375 0.10625
0 0.86640625 0.365625 0.0328125 0.0984375
0 0.9625 0.87578125 0.03125 0.1125
0 0.9859375 0.57890625 0.028125 0.115625