0 0.40546875 0.39765625 0.078125 0.125
0 0.44765625 0.54921875 0.071875 0.13125
0 0.6390625 0.784375 0.0546875 0.1125
0 0.5421875 0.82265625 0.0609375 0.13125
0 0.97421875 0.6015625 0.0515625 0.1140625
0 0.89921875 0.765625 0.0890625 0.103125
0 0.79375 0.846875 0.06875 0.1140625
0 0.7984375 0.53046875 0.075 0.1375
0 0.87265625 0.63515625 0.084375 0.13125
0 0.959375 0.33984375 0.08125 0.1390625
0 0.77734375 0.296875 0.0828125 0.0890625
0 0.74140625 0.203125 0.0765625 0.1171875
0 0.6703125 0.240625 0.071875 0.0984375
0 0.42109375 0.196875 0.0828125 0.0984375
0 0.28359375 0.24765625 0.0671875 0.090625
0 0.428125 0.7921875 0.0703125 0.0984375
0 0.3859375 0.75390625 0.0625 0.0796875
0 0.59375 0.625 0.0734375 0.075
0 0.26015625 0.53671875 0.059375 0.0859375
0 0.26171875 0.67265625 0.05625 0.0828125
0 0.21328125 0.60625 0.046875 0.08125
0 0.20390625 0.70234375 0.0546875 0.103125
0 0.1828125 0.528125 0.0546875 0.1109375
0 0.18828125 0.82265625 0.071875 0.115625
0 0.25546875 0.353125 0.059375 0.09375
0 0.1890625 0.35 0.046875 0.0859375
0 0.08359375 0.496875 0.0671875 0.0859375
0 0.15625 0.2234375 0.065625 0.1015625
0 0.09375 0.23828125 0.0609375 0.0875