0 0.5703125 0.42578125 0.040625 0.053125
0 0.45234375 0.27734375 0.0375 0.065625
0 0.6078125 0.75390625 0.03125 0.0453125
0 0.48515625 0.62265625 0.03125 0.0578125
0 0.51953125 0.64375 0.03125 0.05
0 0.23515625 0.571875 0.0296875 0.0296875
0 0.29921875 0.61484375 0.0375 0.0421875
0 0.29140625 0.678125 0.0265625 0.0375
0 0.346875 0.6671875 0.03125 0.046875
0 0.3078125 0.7140625 0.028125 0.04375
0 0.12421875 0.428125 0.0328125 0.0515625
0 0.03046875 0.196875 0.028125 0.0390625
0 0.04609375 0.23203125 0.0234375 0.0296875
0 0.0671875 0.2140625 0.01875 0.0328125
0 0.7765625 0.41640625 0.0375 0.04375
0 0.7828125 0.47265625 0.0328125 0.0421875
0 0.83203125 0.4203125 0.0375 0.04375
0 0.90390625 0.38125 0.0328125 0.0515625
0 0.8703125 0.2453125 0.0375 0.04375
0 0.90078125 0.27265625 0.03125 0.0546875
0 0.8453125 0.68671875 0.028125 0.0515625
0 0.8921875 0.5984375 0.021875 0.0421875
0 0.78515625 0.56953125 0.03125 0.0390625