0 0.60703125 0.6828125 0.046875 0.084375
0 0.5328125 0.6265625 0.0484375 0.0890625
0 0.29921875 0.5046875 0.0421875 0.078125
0 0.2703125 0.46171875 0.05 0.08125
0 0.165625 0.2140625 0.05625 0.075
0 0.3453125 0.12109375 0.05 0.0796875
0 0.1109375 0.17578125 0.0515625 0.0609375
0 0.13828125 0.3359375 0.053125 0.0859375
0 0.13046875 0.43671875 0.040625 0.065625
0 0.11640625 0.73359375 0.05 0.1125
0 0.2375 0.84375 0.0484375 0.0796875
0 0.43046875 0.9546875 0.0609375 0.090625
0 0.478125 0.77890625 0.05625 0.090625
0 0.54765625 0.34921875 0.04375 0.065625