0 0.48984375 0.45234375 0.0765625 0.1390625
0 0.2609375 0.503125 0.059375 0.1015625
0 0.24140625 0.26484375 0.0578125 0.121875
0 0.8796875 0.62421875 0.059375 0.1125
0 0.890625 0.5359375 0.0609375 0.109375
0 0.95234375 0.82890625 0.0546875 0.1203125
0 0.59765625 0.8140625 0.0578125 0.096875
0 0.3421875 0.75546875 0.046875 0.0828125
0 0.421875 0.7828125 0.05625 0.0859375
0 0.21796875 0.69140625 0.04375 0.084375
0 0.33828125 0.66953125 0.0578125 0.10625
0 0.0640625 0.94765625 0.065625 0.1046875
0 0.203125 0.959375 0.053125 0.08125
0 0.35078125 0.9703125 0.0625 0.059375