0 0.1 0.959375 0.075 0.08125
0 0.0328125 0.87890625 0.0515625 0.046875
0 0.03515625 0.78828125 0.053125 0.0640625
0 0.0171875 0.69375 0.034375 0.0515625
0 0.103125 0.7421875 0.046875 0.05
0 0.09921875 0.79609375 0.0515625 0.0453125
0 0.15703125 0.8125 0.053125 0.05
0 0.296875 0.8421875 0.0640625 0.05625
0 0.33671875 0.9203125 0.0734375 0.0609375
0 0.22109375 0.978125 0.0703125 0.04375
0 0.290625 0.975 0.071875 0.05
0 0.45859375 0.95625 0.0796875 0.0546875
0 0.41171875 0.7828125 0.05625 0.059375
0 0.4484375 0.85625 0.053125 0.053125
0 0.28515625 0.6484375 0.075 0.0703125
0 0.30703125 0.72578125 0.053125 0.0453125
0 0.21015625 0.6890625 0.065625 0.0578125
0 0.071875 0.65234375 0.06875 0.065625
0 0.04765625 0.4921875 0.0625 0.0578125
0 0.13515625 0.4859375 0.0453125 0.053125
0 0.1734375 0.4484375 0.0640625 0.05625
0 0.3546875 0.53046875 0.065625 0.0640625
0 0.3671875 0.60625 0.059375 0.0671875
0 0.45859375 0.67109375 0.065625 0.065625
0 0.53515625 0.7875 0.0625 0.06875
0 0.61796875 0.84765625 0.0765625 0.071875
0 0.64921875 0.80546875 0.0515625 0.040625
0 0.61328125 0.68515625 0.0578125 0.071875
0 0.67421875 0.70078125 0.05625 0.065625
0 0.6078125 0.58125 0.053125 0.0671875
0 0.46953125 0.5046875 0.0671875 0.08125
0 0.3625 0.42734375 0.075 0.0796875
0 0.2734375 0.38125 0.0640625 0.0515625
0 0.05546875 0.38125 0.059375 0.0578125
0 0.06640625 0.2921875 0.0671875 0.0640625
0 0.31875 0.3171875 0.0390625 0.0625
0 0.365625 0.2796875 0.0625 0.0515625
0 0.103125 0.225 0.053125 0.059375
0 0.165625 0.21796875 0.053125 0.0390625
0 0.03203125 0.14296875 0.0625 0.0671875
0 0.44765625 0.371875 0.0515625 0.05
0 0.53984375 0.3703125 0.0578125 0.0625
0 0.57109375 0.44140625 0.0578125 0.08125
0 0.71640625 0.8875 0.0375 0.046875
0 0.8140625 0.94609375 0.0515625 0.053125
0 0.8875 0.8578125 0.065625 0.065625
0 0.7703125 0.77421875 0.0609375 0.0546875
0 0.7546875 0.83515625 0.0359375 0.0390625
0 0.83359375 0.7484375 0.05 0.059375
0 0.896875 0.75078125 0.0625 0.0703125
0 0.97109375 0.76640625 0.0578125 0.084375
0 0.8671875 0.65234375 0.0453125 0.059375
0 0.915625 0.684375 0.053125 0.0609375
0 0.73203125 0.63515625 0.0375 0.040625
0 0.77265625 0.56328125 0.065625 0.05625
0 0.8125 0.46328125 0.059375 0.0546875
0 0.84296875 0.51171875 0.0453125 0.053125
0 0.8859375 0.54765625 0.0453125 0.046875
0 0.9421875 0.5828125 0.0421875 0.0515625
0 0.9546875 0.38984375 0.084375 0.075
0 0.83671875 0.32421875 0.053125 0.065625
0 0.875 0.4 0.05 0.0546875
0 0.95546875 0.4640625 0.04375 0.053125
0 0.9078125 0.50859375 0.04375 0.0421875
0 0.7171875 0.328125 0.0703125 0.0609375
0 0.73125 0.384375 0.0609375 0.065625
0 0.92421875 0.2890625 0.0609375 0.0578125
0 0.82109375 0.20703125 0.0453125 0.0515625
0 0.65859375 0.18671875 0.059375 0.0703125
0 0.73359375 0.25078125 0.065625 0.05
0 0.58125 0.2765625 0.065625 0.0578125
0 0.43828125 0.22734375 0.05 0.0546875
0 0.44140625 0.0671875 0.059375 0.0703125
0 0.44453125 0.11640625 0.0375 0.0453125
0 0.50703125 0.059375 0.05 0.0515625
0 0.51171875 0.1265625 0.05 0.05
0 0.5234375 0.17421875 0.05625 0.0578125
0 0.34375 0.1171875 0.05625 0.04375
0 0.221875 0.1015625 0.04375 0.05
0 0.2671875 0.159375 0.0515625 0.0640625
0 0.1359375 0.0984375 0.0453125 0.05
0 0.38203125 0.0265625 0.053125 0.053125
0 0.70703125 0.028125 0.0640625 0.05625
0 0.9109375 0.03359375 0.0625 0.0671875
0 0.84765625 0.1375 0.0578125 0.065625
0 0.9375 0.171875 0.053125 0.0734375