0 0.5078125 0.46015625 0.0640625 0.090625
0 0.49921875 0.2390625 0.046875 0.075
0 0.08359375 0.08359375 0.05 0.0796875
0 0.0453125 0.16171875 0.071875 0.0890625
0 0.22734375 0.3578125 0.0546875 0.096875
0 0.17578125 0.41328125 0.0296875 0.078125
0 0.128125 0.4671875 0.053125 0.0875
0 0.75859375 0.1453125 0.0484375 0.065625
0 0.69453125 0.196875 0.0453125 0.090625
0 0.8109375 0.38984375 0.046875 0.078125
0 0.765625 0.42578125 0.0515625 0.06875
0 0.5140625 0.659375 0.0546875 0.078125
0 0.54765625 0.94296875 0.0734375 0.08125