0 0.36953125 0.77734375 0.04375 0.0625
0 0.4421875 0.78828125 0.065625 0.084375
0 0.7546875 0.38203125 0.046875 0.0734375
0 0.86640625 0.3953125 0.05625 0.075
0 0.87109375 0.28984375 0.0546875 0.078125
0 0.76015625 0.1984375 0.0421875 0.05625
0 0.58515625 0.07578125 0.0546875 0.071875
0 0.75546875 0.09765625 0.0375 0.0671875
0 0.871875 0.1484375 0.0453125 0.0859375
0 0.921875 0.21953125 0.040625 0.078125
0 0.78046875 0.78125 0.05 0.0625
0 0.48515625 0.95703125 0.059375 0.065625
0 0.5953125 0.86640625 0.046875 0.065625
0 0.43984375 0.62578125 0.0546875 0.0703125
0 0.11171875 0.50078125 0.0515625 0.0703125
0 0.10625 0.39765625 0.0625 0.0796875
0 0.06875 0.690625 0.0515625 0.0625
0 0.10546875 0.9 0.0515625 0.0625
0 0.11875 0.78828125 0.0484375 0.0625
0 0.2578125 0.9640625 0.06875 0.0640625
0 0.01953125 0.2578125 0.0390625 0.078125
0 0.45546875 0.15390625 0.04375 0.06875
0 0.11015625 0.12578125 0.0484375 0.0765625