0 0.8078125 0.67890625 0.0953125 0.246875
0 0.76015625 0.80390625 0.0625 0.14375
0 0.67265625 0.75546875 0.090625 0.1640625
0 0.571875 0.66484375 0.1046875 0.184375
0 0.4765625 0.72421875 0.09375 0.134375
0 0.3515625 0.73984375 0.1078125 0.15625
0 0.3953125 0.89609375 0.08125 0.1171875
0 0.578125 0.88515625 0.0640625 0.1046875
0 0.596875 0.5109375 0.1015625 0.19375
0 0.6671875 0.39375 0.065625 0.121875
0 0.84140625 0.23359375 0.0671875 0.1140625
0 0.9546875 0.31640625 0.0625 0.125
0 0.60625 0.16640625 0.0625 0.125
0 0.65546875 0.1953125 0.065625 0.1171875
0 0.55234375 0.11796875 0.071875 0.11875
0 0.471875 0.1078125 0.0671875 0.0875
0 0.51171875 0.32421875 0.0875 0.16875
0 0.41171875 0.33671875 0.09375 0.13125
0 0.41875 0.2171875 0.065625 0.109375
0 0.33359375 0.46484375 0.071875 0.128125
0 0.27578125 0.321875 0.071875 0.121875
0 0.13828125 0.36171875 0.0734375 0.10625
0 0.075 0.5734375 0.090625 0.1578125
0 0.04921875 0.23125 0.075 0.1234375