0 0.4921875 0.53984375 0.0640625 0.090625
0 0.50078125 0.7609375 0.046875 0.075
0 0.91640625 0.91640625 0.05 0.0796875
0 0.9546875 0.83828125 0.071875 0.0890625
0 0.77265625 0.6421875 0.0546875 0.096875
0 0.82421875 0.58671875 0.0296875 0.078125
0 0.871875 0.5328125 0.053125 0.0875
0 0.24140625 0.8546875 0.0484375 0.065625
0 0.30546875 0.803125 0.0453125 0.090625
0 0.1890625 0.61015625 0.046875 0.078125
0 0.234375 0.57421875 0.0515625 0.06875
0 0.4859375 0.340625 0.0546875 0.078125
0 0.45234375 0.05703125 0.0734375 0.08125