0 0.728125 0.39921875 0.053125 0.10625
0 0.7640625 0.5515625 0.05 0.1046875
0 0.54921875 0.6953125 0.0578125 0.090625
0 0.59375 0.6421875 0.046875 0.0984375
0 0.484375 0.64296875 0.0609375 0.10625
0 0.6 0.8953125 0.071875 0.0921875
0 0.309375 0.65390625 0.0984375 0.1171875
0 0.2921875 0.19140625 0.1046875 0.0984375
0 0.37421875 0.215625 0.078125 0.1015625
0 0.3765625 0.39453125 0.0765625 0.0796875
0 0.41328125 0.60234375 0.0984375 0.121875
0 0.4359375 0.51875 0.065625 0.0625
0 0.1890625 0.80078125 0.1046875 0.1328125