0 0.7109375 0.1453125 0.109375 0.0953125
0 0.71171875 0.3296875 0.096875 0.053125
0 0.85234375 0.29140625 0.0703125 0.0734375
0 0.73046875 0.27890625 0.0546875 0.0453125
0 0.73984375 0.52109375 0.0875 0.075
0 0.8671875 0.5125 0.1 0.1359375
0 0.3578125 0.6625 0.065625 0.05625
0 0.24453125 0.66640625 0.0828125 0.0515625
0 0.28203125 0.9421875 0.0875 0.0515625
0 0.39140625 0.9234375 0.0609375 0.0484375
0 0.56484375 0.88515625 0.053125 0.0390625
0 0.60390625 0.71640625 0.078125 0.0671875
0 0.815625 0.85703125 0.0671875 0.0515625
0 0.80234375 0.6921875 0.0609375 0.046875
0 0.18046875 0.959375 0.05625 0.0453125
0 0.1109375 0.95078125 0.0546875 0.0453125
0 0.06171875 0.95390625 0.059375 0.0484375
0 0.0328125 0.87421875 0.05 0.0421875
0 0.1078125 0.84765625 0.05625 0.0515625
0 0.08125 0.778125 0.046875 0.05
0 0.06328125 0.61953125 0.0578125 0.0515625
0 0.34453125 0.5875 0.0515625 0.0421875
0 0.27890625 0.5859375 0.053125 0.0671875
0 0.334375 0.53125 0.065625 0.040625
0 0.39296875 0.43984375 0.059375 0.0453125
0 0.63203125 0.3421875 0.0640625 0.046875
0 0.32890625 0.08515625 0.0828125 0.05625
0 0.2328125 0.41328125 0.065625 0.04375