0 0.60859375 0.51875 0.0859375 0.125
0 0.525 0.53671875 0.0671875 0.121875
0 0.38515625 0.496875 0.0890625 0.1671875
0 0.27578125 0.50234375 0.05625 0.0734375
0 0.29765625 0.56484375 0.040625 0.075
0 0.321875 0.59375 0.0375 0.0609375
0 0.44609375 0.41328125 0.04375 0.0890625
0 0.4953125 0.403125 0.046875 0.06875
0 0.5421875 0.3984375 0.04375 0.06875
0 0.58515625 0.37109375 0.0359375 0.053125
0 0.45078125 0.340625 0.04375 0.078125
0 0.48828125 0.340625 0.04375 0.078125
0 0.3171875 0.371875 0.0515625 0.0546875
0 0.36875 0.3203125 0.053125 0.0890625
0 0.4140625 0.2859375 0.0515625 0.0671875
0 0.66796875 0.4484375 0.0375 0.0796875