0 0.21328125 0.340625 0.1203125 0.0546875
0 0.22890625 0.3453125 0.1125 0.059375
0 0.15390625 0.075 0.1078125 0.0546875
0 0.23515625 0.02890625 0.1421875 0.0578125
0 0.94921875 0.140625 0.1 0.059375
0 0.81171875 0.2734375 0.075 0.046875
0 0.92265625 0.3203125 0.096875 0.0359375
0 0.96328125 0.25625 0.0734375 0.075
0 0.915625 0.41328125 0.0875 0.065625
0 0.62421875 0.5484375 0.0953125 0.065625
0 0.30625 0.51640625 0.1234375 0.06875
0 0.259375 0.6234375 0.125 0.0640625
0 0.28515625 0.2921875 0.1265625 0.071875
0 0.49609375 0.384375 0.0921875 0.0671875
0 0.75 0.69140625 0.1015625 0.0734375
0 0.94609375 0.65625 0.1078125 0.059375
0 0.78046875 0.7828125 0.125 0.065625
0 0.6234375 0.9296875 0.125 0.071875
0 0.259375 0.77421875 0.103125 0.08125
0 0.5515625 0.190625 0.09375 0.075
0 0.63515625 0.0984375 0.090625 0.075