0 0.321875 0.8390625 0.0828125 0.1625
0 0.4375 0.88515625 0.06875 0.165625
0 0.5796875 0.93359375 0.078125 0.1328125
0 0.73125 0.95078125 0.0609375 0.096875
0 0.625 0.690625 0.0578125 0.10625
0 0.62421875 0.76875 0.04375 0.0765625
0 0.84296875 0.73203125 0.0359375 0.084375
0 0.80546875 0.75234375 0.0484375 0.1
0 0.8640625 0.8046875 0.040625 0.0875
0 0.4859375 0.45078125 0.0484375 0.10625
0 0.5203125 0.24609375 0.078125 0.1109375
0 0.3328125 0.15 0.0828125 0.140625
0 0.34921875 0.4171875 0.059375 0.125
0 0.29921875 0.28046875 0.05 0.0671875
0 0.28984375 0.36328125 0.05625 0.0953125
0 0.40078125 0.67421875 0.04375 0.09375
0 0.3046875 0.5390625 0.0328125 0.0671875
0 0.35078125 0.62578125 0.0359375 0.084375
0 0.3109375 0.60703125 0.0484375 0.065625
0 0.30234375 0.671875 0.06875 0.0953125
0 0.284375 0.47109375 0.0421875 0.0640625
0 0.14375 0.83984375 0.0484375 0.10625
0 0.24140625 0.909375 0.065625 0.1203125
0 0.30703125 0.97265625 0.0546875 0.0546875
0 0.6015625 0.53828125 0.0484375 0.0828125
0 0.70546875 0.48125 0.04375 0.071875
0 0.9265625 0.453125 0.0625 0.08125
0 0.58671875 0.0875 0.04375 0.0796875