0 0.48671875 0.24375 0.0953125 0.1078125
0 0.47265625 0.3859375 0.06875 0.09375
0 0.409375 0.4671875 0.075 0.0859375
0 0.446875 0.53203125 0.0640625 0.0921875
0 0.4109375 0.6203125 0.0703125 0.1046875
0 0.34609375 0.6359375 0.0625 0.0640625
0 0.2984375 0.60234375 0.075 0.0859375
0 0.30390625 0.72265625 0.0859375 0.0765625
0 0.33671875 0.81875 0.06875 0.0953125
0 0.15234375 0.22265625 0.0828125 0.08125
0 0.24765625 0.25859375 0.0609375 0.0875
0 0.25625 0.13671875 0.065625 0.0765625
0 0.24453125 0.0828125 0.0546875 0.065625
0 0.2 0.12578125 0.0671875 0.065625
0 0.31328125 0.13046875 0.040625 0.0671875
0 0.36953125 0.12421875 0.0546875 0.0734375
0 0.34609375 0.090625 0.04375 0.0625
0 0.140625 0.690625 0.0484375 0.075
0 0.2265625 0.784375 0.0890625 0.075
0 0.1671875 0.87890625 0.1125 0.0921875
0 0.28984375 0.946875 0.0609375 0.09375
0 0.20546875 0.96328125 0.0703125 0.0734375
0 0.140625 0.96484375 0.065625 0.0703125
0 0.73359375 0.68359375 0.078125 0.1171875
0 0.73359375 0.55859375 0.0671875 0.10625
0 0.73828125 0.31875 0.0734375 0.0875
0 0.809375 0.1515625 0.0796875 0.115625
0 0.88671875 0.6546875 0.0625 0.0921875
0 0.90546875 0.72421875 0.065625 0.0890625
0 0.5390625 0.44375 0.0515625 0.075
0 0.60234375 0.51953125 0.0703125 0.0953125
0 0.58671875 0.43203125 0.0484375 0.090625
0 0.63046875 0.26796875 0.053125 0.0953125
0 0.17578125 0.27265625 0.065625 0.1015625
0 0.2578125 0.36875 0.0515625 0.109375
0 0.21015625 0.43359375 0.0546875 0.075
0 0.1546875 0.3828125 0.0703125 0.0703125
0 0.11328125 0.36328125 0.0546875 0.084375
0 0.34375 0.44296875 0.0671875 0.0859375
0 0.35078125 0.2015625 0.0515625 0.0578125
0 0.4109375 0.27578125 0.059375 0.0625
0 0.3796875 0.0578125 0.05625 0.0765625
0 0.17578125 0.55 0.065625 0.0703125
0 0.17578125 0.6359375 0.05625 0.0734375
0 0.23828125 0.71171875 0.053125 0.0671875
0 0.46328125 0.91875 0.0859375 0.0734375
0 0.46484375 0.85625 0.0546875 0.0734375
0 0.5046875 0.74609375 0.065625 0.0984375
0 0.64765625 0.809375 0.065625 0.0859375
0 0.65703125 0.93515625 0.0546875 0.103125
0 0.6265625 0.68125 0.05625 0.0828125
0 0.68359375 0.61796875 0.059375 0.078125
0 0.66484375 0.52109375 0.0625 0.075
0 0.74375 0.44453125 0.071875 0.103125
0 0.9328125 0.41328125 0.059375 0.1015625