0 0.93828125 0.2375 0.1234375 0.3890625
0 0.7265625 0.0640625 0.1890625 0.128125
0 0.53515625 0.084375 0.1125 0.16875
0 0.62578125 0.2484375 0.1921875 0.3046875
0 0.459375 0.3265625 0.1421875 0.2140625
0 0.415625 0.1421875 0.146875 0.21875
0 0.1453125 0.2328125 0.1390625 0.2109375
0 0.03125 0.08203125 0.0625 0.153125
0 0.5234375 0.51875 0.16875 0.2265625
0 0.58359375 0.75078125 0.1671875 0.2265625
0 0.259375 0.86875 0.1015625 0.1984375
0 0.3671875 0.81796875 0.1578125 0.25
0 0.04296875 0.87109375 0.0859375 0.1625
0 0.0953125 0.7359375 0.09375 0.15
0 0.2203125 0.5734375 0.125 0.134375
0 0.3203125 0.48515625 0.13125 0.1859375
0 0.28359375 0.325 0.1296875 0.1765625