0 0.2953125 0.80390625 0.05 0.0828125
0 0.2 0.63046875 0.04375 0.0796875
0 0.0640625 0.6046875 0.0421875 0.0859375
0 0.57890625 0.5171875 0.0515625 0.08125
0 0.60703125 0.06015625 0.059375 0.090625
0 0.73671875 0.13671875 0.0421875 0.06875
0 0.8640625 0.4296875 0.0515625 0.075
0 0.890625 0.32734375 0.046875 0.0703125
0 0.9265625 0.63984375 0.046875 0.0734375
0 0.75859375 0.62578125 0.0453125 0.078125
0 0.7375 0.80546875 0.040625 0.0609375
0 0.3984375 0.6265625 0.040625 0.0640625
0 0.45859375 0.821875 0.040625 0.0734375
0 0.2421875 0.11328125 0.0546875 0.084375
0 0.21171875 0.21875 0.0484375 0.0734375
0 0.153125 0.10859375 0.0546875 0.0703125
0 0.3375 0.04296875 0.0515625 0.0734375
0 0.35625 0.3 0.0421875 0.0703125
0 0.15234375 0.48359375 0.0375 0.0703125