0 0.475 0.39453125 0.0546875 0.0515625
0 0.5140625 0.4328125 0.0421875 0.053125
0 0.5625 0.4421875 0.0625 0.05
0 0.46953125 0.484375 0.071875 0.05625
0 0.35625 0.40546875 0.053125 0.059375
0 0.3421875 0.46953125 0.0515625 0.0421875
0 0.4140625 0.5078125 0.059375 0.0515625
0 0.3828125 0.3234375 0.075 0.0734375
0 0.4265625 0.24453125 0.0546875 0.065625
0 0.48046875 0.2734375 0.06875 0.0609375
0 0.11171875 0.371875 0.078125 0.0515625
0 0.06953125 0.5078125 0.053125 0.075
0 0.07265625 0.62578125 0.05625 0.0875
0 0.23828125 0.54453125 0.08125 0.1046875
0 0.67265625 0.59765625 0.1015625 0.084375
0 0.83515625 0.6375 0.078125 0.0796875
0 0.38515625 0.028125 0.0953125 0.05625
0 0.37734375 0.078125 0.0921875 0.059375
0 0.31484375 0.09609375 0.06875 0.0578125
0 0.03984375 0.03359375 0.0796875 0.0578125
0 0.6625 0.47578125 0.08125 0.0640625
0 0.2671875 0.68515625 0.0546875 0.0625
0 0.0984375 0.740625 0.059375 0.078125
0 0.12890625 0.70390625 0.0671875 0.103125
0 0.88046875 0.74140625 0.0609375 0.0640625
0 0.91953125 0.78671875 0.075 0.0703125