0 0.3953125 0.92109375 0.134375 0.1578125
0 0.653125 0.4515625 0.0625 0.1515625
0 0.76875 0.54453125 0.075 0.153125
0 0.6625 0.19609375 0.0921875 0.14375
0 0.75 0.3046875 0.05625 0.121875
0 0.8078125 0.07890625 0.0671875 0.140625
0 0.878125 0.04921875 0.0921875 0.0984375
0 0.896875 0.18125 0.0828125 0.1578125
0 0.97578125 0.25390625 0.0484375 0.1421875
0 0.278125 0.0921875 0.1109375 0.184375
0 0.0625 0.25234375 0.11875 0.2109375
0 0.18125 0.3359375 0.0921875 0.1953125
0 0.27734375 0.571875 0.0546875 0.10625
0 0.3171875 0.546875 0.0515625 0.10625
0 0.384375 0.54140625 0.05625 0.0796875
0 0.51796875 0.66796875 0.0640625 0.1203125
0 0.521875 0.32265625 0.0578125 0.1125