0 0.95390625 0.4953125 0.078125 0.0578125
0 0.97421875 0.334375 0.0515625 0.059375
0 0.971875 0.27578125 0.05625 0.04375
0 0.94140625 0.2109375 0.0578125 0.0515625
0 0.73671875 0.07890625 0.0546875 0.040625
0 0.6671875 0.05703125 0.065625 0.0484375
0 0.32578125 0.07265625 0.1015625 0.053125
0 0.453125 0.053125 0.065625 0.0421875
0 0.0171875 0.12109375 0.034375 0.046875
0 0.11484375 0.5296875 0.0625 0.0484375
0 0.68046875 0.15390625 0.059375 0.040625
0 0.5265625 0.1890625 0.053125 0.0328125
0 0.4609375 0.19921875 0.0546875 0.03125
0 0.01953125 0.31875 0.0390625 0.03125
0 0.02265625 0.2109375 0.0453125 0.028125
0 0.20390625 0.32421875 0.0515625 0.0390625
0 0.0671875 0.47265625 0.06875 0.0375
0 0.77265625 0.69453125 0.0609375 0.04375
0 0.93046875 0.64296875 0.065625 0.046875
0 0.84453125 0.621875 0.08125 0.0390625
0 0.853125 0.53671875 0.06875 0.04375
0 0.84765625 0.44765625 0.0625 0.046875
0 0.59296875 0.765625 0.078125 0.059375
0 0.54140625 0.73984375 0.0625 0.0453125
0 0.22890625 0.79765625 0.065625 0.0390625
0 0.134375 0.83984375 0.0453125 0.046875
0 0.0796875 0.83203125 0.053125 0.040625
0 0.028125 0.8484375 0.05625 0.0359375
0 0.07109375 0.76171875 0.08125 0.034375
0 0.09765625 0.71015625 0.0578125 0.046875
0 0.09453125 0.640625 0.0515625 0.0453125
0 0.03828125 0.70390625 0.0515625 0.0453125
0 0.04921875 0.66484375 0.059375 0.0375