0 0.39140625 0.51875 0.0859375 0.125
0 0.475 0.53671875 0.0671875 0.121875
0 0.61484375 0.496875 0.0890625 0.1671875
0 0.72421875 0.50234375 0.05625 0.0734375
0 0.70234375 0.56484375 0.040625 0.075
0 0.678125 0.59375 0.0375 0.0609375
0 0.55390625 0.41328125 0.04375 0.0890625
0 0.5046875 0.403125 0.046875 0.06875
0 0.4578125 0.3984375 0.04375 0.06875
0 0.41484375 0.37109375 0.0359375 0.053125
0 0.54921875 0.340625 0.04375 0.078125
0 0.51171875 0.340625 0.04375 0.078125
0 0.6828125 0.371875 0.0515625 0.0546875
0 0.63125 0.3203125 0.053125 0.0890625
0 0.5859375 0.2859375 0.0515625 0.0671875
0 0.33203125 0.4484375 0.0375 0.0796875