0 0.5453125 0.21796875 0.0546875 0.0859375
0 0.50703125 0.0546875 0.0796875 0.109375
0 0.43515625 0.0453125 0.0515625 0.090625
0 0.6171875 0.19375 0.0484375 0.09375
0 0.9375 0.5078125 0.0578125 0.1328125
0 0.4234375 0.53359375 0.059375 0.084375
0 0.49453125 0.48515625 0.0328125 0.046875
0 0.41796875 0.43203125 0.0546875 0.09375
0 0.615625 0.7234375 0.059375 0.096875
0 0.54140625 0.7671875 0.040625 0.071875
0 0.55078125 0.4828125 0.046875 0.096875
0 0.81171875 0.37265625 0.0578125 0.0984375
0 0.81328125 0.76640625 0.0578125 0.10625
0 0.3203125 0.96171875 0.071875 0.0765625
0 0.74609375 0.17265625 0.0453125 0.0734375
0 0.61796875 0.04453125 0.034375 0.0578125
0 0.53828125 0.684375 0.0359375 0.0625
0 0.26875 0.1796875 0.04375 0.096875
0 0.27890625 0.6921875 0.0359375 0.1015625
0 0.22734375 0.84453125 0.0484375 0.08125
0 0.45546875 0.68125 0.0359375 0.0703125
0 0.5296875 0.40859375 0.034375 0.059375
0 0.55546875 0.3296875 0.028125 0.053125