0 0.20859375 0.815625 0.0453125 0.0453125
0 0.1359375 0.86484375 0.071875 0.096875
0 0.184375 0.9578125 0.05 0.04375
0 0.06015625 0.9234375 0.0453125 0.0390625
0 0.0703125 0.76640625 0.05 0.0484375
0 0.06640625 0.82578125 0.05625 0.0609375
0 0.01953125 0.77265625 0.0390625 0.0359375
0 0.0171875 0.8078125 0.034375 0.040625
0 0.13125 0.4859375 0.0515625 0.0328125
0 0.0171875 0.49765625 0.034375 0.0390625
0 0.13828125 0.5203125 0.05 0.040625
0 0.0171875 0.534375 0.034375 0.034375
0 0.01953125 0.56640625 0.0390625 0.034375
0 0.1765625 0.56640625 0.04375 0.0375
0 0.171875 0.61328125 0.05 0.04375
0 0.11640625 0.5921875 0.034375 0.03125
0 0.06875 0.59765625 0.0359375 0.0453125
0 0.0171875 0.59765625 0.034375 0.034375
0 0.01796875 0.6453125 0.0359375 0.040625
0 0.24296875 0.559375 0.075 0.03125
0 0.23828125 0.60546875 0.0609375 0.0359375
0 0.215625 0.64765625 0.04375 0.0359375
0 0.02421875 0.40703125 0.0484375 0.0421875
0 0.31640625 0.40703125 0.059375 0.046875
0 0.3390625 0.303125 0.04375 0.046875
0 0.31953125 0.6984375 0.0390625 0.040625
0 0.31953125 0.775 0.053125 0.04375
0 0.5015625 0.74765625 0.078125 0.0546875
0 0.5078125 0.65078125 0.078125 0.0703125
0 0.715625 0.98046875 0.0515625 0.0390625
0 0.74765625 0.87890625 0.059375 0.0453125
0 0.67109375 0.95234375 0.0453125 0.03125
0 0.725 0.8328125 0.0453125 0.0390625
0 0.6953125 0.8546875 0.040625 0.04375
0 0.64765625 0.903125 0.0453125 0.034375
0 0.73515625 0.73984375 0.0609375 0.0484375
0 0.83984375 0.38046875 0.0640625 0.103125
0 0.89609375 0.3953125 0.0609375 0.06875
0 0.77890625 0.46796875 0.06875 0.059375
0 0.7796875 0.528125 0.0671875 0.040625
0 0.77421875 0.57265625 0.0640625 0.0453125
0 0.72578125 0.58828125 0.0546875 0.0390625
0 0.71796875 0.6546875 0.0703125 0.0515625
0 0.6328125 0.734375 0.065625 0.0515625
0 0.96015625 0.578125 0.0796875 0.0421875
0 0.978125 0.62109375 0.04375 0.0484375
0 0.90859375 0.675 0.059375 0.0640625
0 0.68515625 0.52265625 0.078125 0.05
0 0.665625 0.58828125 0.0671875 0.0421875
0 0.6453125 0.63046875 0.0671875 0.0453125
0 0.5328125 0.54296875 0.0546875 0.053125
0 0.4796875 0.54765625 0.05 0.040625
0 0.67578125 0.31328125 0.0578125 0.034375
0 0.653125 0.3734375 0.0640625 0.040625
0 0.665625 0.4296875 0.0578125 0.059375
0 0.48828125 0.4328125 0.0671875 0.0515625
0 0.47734375 0.20546875 0.0515625 0.059375
0 0.3328125 0.19296875 0.040625 0.0375
0 0.26953125 0.2734375 0.065625 0.040625
0 0.925 0.9625 0.04375 0.0421875
0 0.7140625 0.2171875 0.05 0.040625
0 0.66171875 0.15546875 0.0546875 0.0296875
0 0.9171875 0.0203125 0.0546875 0.040625
0 0.90859375 0.19765625 0.0453125 0.05