0 0.79140625 0.184375 0.0453125 0.0453125
0 0.8640625 0.13515625 0.071875 0.096875
0 0.815625 0.0421875 0.05 0.04375
0 0.93984375 0.0765625 0.0453125 0.0390625
0 0.9296875 0.23359375 0.05 0.0484375
0 0.93359375 0.17421875 0.05625 0.0609375
0 0.98046875 0.22734375 0.0390625 0.0359375
0 0.9828125 0.1921875 0.034375 0.040625
0 0.86875 0.5140625 0.0515625 0.0328125
0 0.9828125 0.50234375 0.034375 0.0390625
0 0.86171875 0.4796875 0.05 0.040625
0 0.9828125 0.465625 0.034375 0.034375
0 0.98046875 0.43359375 0.0390625 0.034375
0 0.8234375 0.43359375 0.04375 0.0375
0 0.828125 0.38671875 0.05 0.04375
0 0.88359375 0.4078125 0.034375 0.03125
0 0.93125 0.40234375 0.0359375 0.0453125
0 0.9828125 0.40234375 0.034375 0.034375
0 0.98203125 0.3546875 0.0359375 0.040625
0 0.75703125 0.440625 0.075 0.03125
0 0.76171875 0.39453125 0.0609375 0.0359375
0 0.784375 0.35234375 0.04375 0.0359375
0 0.97578125 0.59296875 0.0484375 0.0421875
0 0.68359375 0.59296875 0.059375 0.046875
0 0.6609375 0.696875 0.04375 0.046875
0 0.68046875 0.3015625 0.0390625 0.040625
0 0.68046875 0.225 0.053125 0.04375
0 0.4984375 0.25234375 0.078125 0.0546875
0 0.4921875 0.34921875 0.078125 0.0703125
0 0.284375 0.01953125 0.0515625 0.0390625
0 0.25234375 0.12109375 0.059375 0.0453125
0 0.32890625 0.04765625 0.0453125 0.03125
0 0.275 0.1671875 0.0453125 0.0390625
0 0.3046875 0.1453125 0.040625 0.04375
0 0.35234375 0.096875 0.0453125 0.034375
0 0.26484375 0.26015625 0.0609375 0.0484375
0 0.16015625 0.61953125 0.0640625 0.103125
0 0.10390625 0.6046875 0.0609375 0.06875
0 0.22109375 0.53203125 0.06875 0.059375
0 0.2203125 0.471875 0.0671875 0.040625
0 0.22578125 0.42734375 0.0640625 0.0453125
0 0.27421875 0.41171875 0.0546875 0.0390625
0 0.28203125 0.3453125 0.0703125 0.0515625
0 0.3671875 0.265625 0.065625 0.0515625
0 0.03984375 0.421875 0.0796875 0.0421875
0 0.021875 0.37890625 0.04375 0.0484375
0 0.09140625 0.325 0.059375 0.0640625
0 0.31484375 0.47734375 0.078125 0.05
0 0.334375 0.41171875 0.0671875 0.0421875
0 0.3546875 0.36953125 0.0671875 0.0453125
0 0.4671875 0.45703125 0.0546875 0.053125
0 0.5203125 0.45234375 0.05 0.040625
0 0.32421875 0.68671875 0.0578125 0.034375
0 0.346875 0.6265625 0.0640625 0.040625
0 0.334375 0.5703125 0.0578125 0.059375
0 0.51171875 0.5671875 0.0671875 0.0515625
0 0.52265625 0.79453125 0.0515625 0.059375
0 0.6671875 0.80703125 0.040625 0.0375
0 0.73046875 0.7265625 0.065625 0.040625
0 0.075 0.0375 0.04375 0.0421875
0 0.2859375 0.7828125 0.05 0.040625
0 0.33828125 0.84453125 0.0546875 0.0296875
0 0.0828125 0.9796875 0.0546875 0.040625
0 0.09140625 0.80234375 0.0453125 0.05