0 0.0421875 0.9109375 0.03125 0.0390625
0 0.0671875 0.91328125 0.0171875 0.034375
0 0.0546875 0.6671875 0.034375 0.046875
0 0.0453125 0.7703125 0.0296875 0.0296875
0 0.1140625 0.671875 0.0296875 0.0328125
0 0.10390625 0.709375 0.025 0.034375
0 0.7890625 0.2921875 0.040625 0.075
0 0.6234375 0.32421875 0.028125 0.05625
0 0.5140625 0.2109375 0.0265625 0.0515625
0 0.44765625 0.28984375 0.0265625 0.040625
0 0.28671875 0.4 0.025 0.046875
0 0.28515625 0.265625 0.028125 0.0484375
0 0.93828125 0.88046875 0.028125 0.040625
0 0.98359375 0.9375 0.0328125 0.0484375
0 0.81171875 0.8109375 0.0296875 0.040625
0 0.4875 0.86484375 0.025 0.0390625
0 0.36796875 0.86171875 0.0234375 0.0359375
0 0.3859375 0.56015625 0.0234375 0.046875
0 0.42578125 0.55 0.03125 0.04375
0 0.48828125 0.56328125 0.0328125 0.0359375
0 0.62734375 0.67109375 0.034375 0.0421875
0 0.68828125 0.5953125 0.0265625 0.0453125
0 0.9578125 0.3609375 0.0328125 0.0484375