0 0.79140625 0.815625 0.0453125 0.0453125
0 0.8640625 0.86484375 0.071875 0.096875
0 0.815625 0.9578125 0.05 0.04375
0 0.93984375 0.9234375 0.0453125 0.0390625
0 0.9296875 0.76640625 0.05 0.0484375
0 0.93359375 0.82578125 0.05625 0.0609375
0 0.98046875 0.77265625 0.0390625 0.0359375
0 0.9828125 0.8078125 0.034375 0.040625
0 0.86875 0.4859375 0.0515625 0.0328125
0 0.9828125 0.49765625 0.034375 0.0390625
0 0.86171875 0.5203125 0.05 0.040625
0 0.9828125 0.534375 0.034375 0.034375
0 0.98046875 0.56640625 0.0390625 0.034375
0 0.8234375 0.56640625 0.04375 0.0375
0 0.828125 0.61328125 0.05 0.04375
0 0.88359375 0.5921875 0.034375 0.03125
0 0.93125 0.59765625 0.0359375 0.0453125
0 0.9828125 0.59765625 0.034375 0.034375
0 0.98203125 0.6453125 0.0359375 0.040625
0 0.75703125 0.559375 0.075 0.03125
0 0.76171875 0.60546875 0.0609375 0.0359375
0 0.784375 0.64765625 0.04375 0.0359375
0 0.97578125 0.40703125 0.0484375 0.0421875
0 0.68359375 0.40703125 0.059375 0.046875
0 0.6609375 0.303125 0.04375 0.046875
0 0.68046875 0.6984375 0.0390625 0.040625
0 0.68046875 0.775 0.053125 0.04375
0 0.4984375 0.74765625 0.078125 0.0546875
0 0.4921875 0.65078125 0.078125 0.0703125
0 0.284375 0.98046875 0.0515625 0.0390625
0 0.25234375 0.87890625 0.059375 0.0453125
0 0.32890625 0.95234375 0.0453125 0.03125
0 0.275 0.8328125 0.0453125 0.0390625
0 0.3046875 0.8546875 0.040625 0.04375
0 0.35234375 0.903125 0.0453125 0.034375
0 0.26484375 0.73984375 0.0609375 0.0484375
0 0.16015625 0.38046875 0.0640625 0.103125
0 0.10390625 0.3953125 0.0609375 0.06875
0 0.22109375 0.46796875 0.06875 0.059375
0 0.2203125 0.528125 0.0671875 0.040625
0 0.22578125 0.57265625 0.0640625 0.0453125
0 0.27421875 0.58828125 0.0546875 0.0390625
0 0.28203125 0.6546875 0.0703125 0.0515625
0 0.3671875 0.734375 0.065625 0.0515625
0 0.03984375 0.578125 0.0796875 0.0421875
0 0.021875 0.62109375 0.04375 0.0484375
0 0.09140625 0.675 0.059375 0.0640625
0 0.31484375 0.52265625 0.078125 0.05
0 0.334375 0.58828125 0.0671875 0.0421875
0 0.3546875 0.63046875 0.0671875 0.0453125
0 0.4671875 0.54296875 0.0546875 0.053125
0 0.5203125 0.54765625 0.05 0.040625
0 0.32421875 0.31328125 0.0578125 0.034375
0 0.346875 0.3734375 0.0640625 0.040625
0 0.334375 0.4296875 0.0578125 0.059375
0 0.51171875 0.4328125 0.0671875 0.0515625
0 0.52265625 0.20546875 0.0515625 0.059375
0 0.6671875 0.19296875 0.040625 0.0375
0 0.73046875 0.2734375 0.065625 0.040625
0 0.075 0.9625 0.04375 0.0421875
0 0.2859375 0.2171875 0.05 0.040625
0 0.33828125 0.15546875 0.0546875 0.0296875
0 0.0828125 0.0203125 0.0546875 0.040625
0 0.09140625 0.19765625 0.0453125 0.05