0 0.12421875 0.6515625 0.0578125 0.175
0 0.0578125 0.5359375 0.0375 0.14375
0 0.23203125 0.34296875 0.0421875 0.1328125
0 0.21015625 0.46328125 0.0296875 0.1015625
0 0.26171875 0.70546875 0.034375 0.1171875
0 0.178125 0.684375 0.040625 0.128125
0 0.20703125 0.78203125 0.0375 0.1015625
0 0.10546875 0.89453125 0.034375 0.0890625
0 0.30703125 0.890625 0.0375 0.1015625
0 0.3421875 0.92578125 0.040625 0.0828125
0 0.434375 0.8109375 0.0375 0.11875
0 0.34609375 0.70859375 0.04375 0.10625
0 0.30859375 0.2671875 0.034375 0.09375
0 0.365625 0.3828125 0.046875 0.09375
0 0.35 0.31015625 0.0375 0.1078125
0 0.384375 0.5265625 0.0484375 0.1171875
0 0.4140625 0.58828125 0.0296875 0.1046875
0 0.20703125 0.09296875 0.0484375 0.153125
0 0.18828125 0.26171875 0.0328125 0.109375
0 0.09765625 0.16640625 0.0484375 0.1671875
0 0.05078125 0.075 0.0390625 0.1015625
0 0.41171875 0.26796875 0.0328125 0.0953125
0 0.51875 0.14765625 0.0609375 0.184375
0 0.453125 0.246875 0.0375 0.1015625
0 0.425 0.37421875 0.028125 0.0921875
0 0.4640625 0.46328125 0.0265625 0.0796875
0 0.48046875 0.3859375 0.0265625 0.0828125
0 0.54140625 0.5296875 0.053125 0.1515625
0 0.5421875 0.80859375 0.04375 0.146875
0 0.603125 0.29453125 0.0484375 0.1609375
0 0.6046875 0.421875 0.0421875 0.0796875
0 0.728125 0.80078125 0.03125 0.0984375
0 0.64765625 0.85546875 0.0421875 0.0984375
0 0.60078125 0.7984375 0.0390625 0.10625
0 0.590625 0.9375 0.0296875 0.0859375
0 0.71015625 0.47890625 0.0359375 0.11875
0 0.6765625 0.25859375 0.0328125 0.1015625
0 0.671875 0.0609375 0.0328125 0.096875
0 0.7296875 0.0546875 0.0359375 0.109375
0 0.81796875 0.140625 0.0296875 0.103125
0 0.80625 0.309375 0.0390625 0.1140625
0 0.859375 0.42109375 0.03125 0.0875
0 0.91171875 0.39453125 0.03125 0.1078125
0 0.94765625 0.2015625 0.0421875 0.109375
0 0.96640625 0.046875 0.0296875 0.084375
0 0.965625 0.50625 0.034375 0.096875
0 0.98046875 0.82421875 0.0296875 0.1125
0 0.92890625 0.80546875 0.0484375 0.13125
0 0.853125 0.79765625 0.0359375 0.10625