0 0.04140625 0.103125 0.028125 0.0484375
0 0.01796875 0.165625 0.0265625 0.0484375
0 0.01171875 0.25546875 0.0234375 0.0640625
0 0.04296875 0.28359375 0.03125 0.059375
0 0.09609375 0.20859375 0.025 0.053125
0 0.09765625 0.259375 0.028125 0.0375
0 0.14140625 0.215625 0.0328125 0.040625
0 0.10703125 0.14765625 0.025 0.04375
0 0.2171875 0.15390625 0.0265625 0.0484375
0 0.24296875 0.203125 0.03125 0.0515625
0 0.2140625 0.0140625 0.0375 0.028125
0 0.33046875 0.1609375 0.028125 0.0453125
0 0.2953125 0.121875 0.028125 0.0515625
0 0.36875 0.16875 0.0265625 0.040625
0 0.31640625 0.25546875 0.034375 0.0453125
0 0.27265625 0.3484375 0.040625 0.046875
0 0.14609375 0.38203125 0.025 0.03125
0 0.10703125 0.4359375 0.03125 0.0453125
0 0.2671875 0.4171875 0.0234375 0.0453125
0 0.31328125 0.45390625 0.0265625 0.053125
0 0.35390625 0.4328125 0.0328125 0.046875
0 0.30078125 0.52734375 0.03125 0.04375
0 0.20234375 0.6078125 0.0265625 0.0484375
0 0.13671875 0.62109375 0.0390625 0.05
0 0.1109375 0.56796875 0.021875 0.03125
0 0.215625 0.46171875 0.0171875 0.034375
0 0.23359375 0.50390625 0.0265625 0.0390625
0 0.35546875 0.525 0.01875 0.034375
0 0.39140625 0.5296875 0.025 0.0421875
0 0.35390625 0.5890625 0.040625 0.053125
0 0.40625 0.153125 0.025 0.0453125
0 0.4140625 0.02421875 0.0203125 0.04375
0 0.46015625 0.1796875 0.025 0.0546875
0 0.41796875 0.22890625 0.0265625 0.059375
0 0.41796875 0.3234375 0.025 0.0375
0 0.41796875 0.2796875 0.0296875 0.0453125
0 0.4359375 0.4296875 0.034375 0.0640625
0 0.4421875 0.60546875 0.0328125 0.0640625
0 0.3921875 0.646875 0.028125 0.0359375
0 0.44140625 0.6796875 0.03125 0.0375
0 0.44296875 0.7703125 0.0296875 0.0515625
0 0.446875 0.7109375 0.0171875 0.0328125
0 0.17578125 0.71015625 0.0359375 0.05
0 0.140625 0.703125 0.0203125 0.034375
0 0.01171875 0.7359375 0.0234375 0.05625
0 0.0359375 0.7125 0.028125 0.0515625
0 0.06171875 0.76953125 0.0375 0.05
0 0.30546875 0.7609375 0.03125 0.04375
0 0.059375 0.86640625 0.0296875 0.0484375
0 0.48828125 0.91953125 0.0328125 0.059375
0 0.4875 0.725 0.0265625 0.0546875
0 0.59375 0.73828125 0.0328125 0.0453125
0 0.4890625 0.5375 0.0359375 0.05625
0 0.47734375 0.4515625 0.03125 0.0671875
0 0.5671875 0.58203125 0.03125 0.071875
0 0.5515625 0.43828125 0.0375 0.05625
0 0.56015625 0.15703125 0.0265625 0.04375
0 0.54140625 0.04765625 0.028125 0.0625
0 0.503125 0.1109375 0.0296875 0.04375
0 0.60703125 0.259375 0.0265625 0.0375
0 0.6 0.32578125 0.0265625 0.053125
0 0.6734375 0.465625 0.0515625 0.0734375
0 0.63046875 0.434375 0.028125 0.0625
0 0.62421875 0.19453125 0.021875 0.0578125
0 0.64375 0.14609375 0.028125 0.040625
0 0.6453125 0.22421875 0.0359375 0.0640625
0 0.6453125 0.265625 0.028125 0.03125
0 0.75546875 0.24609375 0.028125 0.0546875
0 0.790625 0.38828125 0.025 0.0421875
0 0.80625 0.346875 0.028125 0.0375
0 0.81328125 0.434375 0.0328125 0.04375
0 0.73671875 0.3390625 0.0203125 0.0390625
0 0.68046875 0.29140625 0.0265625 0.0375
0 0.71171875 0.2609375 0.021875 0.0328125
0 0.6515625 0.046875 0.0234375 0.05
0 0.6828125 0.04375 0.0359375 0.0421875
0 0.81171875 0.18984375 0.0265625 0.0625
0 0.8609375 0.25234375 0.0484375 0.0578125
0 0.9859375 0.5859375 0.028125 0.053125
0 0.871875 0.4671875 0.0375 0.0515625
0 0.84765625 0.40078125 0.01875 0.0390625
0 0.86640625 0.37734375 0.028125 0.0484375
0 0.89453125 0.35546875 0.03125 0.046875
0 0.934375 0.36640625 0.028125 0.0375
0 0.940625 0.3125 0.0328125 0.0515625
0 0.97734375 0.36015625 0.0328125 0.0359375
0 0.78203125 0.17890625 0.0234375 0.0453125
0 0.6921875 0.1859375 0.0265625 0.05625
0 0.6921875 0.321875 0.021875 0.04375
0 0.8890625 0.54609375 0.03125 0.0390625