0 0.95859375 0.896875 0.028125 0.0484375
0 0.98203125 0.834375 0.0265625 0.0484375
0 0.98828125 0.74453125 0.0234375 0.0640625
0 0.95703125 0.71640625 0.03125 0.059375
0 0.90390625 0.79140625 0.025 0.053125
0 0.90234375 0.740625 0.028125 0.0375
0 0.85859375 0.784375 0.0328125 0.040625
0 0.89296875 0.85234375 0.025 0.04375
0 0.7828125 0.84609375 0.0265625 0.0484375
0 0.75703125 0.796875 0.03125 0.0515625
0 0.7859375 0.9859375 0.0375 0.028125
0 0.66953125 0.8390625 0.028125 0.0453125
0 0.7046875 0.878125 0.028125 0.0515625
0 0.63125 0.83125 0.0265625 0.040625
0 0.68359375 0.74453125 0.034375 0.0453125
0 0.72734375 0.6515625 0.040625 0.046875
0 0.85390625 0.61796875 0.025 0.03125
0 0.89296875 0.5640625 0.03125 0.0453125
0 0.7328125 0.5828125 0.0234375 0.0453125
0 0.68671875 0.54609375 0.0265625 0.053125
0 0.64609375 0.5671875 0.0328125 0.046875
0 0.69921875 0.47265625 0.03125 0.04375
0 0.79765625 0.3921875 0.0265625 0.0484375
0 0.86328125 0.37890625 0.0390625 0.05
0 0.8890625 0.43203125 0.021875 0.03125
0 0.784375 0.53828125 0.0171875 0.034375
0 0.76640625 0.49609375 0.0265625 0.0390625
0 0.64453125 0.475 0.01875 0.034375
0 0.60859375 0.4703125 0.025 0.0421875
0 0.64609375 0.4109375 0.040625 0.053125
0 0.59375 0.846875 0.025 0.0453125
0 0.5859375 0.97578125 0.0203125 0.04375
0 0.53984375 0.8203125 0.025 0.0546875
0 0.58203125 0.77109375 0.0265625 0.059375
0 0.58203125 0.6765625 0.025 0.0375
0 0.58203125 0.7203125 0.0296875 0.0453125
0 0.5640625 0.5703125 0.034375 0.0640625
0 0.5578125 0.39453125 0.0328125 0.0640625
0 0.6078125 0.353125 0.028125 0.0359375
0 0.55859375 0.3203125 0.03125 0.0375
0 0.55703125 0.2296875 0.0296875 0.0515625
0 0.553125 0.2890625 0.0171875 0.0328125
0 0.82421875 0.28984375 0.0359375 0.05
0 0.859375 0.296875 0.0203125 0.034375
0 0.98828125 0.2640625 0.0234375 0.05625
0 0.9640625 0.2875 0.028125 0.0515625
0 0.93828125 0.23046875 0.0375 0.05
0 0.69453125 0.2390625 0.03125 0.04375
0 0.940625 0.13359375 0.0296875 0.0484375
0 0.51171875 0.08046875 0.0328125 0.059375
0 0.5125 0.275 0.0265625 0.0546875
0 0.40625 0.26171875 0.0328125 0.0453125
0 0.5109375 0.4625 0.0359375 0.05625
0 0.52265625 0.5484375 0.03125 0.0671875
0 0.4328125 0.41796875 0.03125 0.071875
0 0.4484375 0.56171875 0.0375 0.05625
0 0.43984375 0.84296875 0.0265625 0.04375
0 0.45859375 0.95234375 0.028125 0.0625
0 0.496875 0.8890625 0.0296875 0.04375
0 0.39296875 0.740625 0.0265625 0.0375
0 0.4 0.67421875 0.0265625 0.053125
0 0.3265625 0.534375 0.0515625 0.0734375
0 0.36953125 0.565625 0.028125 0.0625
0 0.37578125 0.80546875 0.021875 0.0578125
0 0.35625 0.85390625 0.028125 0.040625
0 0.3546875 0.77578125 0.0359375 0.0640625
0 0.3546875 0.734375 0.028125 0.03125
0 0.24453125 0.75390625 0.028125 0.0546875
0 0.209375 0.61171875 0.025 0.0421875
0 0.19375 0.653125 0.028125 0.0375
0 0.18671875 0.565625 0.0328125 0.04375
0 0.26328125 0.6609375 0.0203125 0.0390625
0 0.31953125 0.70859375 0.0265625 0.0375
0 0.28828125 0.7390625 0.021875 0.0328125
0 0.3484375 0.953125 0.0234375 0.05
0 0.3171875 0.95625 0.0359375 0.0421875
0 0.18828125 0.81015625 0.0265625 0.0625
0 0.1390625 0.74765625 0.0484375 0.0578125
0 0.0140625 0.4140625 0.028125 0.053125
0 0.128125 0.5328125 0.0375 0.0515625
0 0.15234375 0.59921875 0.01875 0.0390625
0 0.13359375 0.62265625 0.028125 0.0484375
0 0.10546875 0.64453125 0.03125 0.046875
0 0.065625 0.63359375 0.028125 0.0375
0 0.059375 0.6875 0.0328125 0.0515625
0 0.02265625 0.63984375 0.0328125 0.0359375
0 0.21796875 0.82109375 0.0234375 0.0453125
0 0.3078125 0.8140625 0.0265625 0.05625
0 0.3078125 0.678125 0.021875 0.04375
0 0.1109375 0.45390625 0.03125 0.0390625