0 0.98359375 0.94453125 0.0328125 0.046875
0 0.9328125 0.90703125 0.034375 0.0515625
0 0.88671875 0.846875 0.025 0.040625
0 0.93828125 0.7578125 0.0265625 0.04375
0 0.9015625 0.7796875 0.0328125 0.0453125
0 0.909375 0.67109375 0.028125 0.0421875
0 0.98828125 0.5765625 0.0234375 0.04375
0 0.96484375 0.596875 0.0328125 0.053125
0 0.89609375 0.57578125 0.0328125 0.0484375
0 0.88203125 0.4734375 0.0453125 0.059375
0 0.7578125 0.76015625 0.0328125 0.05
0 0.71640625 0.746875 0.0453125 0.0578125
0 0.78125 0.54921875 0.0234375 0.0484375
0 0.7359375 0.59453125 0.025 0.040625
0 0.71640625 0.62890625 0.0234375 0.0453125
0 0.69296875 0.67265625 0.0484375 0.059375
0 0.825 0.72890625 0.0328125 0.05
0 0.88515625 0.98359375 0.0265625 0.0328125
0 0.98046875 0.83671875 0.0203125 0.0359375
0 0.78828125 0.62578125 0.025 0.0453125
0 0.7375 0.53671875 0.0265625 0.028125
0 0.715625 0.49765625 0.0234375 0.040625
0 0.67265625 0.54765625 0.028125 0.04375
0 0.85390625 0.3671875 0.0359375 0.065625
0 0.8078125 0.38671875 0.03125 0.05625
0 0.7734375 0.3375 0.0484375 0.0578125
0 0.9859375 0.3625 0.0265625 0.0453125
0 0.946875 0.36015625 0.021875 0.0375
0 0.90859375 0.37421875 0.0265625 0.0421875
0 0.92421875 0.3109375 0.028125 0.0390625
0 0.95859375 0.44296875 0.0234375 0.0453125
0 0.9546875 0.2140625 0.025 0.0421875
0 0.88515625 0.225 0.028125 0.0484375
0 0.85078125 0.16953125 0.0296875 0.0515625
0 0.83671875 0.21875 0.0203125 0.0375
0 0.8984375 0.06796875 0.0390625 0.0640625
0 0.953125 0.0984375 0.034375 0.046875
0 0.746875 0.15078125 0.028125 0.05
0 0.80234375 0.1109375 0.028125 0.04375
0 0.7171875 0.1359375 0.028125 0.0359375
0 0.68515625 0.18046875 0.0328125 0.053125
0 0.62890625 0.22890625 0.0359375 0.0625
0 0.709375 0.3359375 0.0328125 0.0453125
0 0.7171875 0.4 0.0234375 0.04375
0 0.58515625 0.38671875 0.034375 0.05
0 0.61796875 0.43359375 0.0265625 0.0453125
0 0.5671875 0.334375 0.0265625 0.04375
0 0.6046875 0.1578125 0.03125 0.0734375
0 0.64921875 0.8890625 0.028125 0.0453125
0 0.61875 0.8921875 0.025 0.04375
0 0.53359375 0.8328125 0.034375 0.04375
0 0.48203125 0.86328125 0.034375 0.05625
0 0.5015625 0.97890625 0.03125 0.0421875
0 0.6140625 0.94453125 0.0296875 0.0375
0 0.6015625 0.98046875 0.0265625 0.0390625
0 0.5765625 0.96640625 0.0265625 0.0375
0 0.5765625 0.86484375 0.0203125 0.0328125
0 0.55078125 0.884375 0.0296875 0.0375
0 0.58203125 0.76484375 0.028125 0.046875
0 0.48046875 0.7453125 0.0296875 0.0515625
0 0.478125 0.63828125 0.03125 0.04375
0 0.45703125 0.6859375 0.0234375 0.046875
0 0.45703125 0.5359375 0.0296875 0.0625
0 0.4484375 0.60546875 0.0234375 0.0359375
0 0.43125 0.50703125 0.025 0.046875
0 0.4640625 0.43046875 0.021875 0.053125
0 0.50859375 0.45234375 0.0375 0.046875
0 0.625 0.59921875 0.01875 0.0296875
0 0.603125 0.628125 0.021875 0.04375
0 0.56875 0.61640625 0.025 0.0390625
0 0.6 0.690625 0.0234375 0.0390625
0 0.3109375 0.70078125 0.040625 0.05625
0 0.3890625 0.76328125 0.04375 0.0453125
0 0.41640625 0.81015625 0.0265625 0.040625
0 0.38359375 0.82265625 0.0234375 0.04375
0 0.35078125 0.83671875 0.0234375 0.0390625
0 0.2515625 0.6375 0.028125 0.0515625
0 0.3609375 0.65390625 0.0359375 0.0515625
0 0.26015625 0.48125 0.028125 0.0515625
0 0.3390625 0.4359375 0.025 0.0453125
0 0.3375 0.49375 0.0421875 0.046875
0 0.38671875 0.55390625 0.021875 0.0359375
0 0.4125 0.6390625 0.0234375 0.04375
0 0.45234375 0.32890625 0.03125 0.0421875
0 0.40234375 0.28984375 0.0296875 0.0625
0 0.44609375 0.16328125 0.0390625 0.059375
0 0.5390625 0.0296875 0.025 0.040625
0 0.53671875 0.08671875 0.025 0.040625
0 0.51171875 0.03828125 0.03125 0.04375
0 0.3609375 0.0234375 0.03125 0.046875
0 0.31796875 0.1 0.034375 0.0609375
0 0.2921875 0.13828125 0.03125 0.0578125
0 0.253125 0.26484375 0.0375 0.0546875
0 0.2078125 0.19453125 0.0421875 0.075
0 0.12109375 0.18515625 0.0234375 0.0453125
0 0.15546875 0.11640625 0.0328125 0.0484375
0 0.10859375 0.09609375 0.03125 0.04375
0 0.16875 0.51171875 0.0375 0.05
0 0.16484375 0.58359375 0.0328125 0.0625
0 0.08125 0.5625 0.0359375 0.059375
0 0.771875 0.2796875 0.0328125 0.0359375
0 0.0171875 0.890625 0.034375 0.0609375
0 0.053125 0.71953125 0.028125 0.05
0 0.13125 0.7484375 0.0359375 0.05625
0 0.28671875 0.89140625 0.0203125 0.0375
0 0.2875 0.940625 0.0234375 0.0375
0 0.24765625 0.9796875 0.04375 0.040625
0 0.01640625 0.690625 0.0328125 0.053125
0 0.01484375 0.06171875 0.028125 0.05
0 0.209375 0.0171875 0.034375 0.034375
0 0.3640625 0.165625 0.0234375 0.0390625
0 0.421875 0.0484375 0.0234375 0.0421875
0 0.6 0.0640625 0.034375 0.040625
0 0.65234375 0.0546875 0.025 0.04375
0 0.73359375 0.9453125 0.0265625 0.0375