0 0.04140625 0.896875 0.028125 0.0484375
0 0.01796875 0.834375 0.0265625 0.0484375
0 0.01171875 0.74453125 0.0234375 0.0640625
0 0.04296875 0.71640625 0.03125 0.059375
0 0.09609375 0.79140625 0.025 0.053125
0 0.09765625 0.740625 0.028125 0.0375
0 0.14140625 0.784375 0.0328125 0.040625
0 0.10703125 0.85234375 0.025 0.04375
0 0.2171875 0.84609375 0.0265625 0.0484375
0 0.24296875 0.796875 0.03125 0.0515625
0 0.2140625 0.9859375 0.0375 0.028125
0 0.33046875 0.8390625 0.028125 0.0453125
0 0.2953125 0.878125 0.028125 0.0515625
0 0.36875 0.83125 0.0265625 0.040625
0 0.31640625 0.74453125 0.034375 0.0453125
0 0.27265625 0.6515625 0.040625 0.046875
0 0.14609375 0.61796875 0.025 0.03125
0 0.10703125 0.5640625 0.03125 0.0453125
0 0.2671875 0.5828125 0.0234375 0.0453125
0 0.31328125 0.54609375 0.0265625 0.053125
0 0.35390625 0.5671875 0.0328125 0.046875
0 0.30078125 0.47265625 0.03125 0.04375
0 0.20234375 0.3921875 0.0265625 0.0484375
0 0.13671875 0.37890625 0.0390625 0.05
0 0.1109375 0.43203125 0.021875 0.03125
0 0.215625 0.53828125 0.0171875 0.034375
0 0.23359375 0.49609375 0.0265625 0.0390625
0 0.35546875 0.475 0.01875 0.034375
0 0.39140625 0.4703125 0.025 0.0421875
0 0.35390625 0.4109375 0.040625 0.053125
0 0.40625 0.846875 0.025 0.0453125
0 0.4140625 0.97578125 0.0203125 0.04375
0 0.46015625 0.8203125 0.025 0.0546875
0 0.41796875 0.77109375 0.0265625 0.059375
0 0.41796875 0.6765625 0.025 0.0375
0 0.41796875 0.7203125 0.0296875 0.0453125
0 0.4359375 0.5703125 0.034375 0.0640625
0 0.4421875 0.39453125 0.0328125 0.0640625
0 0.3921875 0.353125 0.028125 0.0359375
0 0.44140625 0.3203125 0.03125 0.0375
0 0.44296875 0.2296875 0.0296875 0.0515625
0 0.446875 0.2890625 0.0171875 0.0328125
0 0.17578125 0.28984375 0.0359375 0.05
0 0.140625 0.296875 0.0203125 0.034375
0 0.01171875 0.2640625 0.0234375 0.05625
0 0.0359375 0.2875 0.028125 0.0515625
0 0.06171875 0.23046875 0.0375 0.05
0 0.30546875 0.2390625 0.03125 0.04375
0 0.059375 0.13359375 0.0296875 0.0484375
0 0.48828125 0.08046875 0.0328125 0.059375
0 0.4875 0.275 0.0265625 0.0546875
0 0.59375 0.26171875 0.0328125 0.0453125
0 0.4890625 0.4625 0.0359375 0.05625
0 0.47734375 0.5484375 0.03125 0.0671875
0 0.5671875 0.41796875 0.03125 0.071875
0 0.5515625 0.56171875 0.0375 0.05625
0 0.56015625 0.84296875 0.0265625 0.04375
0 0.54140625 0.95234375 0.028125 0.0625
0 0.503125 0.8890625 0.0296875 0.04375
0 0.60703125 0.740625 0.0265625 0.0375
0 0.6 0.67421875 0.0265625 0.053125
0 0.6734375 0.534375 0.0515625 0.0734375
0 0.63046875 0.565625 0.028125 0.0625
0 0.62421875 0.80546875 0.021875 0.0578125
0 0.64375 0.85390625 0.028125 0.040625
0 0.6453125 0.77578125 0.0359375 0.0640625
0 0.6453125 0.734375 0.028125 0.03125
0 0.75546875 0.75390625 0.028125 0.0546875
0 0.790625 0.61171875 0.025 0.0421875
0 0.80625 0.653125 0.028125 0.0375
0 0.81328125 0.565625 0.0328125 0.04375
0 0.73671875 0.6609375 0.0203125 0.0390625
0 0.68046875 0.70859375 0.0265625 0.0375
0 0.71171875 0.7390625 0.021875 0.0328125
0 0.6515625 0.953125 0.0234375 0.05
0 0.6828125 0.95625 0.0359375 0.0421875
0 0.81171875 0.81015625 0.0265625 0.0625
0 0.8609375 0.74765625 0.0484375 0.0578125
0 0.9859375 0.4140625 0.028125 0.053125
0 0.871875 0.5328125 0.0375 0.0515625
0 0.84765625 0.59921875 0.01875 0.0390625
0 0.86640625 0.62265625 0.028125 0.0484375
0 0.89453125 0.64453125 0.03125 0.046875
0 0.934375 0.63359375 0.028125 0.0375
0 0.940625 0.6875 0.0328125 0.0515625
0 0.97734375 0.63984375 0.0328125 0.0359375
0 0.78203125 0.82109375 0.0234375 0.0453125
0 0.6921875 0.8140625 0.0265625 0.05625
0 0.6921875 0.678125 0.021875 0.04375
0 0.8890625 0.45390625 0.03125 0.0390625