0 0.06015625 0.0828125 0.028125 0.0390625
0 0.15546875 0.05 0.025 0.05
0 0.1375 0.1421875 0.0328125 0.0546875
0 0.134375 0.18046875 0.0265625 0.028125
0 0.14609375 0.21328125 0.0265625 0.040625
0 0.2609375 0.18828125 0.0359375 0.046875
0 0.2359375 0.2296875 0.0234375 0.03125
0 0.15703125 0.25078125 0.021875 0.03125
0 0.071875 0.3546875 0.0390625 0.0578125
0 0.06015625 0.240625 0.021875 0.04375
0 0.18359375 0.06796875 0.0296875 0.0359375
0 0.009375 0.128125 0.0171875 0.034375
0 0.02265625 0.0984375 0.0234375 0.034375
0 0.05859375 0.14921875 0.025 0.028125
0 0.06484375 0.4234375 0.0234375 0.0296875
0 0.078125 0.4796875 0.0328125 0.0390625
0 0.128125 0.56171875 0.0515625 0.0875
0 0.05234375 0.5625 0.03125 0.0640625
0 0.10859375 0.6703125 0.040625 0.065625
0 0.07734375 0.76640625 0.0328125 0.05
0 0.10078125 0.88984375 0.021875 0.0296875
0 0.11796875 0.890625 0.0234375 0.0609375
0 0.06640625 0.8984375 0.0234375 0.0421875
0 0.0609375 0.94140625 0.028125 0.0234375
0 0.03203125 0.87109375 0.021875 0.0296875
0 0.08203125 0.81171875 0.0171875 0.034375
0 0.228125 0.94453125 0.0296875 0.04375
0 0.159375 0.9734375 0.0265625 0.0328125
0 0.265625 0.86328125 0.034375 0.0625
0 0.2828125 0.73984375 0.0328125 0.0546875
0 0.3015625 0.646875 0.028125 0.040625
0 0.31796875 0.81640625 0.0234375 0.053125
0 0.1609375 0.47265625 0.021875 0.04375
0 0.21171875 0.53125 0.028125 0.0375
0 0.3171875 0.4890625 0.03125 0.0453125
0 0.23828125 0.37109375 0.0359375 0.0515625
0 0.2609375 0.3078125 0.0234375 0.0609375
0 0.153125 0.31640625 0.0296875 0.03125
0 0.20390625 0.37734375 0.025 0.0390625
0 0.17421875 0.40625 0.0234375 0.0375
0 0.203125 0.178125 0.0234375 0.0453125
0 0.278125 0.10546875 0.021875 0.0375
0 0.3328125 0.0609375 0.028125 0.0328125
0 0.3828125 0.14453125 0.0296875 0.04375
0 0.32890625 0.1828125 0.021875 0.0359375
0 0.3375 0.14765625 0.0203125 0.028125
0 0.35234375 0.16171875 0.0203125 0.034375
0 0.33671875 0.28828125 0.0203125 0.03125
0 0.3375 0.253125 0.0234375 0.03125
0 0.33359375 0.22578125 0.015625 0.0265625
0 0.3515625 0.23515625 0.01875 0.0375
0 0.35625 0.28046875 0.0234375 0.034375
0 0.37265625 0.30078125 0.028125 0.0375
0 0.41875 0.48125 0.0546875 0.0765625
0 0.3390625 0.41875 0.028125 0.0328125
0 0.3640625 0.51640625 0.025 0.0375
0 0.43203125 0.57265625 0.0265625 0.046875
0 0.453125 0.63046875 0.0390625 0.053125
0 0.35859375 0.6546875 0.025 0.034375
0 0.35625 0.71484375 0.03125 0.0484375
0 0.43203125 0.7265625 0.0265625 0.0484375
0 0.3921875 0.9390625 0.046875 0.0765625
0 0.33984375 0.9453125 0.0203125 0.0328125
0 0.30703125 0.92890625 0.021875 0.03125
0 0.34296875 0.91171875 0.021875 0.03125
0 0.35234375 0.85234375 0.021875 0.0421875
0 0.35703125 0.8234375 0.0203125 0.0390625
0 0.2109375 0.6140625 0.0234375 0.0375
0 0.14921875 0.875 0.025 0.0359375
0 0.1421875 0.8375 0.021875 0.03125
0 0.08203125 0.8734375 0.01875 0.034375
0 0.5203125 0.06328125 0.028125 0.0375
0 0.54140625 0.178125 0.0328125 0.0453125
0 0.52578125 0.2203125 0.025 0.0234375
0 0.5453125 0.23359375 0.0203125 0.0390625
0 0.6015625 0.371875 0.0296875 0.05625
0 0.52421875 0.48828125 0.0234375 0.04375
0 0.4828125 0.5421875 0.025 0.040625
0 0.546875 0.56953125 0.028125 0.0515625
0 0.56953125 0.88515625 0.0328125 0.0609375
0 0.5453125 0.89609375 0.0203125 0.0375
0 0.50859375 0.903125 0.025 0.0359375
0 0.52890625 0.8203125 0.0203125 0.0421875
0 0.6625 0.9578125 0.0421875 0.0640625
0 0.7046875 0.84296875 0.028125 0.046875
0 0.75625 0.8859375 0.0375 0.075
0 0.7875 0.77578125 0.0453125 0.0703125
0 0.8453125 0.890625 0.0453125 0.0765625
0 0.95078125 0.8375 0.0375 0.0578125
0 0.9015625 0.74765625 0.025 0.0515625
0 0.98046875 0.83125 0.0171875 0.0375
0 0.93984375 0.96015625 0.0328125 0.0296875
0 0.93125 0.93046875 0.021875 0.0328125
0 0.875 0.85546875 0.0265625 0.046875
0 0.84296875 0.51328125 0.0375 0.05625
0 0.93515625 0.3984375 0.0328125 0.0625
0 0.90859375 0.4359375 0.0265625 0.0546875
0 0.803125 0.37265625 0.0390625 0.05
0 0.6875 0.4140625 0.034375 0.0484375
0 0.70234375 0.1953125 0.0390625 0.065625
0 0.9078125 0.29765625 0.0296875 0.0421875
0 0.89609375 0.2640625 0.025 0.0359375
0 0.87421875 0.19609375 0.0265625 0.0453125
0 0.8703125 0.07265625 0.01875 0.025
0 0.65859375 0.3109375 0.0203125 0.040625
0 0.6671875 0.1203125 0.0234375 0.0328125
0 0.79765625 0.4515625 0.028125 0.0296875
0 0.70546875 0.48046875 0.028125 0.0390625
0 0.72109375 0.52890625 0.0203125 0.0265625
0 0.73984375 0.5109375 0.028125 0.034375
0 0.70078125 0.765625 0.025 0.05
0 0.75703125 0.9734375 0.0234375 0.053125
0 0.74140625 0.934375 0.03125 0.0359375
0 0.2265625 0.453125 0.021875 0.0296875
0 0.25234375 0.47890625 0.0171875 0.028125
0 0.26953125 0.43125 0.021875 0.0359375
0 0.209375 0.04296875 0.01875 0.03125
0 0.23515625 0.03984375 0.0171875 0.0296875
0 0.29765625 0.0578125 0.0125 0.0203125
0 0.2140625 0.70390625 0.0171875 0.0265625
0 0.24140625 0.69765625 0.01875 0.028125
0 0.1796875 0.725 0.021875 0.0265625
0 0.11171875 0.76171875 0.0234375 0.0296875
0 0.196875 0.803125 0.0140625 0.025
0 0.17421875 0.84375 0.015625 0.0296875
0 0.20703125 0.834375 0.01875 0.0328125
0 0.178125 0.8796875 0.021875 0.03125
0 0.2046875 0.884375 0.015625 0.028125
0 0.2140625 0.9734375 0.0171875 0.0265625
0 0.196875 0.9609375 0.01875 0.028125
0 0.2453125 0.96484375 0.0171875 0.028125
0 0.22890625 0.9875 0.0171875 0.025
0 0.25546875 0.9359375 0.0203125 0.03125
0 0.253125 0.90234375 0.0203125 0.03125
0 0.27265625 0.90390625 0.015625 0.021875
0 0.2828125 0.92421875 0.0171875 0.028125
0 0.31875 0.9546875 0.01875 0.0296875
0 0.3140625 0.87890625 0.0171875 0.0265625
0 0.3390625 0.8859375 0.01875 0.0265625
0 0.33359375 0.78671875 0.0203125 0.0265625
0 0.4328125 0.784375 0.015625 0.0234375
0 0.50703125 0.953125 0.0203125 0.0359375
0 0.4765625 0.97890625 0.0234375 0.0375
0 0.51015625 0.81640625 0.0203125 0.0265625
0 0.54765625 0.79765625 0.021875 0.034375
0 0.665625 0.8109375 0.0203125 0.028125
0 0.5921875 0.84765625 0.0234375 0.025
0 0.59453125 0.8828125 0.0265625 0.0328125
0 0.62265625 0.890625 0.0203125 0.0265625
0 0.62109375 0.85390625 0.01875 0.0296875
0 0.65 0.38671875 0.0203125 0.0328125
0 0.603125 0.43984375 0.0171875 0.0296875