0 0.034375 0.10078125 0.0328125 0.0484375
0 0.0078125 0.075 0.015625 0.0375
0 0.009375 0.1484375 0.01875 0.05
0 0.040625 0.19140625 0.0328125 0.059375
0 0.065625 0.22421875 0.0296875 0.0390625
0 0.0140625 0.425 0.028125 0.03125
0 0.0203125 0.3953125 0.040625 0.0609375
0 0.021875 0.34609375 0.0390625 0.0375
0 0.01875 0.31484375 0.0375 0.0265625
0 0.0171875 0.28515625 0.034375 0.0453125
0 0.0109375 0.23671875 0.021875 0.04375
0 0.06015625 0.38984375 0.0328125 0.0453125
0 0.065625 0.31015625 0.025 0.0359375
0 0.090625 0.259375 0.0203125 0.03125
0 0.1140625 0.26328125 0.025 0.0390625
0 0.09375 0.2140625 0.0234375 0.04375
0 0.06875 0.15546875 0.0296875 0.0515625
0 0.084375 0.09453125 0.028125 0.040625
0 0.0375 0.015625 0.0296875 0.03125
0 0.1390625 0.0140625 0.025 0.028125
0 0.2 0.0390625 0.034375 0.0484375
0 0.153125 0.11875 0.021875 0.046875
0 0.17734375 0.1015625 0.0265625 0.053125
0 0.20234375 0.08359375 0.0296875 0.0359375
0 0.10859375 0.13984375 0.015625 0.0359375
0 0.2 0.16015625 0.021875 0.0390625
0 0.21953125 0.14140625 0.0328125 0.075
0 0.16484375 0.28125 0.0265625 0.05
0 0.11875 0.31875 0.021875 0.04375
0 0.13828125 0.28515625 0.0328125 0.0375
0 0.14296875 0.34921875 0.0234375 0.03125
0 0.16328125 0.34375 0.021875 0.0296875
0 0.075 0.43828125 0.0234375 0.034375
0 0.0890625 0.396875 0.0265625 0.04375
0 0.1109375 0.41171875 0.025 0.0328125
0 0.0625 0.49375 0.034375 0.053125
0 0.28671875 0.3359375 0.034375 0.053125
0 0.2453125 0.45390625 0.03125 0.034375
0 0.23828125 0.42421875 0.021875 0.040625
0 0.25703125 0.41171875 0.028125 0.040625
0 0.29296875 0.40625 0.0234375 0.040625
0 0.375 0.4171875 0.03125 0.0484375
0 0.30625 0.5625 0.0453125 0.04375
0 0.303125 0.44765625 0.025 0.034375
0 0.18828125 0.30859375 0.021875 0.034375
0 0.20078125 0.28125 0.015625 0.0234375
0 0.29453125 0.15625 0.0296875 0.0421875
0 0.32890625 0.15859375 0.0296875 0.040625
0 0.3734375 0.1609375 0.03125 0.0578125
0 0.32109375 0.06171875 0.0265625 0.046875
0 0.32578125 0.11328125 0.0234375 0.0375
0 0.3484375 0.10703125 0.0265625 0.0453125
0 0.23203125 0.29140625 0.021875 0.0390625
0 0.23984375 0.253125 0.0171875 0.0234375
0 0.25703125 0.22578125 0.0234375 0.0359375
0 0.22734375 0.37109375 0.028125 0.0515625
0 0.13984375 0.5375 0.025 0.0265625
0 0.12890625 0.5140625 0.015625 0.0296875
0 0.1484375 0.48828125 0.025 0.0421875
0 0.134375 0.44453125 0.021875 0.0296875
0 0.16015625 0.5328125 0.0234375 0.028125
0 0.1859375 0.50546875 0.025 0.03125
0 0.24140625 0.56171875 0.01875 0.03125
0 0.2609375 0.5546875 0.0234375 0.025
0 0.26484375 0.52109375 0.0296875 0.0515625
0 0.22109375 0.54140625 0.0234375 0.025
0 0.21796875 0.50390625 0.021875 0.028125
0 0.0140625 0.5984375 0.028125 0.0359375
0 0.15859375 0.625 0.021875 0.0296875
0 0.159375 0.59140625 0.021875 0.028125
0 0.25078125 0.6640625 0.0328125 0.04375
0 0.2875 0.6703125 0.0359375 0.053125
0 0.2359375 0.63046875 0.0234375 0.0359375
0 0.3359375 0.6671875 0.01875 0.0328125
0 0.35390625 0.6515625 0.0234375 0.04375
0 0.32109375 0.50859375 0.021875 0.0328125
0 0.34609375 0.5203125 0.021875 0.034375
0 0.35390625 0.74609375 0.0296875 0.0375
0 0.315625 0.75234375 0.0421875 0.0515625
0 0.171875 0.7984375 0.025 0.028125
0 0.19375 0.78984375 0.0203125 0.0375
0 0.075 0.70625 0.025 0.0390625
0 0.02890625 0.646875 0.0421875 0.040625
0 0.115625 0.6828125 0.0265625 0.0390625
0 0.20390625 0.9421875 0.0375 0.05
0 0.35078125 0.89765625 0.021875 0.0390625
0 0.3609375 0.9359375 0.0265625 0.0328125
0 0.2671875 0.7140625 0.0359375 0.040625
0 0.3984375 0.76953125 0.0265625 0.03125
0 0.41796875 0.84140625 0.021875 0.0265625
0 0.3546875 0.82421875 0.028125 0.03125
0 0.4265625 0.8171875 0.0265625 0.0296875
0 0.48125 0.8875 0.01875 0.0296875
0 0.50859375 0.85625 0.0234375 0.028125
0 0.4875 0.7953125 0.0203125 0.0203125
0 0.51015625 0.73046875 0.021875 0.0328125
0 0.56796875 0.77890625 0.0234375 0.0265625
0 0.653125 0.753125 0.0203125 0.0375
0 0.55703125 0.87734375 0.0234375 0.03125
0 0.43203125 0.69140625 0.015625 0.025
0 0.4578125 0.69375 0.0203125 0.028125
0 0.47578125 0.684375 0.021875 0.034375
0 0.4125 0.66484375 0.0203125 0.03125
0 0.384375 0.6328125 0.0203125 0.025
0 0.48203125 0.5703125 0.0203125 0.03125
0 0.5578125 0.50859375 0.0234375 0.0390625
0 0.5953125 0.471875 0.025 0.0390625
0 0.5578125 0.4421875 0.021875 0.028125
0 0.49453125 0.47265625 0.0234375 0.034375
0 0.50390625 0.4359375 0.021875 0.0265625
0 0.5234375 0.459375 0.0265625 0.0265625
0 0.41484375 0.46015625 0.0359375 0.0421875
0 0.39140625 0.52578125 0.034375 0.04375
0 0.38046875 0.5703125 0.03125 0.0328125
0 0.38203125 0.24140625 0.0390625 0.0671875
0 0.3765625 0.2953125 0.034375 0.0484375
0 0.41796875 0.2109375 0.0453125 0.05
0 0.34921875 0.32890625 0.021875 0.028125
0 0.37734375 0.36484375 0.03125 0.0421875
0 0.265625 0.2609375 0.01875 0.0375
0 0.29453125 0.26015625 0.0203125 0.0375
0 0.3125 0.25546875 0.0234375 0.0359375
0 0.25859375 0.1625 0.025 0.028125
0 0.2625 0.12421875 0.0234375 0.034375
0 0.2609375 0.0796875 0.0203125 0.0328125
0 0.28671875 0.04296875 0.0234375 0.04375
0 0.3640625 0.06953125 0.0234375 0.034375
0 0.4 0.06328125 0.025 0.0421875
0 0.43203125 0.07421875 0.01875 0.03125
0 0.43203125 0.0375 0.03125 0.04375
0 0.45078125 0.0234375 0.0203125 0.0375
0 0.50078125 0.0640625 0.0234375 0.0453125
0 0.546875 0.03984375 0.028125 0.0375
0 0.58203125 0.11015625 0.0359375 0.0703125
0 0.525 0.1578125 0.01875 0.0328125
0 0.54140625 0.14296875 0.0234375 0.040625
0 0.52109375 0.2109375 0.028125 0.046875
0 0.509375 0.2734375 0.0390625 0.065625
0 0.490625 0.32265625 0.05 0.0484375
0 0.46171875 0.3671875 0.0203125 0.04375
0 0.44453125 0.33046875 0.034375 0.053125
0 0.41328125 0.2625 0.021875 0.034375
0 0.45859375 0.171875 0.028125 0.0390625
0 0.49140625 0.10859375 0.028125 0.0328125
0 0.653125 0.03046875 0.03125 0.059375
0 0.61015625 0.23203125 0.0265625 0.034375
0 0.5765625 0.26015625 0.025 0.046875
0 0.6203125 0.3453125 0.028125 0.0390625
0 0.61328125 0.30234375 0.021875 0.03125
0 0.48359375 0.41015625 0.021875 0.040625
0 0.43984375 0.425 0.0328125 0.0390625
0 0.503125 0.3765625 0.0265625 0.028125
0 0.55390625 0.359375 0.028125 0.028125
0 0.5640625 0.32890625 0.028125 0.0375
0 0.64375 0.38125 0.0265625 0.040625
0 0.7828125 0.50859375 0.0484375 0.053125
0 0.4328125 0.55390625 0.01875 0.028125
0 0.45234375 0.540625 0.0203125 0.0265625
0 0.48515625 0.51875 0.021875 0.03125
0 0.56171875 0.59375 0.0234375 0.028125
0 0.57734375 0.5734375 0.0203125 0.034375
0 0.52578125 0.64453125 0.0203125 0.025
0 0.54609375 0.64296875 0.028125 0.028125
0 0.5921875 0.67421875 0.01875 0.0328125
0 0.70859375 0.8265625 0.0234375 0.028125
0 0.7359375 0.85546875 0.021875 0.025
0 0.76875 0.8625 0.0203125 0.0359375
0 0.7875 0.87578125 0.0265625 0.0234375
0 0.82578125 0.8109375 0.0234375 0.0265625
0 0.846875 0.8125 0.0265625 0.028125
0 0.8421875 0.790625 0.0296875 0.025
0 0.81171875 0.76953125 0.03125 0.0296875
0 0.73828125 0.7140625 0.0296875 0.0234375
0 0.7015625 0.72109375 0.0265625 0.03125
0 0.909375 0.61875 0.0484375 0.0421875
0 0.8484375 0.5828125 0.028125 0.0296875
0 0.81953125 0.56015625 0.021875 0.01875
0 0.734375 0.58984375 0.0203125 0.034375
0 0.8109375 0.13046875 0.034375 0.0453125
0 0.76015625 0.29609375 0.0234375 0.03125
0 0.76484375 0.2609375 0.0203125 0.028125
0 0.77109375 0.22109375 0.0296875 0.040625
0 0.790625 0.18515625 0.028125 0.0328125
0 0.73125 0.2296875 0.03125 0.0421875
0 0.8328125 0.215625 0.0328125 0.0359375
0 0.871875 0.36328125 0.0296875 0.0390625
0 0.9484375 0.36640625 0.0265625 0.0453125
0 0.93828125 0.41171875 0.0296875 0.0328125
0 0.9734375 0.24375 0.028125 0.053125
0 0.91796875 0.275 0.021875 0.0328125
0 0.8625 0.24375 0.025 0.0359375
0 0.884375 0.2375 0.0234375 0.0359375
0 0.90703125 0.240625 0.0265625 0.034375
0 0.87578125 0.1671875 0.028125 0.0359375
0 0.77578125 0.05234375 0.0234375 0.046875
0 0.75390625 0.11640625 0.025 0.0390625
0 0.753125 0.1859375 0.0265625 0.0296875
0 0.7625 0.15078125 0.0234375 0.0328125
0 0.71640625 0.1859375 0.025 0.0359375
0 0.7796875 0.30234375 0.0203125 0.0359375
0 0.81171875 0.2984375 0.021875 0.0265625
0 0.92578125 0.13125 0.0203125 0.040625
0 0.94921875 0.15546875 0.0234375 0.0375
0 0.93046875 0.31953125 0.025 0.0359375
0 0.6984375 0.42421875 0.034375 0.046875
0 0.64765625 0.30625 0.0234375 0.0296875
0 0.62265625 0.27265625 0.021875 0.03125
0 0.54609375 0.1984375 0.0265625 0.028125
0 0.540625 0.278125 0.01875 0.034375
0 0.55546875 0.2484375 0.0265625 0.034375
0 0.30859375 0.3734375 0.0203125 0.028125
0 0.32421875 0.42265625 0.01875 0.0265625
0 0.3046875 0.41796875 0.0203125 0.028125
0 0.346875 0.4265625 0.015625 0.03125
0 0.359375 0.4765625 0.015625 0.028125
0 0.33828125 0.3921875 0.015625 0.021875
0 0.3515625 0.37578125 0.021875 0.0234375
0 0.4296875 0.37890625 0.0140625 0.0265625
0 0.40546875 0.3453125 0.01875 0.03125
0 0.10390625 0.54140625 0.0203125 0.0296875
0 0.459375 0.10078125 0.015625 0.025
0 0.54375 0.1 0.0140625 0.025
0 0.575 0.0328125 0.01875 0.0265625
0 0.72109375 0.046875 0.0234375 0.03125
0 0.6984375 0.09140625 0.01875 0.028125
0 0.66171875 0.14765625 0.0171875 0.021875
0 0.746875 0.38203125 0.0125 0.021875
0 0.765625 0.375 0.021875 0.0265625
0 0.703125 0.53359375 0.021875 0.0265625