0 0.1390625 0.78515625 0.0234375 0.0375
0 0.1328125 0.684375 0.0203125 0.0359375
0 0.12265625 0.6375 0.01875 0.0359375
0 0.009375 0.58515625 0.0171875 0.0390625
0 0.04296875 0.5328125 0.0234375 0.0390625
0 0.01015625 0.51328125 0.0140625 0.0265625
0 0.009375 0.4671875 0.015625 0.03125
0 0.009375 0.7859375 0.01875 0.04375
0 0.03515625 0.875 0.01875 0.03125
0 0.05546875 0.94453125 0.01875 0.0296875
0 0.14453125 0.9796875 0.0140625 0.0328125
0 0.10703125 0.809375 0.021875 0.0328125
0 0.19453125 0.79453125 0.01875 0.0359375
0 0.1765625 0.746875 0.01875 0.0265625
0 0.1921875 0.74296875 0.0171875 0.0234375
0 0.2078125 0.75546875 0.0171875 0.04375
0 0.16171875 0.69765625 0.0125 0.0375
0 0.084375 0.5734375 0.0171875 0.04375
0 0.18203125 0.6 0.0171875 0.028125
0 0.08046875 0.296875 0.0203125 0.040625
0 0.1125 0.20390625 0.0234375 0.0453125
0 0.11640625 0.27578125 0.0234375 0.0328125
0 0.01640625 0.28671875 0.01875 0.0390625
0 0.0265625 0.06015625 0.01875 0.0359375
0 0.04375 0.05078125 0.025 0.0390625
0 0.09765625 0.0671875 0.021875 0.0375
0 0.0703125 0.1859375 0.0140625 0.0359375
0 0.19765625 0.16484375 0.021875 0.0421875
0 0.271875 0.528125 0.0203125 0.0390625
0 0.1921875 0.55390625 0.0203125 0.025
0 0.190625 0.528125 0.0203125 0.03125
0 0.20703125 0.51328125 0.015625 0.0296875
0 0.1921875 0.478125 0.015625 0.028125
0 0.1296875 0.3625 0.0140625 0.0296875
0 0.09765625 0.35703125 0.0171875 0.028125
0 0.2859375 0.67890625 0.0234375 0.034375
0 0.3203125 0.721875 0.021875 0.0296875
0 0.26796875 0.73515625 0.015625 0.03125
0 0.27734375 0.759375 0.021875 0.028125
0 0.259375 0.834375 0.0265625 0.03125
0 0.26171875 0.80390625 0.0296875 0.0359375
0 0.29140625 0.8453125 0.0265625 0.034375
0 0.33359375 0.84921875 0.01875 0.0375
0 0.30234375 0.884375 0.025 0.028125
0 0.27109375 0.89453125 0.021875 0.0296875
0 0.2953125 0.9375 0.0203125 0.034375
0 0.26015625 0.959375 0.025 0.034375
0 0.25078125 0.90625 0.0203125 0.0296875
0 0.34375 0.9375 0.01875 0.0296875
0 0.33046875 0.89765625 0.0171875 0.03125
0 0.38671875 0.915625 0.021875 0.0328125
0 0.3609375 0.86171875 0.015625 0.0234375
0 0.40078125 0.79453125 0.0265625 0.040625
0 0.36171875 0.73125 0.0140625 0.025
0 0.37265625 0.71328125 0.0171875 0.0234375
0 0.3828125 0.6875 0.0296875 0.03125
0 0.37109375 0.64296875 0.01875 0.0296875
0 0.40625 0.57734375 0.021875 0.0390625
0 0.3875 0.534375 0.025 0.028125
0 0.39453125 0.51328125 0.0203125 0.0234375
0 0.40390625 0.49609375 0.0171875 0.025
0 0.45546875 0.62578125 0.025 0.0234375
0 0.4671875 0.64921875 0.0203125 0.028125
0 0.4234375 0.75234375 0.01875 0.03125
0 0.440625 0.72578125 0.021875 0.028125
0 0.434375 0.7 0.0234375 0.021875
0 0.4375 0.67890625 0.025 0.0296875
0 0.45625 0.74765625 0.0203125 0.0328125
0 0.45546875 0.5796875 0.0140625 0.0328125
0 0.475 0.5828125 0.0203125 0.03125
0 0.45078125 0.4546875 0.0171875 0.0265625
0 0.46328125 0.871875 0.0125 0.0265625
0 0.4625 0.84453125 0.015625 0.0296875
0 0.4546875 0.925 0.0140625 0.0234375
0 0.4875 0.95078125 0.0171875 0.034375
0 0.47421875 0.9875 0.015625 0.025
0 0.50390625 0.91875 0.01875 0.0390625
0 0.4890625 0.88359375 0.0203125 0.0328125
0 0.50078125 0.834375 0.0171875 0.0328125
0 0.5234375 0.82890625 0.0140625 0.0359375
0 0.5515625 0.825 0.0171875 0.03125
0 0.546875 0.87890625 0.0296875 0.0296875
0 0.52890625 0.8671875 0.0203125 0.028125
0 0.53203125 0.90859375 0.0203125 0.0265625
0 0.5625 0.89453125 0.025 0.0234375
0 0.59609375 0.86328125 0.0171875 0.05
0 0.5609375 0.74453125 0.0203125 0.034375
0 0.55078125 0.70703125 0.021875 0.03125
0 0.534375 0.740625 0.0234375 0.028125
0 0.525 0.77890625 0.0203125 0.03125
0 0.765625 0.93125 0.01875 0.028125
0 0.7375 0.834375 0.0234375 0.0359375
0 0.70625 0.803125 0.0125 0.028125
0 0.72265625 0.8015625 0.01875 0.0375
0 0.65078125 0.7453125 0.025 0.028125
0 0.63359375 0.78046875 0.0203125 0.021875
0 0.65703125 0.875 0.028125 0.0390625
0 0.69296875 0.93515625 0.0203125 0.034375
0 0.84453125 0.853125 0.01875 0.021875
0 0.7828125 0.78984375 0.025 0.0375
0 0.9484375 0.83515625 0.0234375 0.0390625
0 0.8875 0.88125 0.0234375 0.040625
0 0.94921875 0.91171875 0.021875 0.0296875
0 0.9265625 0.921875 0.021875 0.0234375
0 0.8984375 0.93359375 0.0234375 0.03125
0 0.9015625 0.98046875 0.01875 0.0328125
0 0.95234375 0.77421875 0.0203125 0.0265625
0 0.921875 0.81015625 0.0203125 0.028125
0 0.934375 0.7875 0.0265625 0.0328125
0 0.9328125 0.7671875 0.0171875 0.0265625
0 0.8984375 0.5609375 0.025 0.04375
0 0.9640625 0.490625 0.0296875 0.0484375
0 0.73046875 0.5484375 0.0234375 0.040625
0 0.73125 0.46953125 0.0203125 0.0390625
0 0.7125 0.46328125 0.0234375 0.034375
0 0.68671875 0.56484375 0.0203125 0.028125
0 0.54765625 0.49375 0.021875 0.040625
0 0.5015625 0.525 0.0265625 0.03125
0 0.52890625 0.57109375 0.0203125 0.034375
0 0.52578125 0.625 0.0203125 0.0359375
0 0.5484375 0.5421875 0.021875 0.0359375
0 0.59375 0.2421875 0.025 0.0390625
0 0.5546875 0.32890625 0.0171875 0.028125
0 0.57265625 0.36640625 0.0234375 0.0234375
0 0.62578125 0.284375 0.0203125 0.03125
0 0.51796875 0.19609375 0.021875 0.0296875
0 0.88125 0.24140625 0.01875 0.0390625
0 0.91640625 0.19921875 0.021875 0.0390625
0 0.99453125 0.39609375 0.0109375 0.046875