0 0.24375 0.16796875 0.0453125 0.0765625
0 0.18984375 0.10390625 0.0390625 0.0609375
0 0.140625 0.1203125 0.0375 0.053125
0 0.07578125 0.14609375 0.0359375 0.0609375
0 0.04140625 0.0984375 0.028125 0.046875
0 0.1515625 0.20703125 0.0390625 0.0578125
0 0.21015625 0.3203125 0.046875 0.075
0 0.06015625 0.2703125 0.0234375 0.040625
0 0.03515625 0.36875 0.0359375 0.0578125
0 0.06328125 0.41875 0.0390625 0.0546875
0 0.09609375 0.36796875 0.0390625 0.059375
0 0.153125 0.42578125 0.040625 0.0734375
0 0.109375 0.60078125 0.0453125 0.0859375
0 0.01328125 0.5328125 0.0265625 0.05
0 0.16015625 0.609375 0.040625 0.0734375
0 0.01484375 0.6234375 0.0234375 0.040625
0 0.05390625 0.6109375 0.0359375 0.0515625
0 0.21484375 0.6203125 0.034375 0.0546875
0 0.19609375 0.5203125 0.0375 0.05
0 0.18984375 0.4703125 0.025 0.0390625
0 0.2328125 0.38125 0.0328125 0.0375
0 0.278125 0.37578125 0.0421875 0.075
0 0.04140625 0.72109375 0.034375 0.0640625
0 0.1140625 0.71796875 0.0375 0.046875
0 0.1578125 0.703125 0.03125 0.040625
0 0.22109375 0.7 0.046875 0.0515625
0 0.234375 0.79296875 0.04375 0.0796875
0 0.121875 0.928125 0.034375 0.059375
0 0.1671875 0.89296875 0.0421875 0.08125
0 0.20546875 0.88828125 0.0375 0.065625
0 0.3046875 0.94140625 0.0484375 0.075
0 0.3171875 0.8015625 0.0484375 0.0890625
0 0.396875 0.81484375 0.0359375 0.0671875
0 0.425 0.7234375 0.0390625 0.0671875
0 0.334375 0.628125 0.034375 0.0546875
0 0.396875 0.55625 0.0375 0.0578125
0 0.33046875 0.5171875 0.0453125 0.059375
0 0.32734375 0.428125 0.0375 0.05625
0 0.37109375 0.38359375 0.034375 0.0453125
0 0.36640625 0.22109375 0.0390625 0.065625
0 0.403125 0.28203125 0.03125 0.0484375
0 0.37109375 0.1546875 0.0484375 0.075
0 0.45703125 0.13359375 0.040625 0.05625
0 0.40859375 0.04140625 0.0296875 0.0546875
0 0.4671875 0.06015625 0.0296875 0.0515625
0 0.5234375 0.0640625 0.0375 0.046875
0 0.4953125 0.20546875 0.0359375 0.0640625
0 0.5375 0.12734375 0.03125 0.0484375
0 0.58515625 0.06875 0.03125 0.0515625
0 0.46875 0.33671875 0.0390625 0.0671875
0 0.5234375 0.3765625 0.0375 0.0625
0 0.621875 0.41484375 0.040625 0.078125
0 0.57421875 0.41484375 0.0359375 0.0546875
0 0.490625 0.58359375 0.0328125 0.05625
0 0.49140625 0.51328125 0.0359375 0.046875
0 0.48671875 0.4578125 0.03125 0.0390625
0 0.4375 0.5109375 0.0453125 0.0578125
0 0.56015625 0.584375 0.034375 0.059375
0 0.609375 0.56171875 0.0375 0.0703125
0 0.50390625 0.659375 0.046875 0.0734375
0 0.43671875 0.60546875 0.0390625 0.0484375
0 0.4796875 0.89296875 0.04375 0.0703125
0 0.48984375 0.81640625 0.0328125 0.053125
0 0.48125 0.7546875 0.0390625 0.0546875
0 0.5171875 0.728125 0.0328125 0.0515625
0 0.60625 0.95 0.0453125 0.078125
0 0.56796875 0.75703125 0.0296875 0.0578125
0 0.66796875 0.90390625 0.0421875 0.0546875
0 0.83125 0.93984375 0.034375 0.0484375
0 0.834375 0.8015625 0.034375 0.0546875
0 0.7640625 0.88515625 0.0328125 0.04375
0 0.94140625 0.76015625 0.0453125 0.059375
0 0.92734375 0.896875 0.0296875 0.0484375
0 0.9328125 0.85390625 0.0265625 0.05
0 0.959375 0.82734375 0.0296875 0.040625
0 0.97265625 0.78125 0.034375 0.0515625
0 0.9703125 0.896875 0.0296875 0.040625
0 0.7453125 0.6484375 0.0578125 0.0765625
0 0.70625 0.5828125 0.0390625 0.0515625
0 0.64921875 0.5703125 0.0390625 0.0625
0 0.65625 0.4640625 0.034375 0.059375
0 0.70546875 0.46640625 0.0359375 0.0578125
0 0.69765625 0.4046875 0.0390625 0.0609375
0 0.75625 0.50625 0.040625 0.0453125
0 0.76875 0.46640625 0.034375 0.0546875
0 0.83671875 0.49765625 0.0328125 0.0453125
0 0.85078125 0.5796875 0.0390625 0.0515625
0 0.953125 0.39609375 0.0375 0.0515625
0 0.97109375 0.53125 0.03125 0.0515625
0 0.89765625 0.509375 0.034375 0.0359375
0 0.8484375 0.3625 0.028125 0.0625
0 0.825 0.1890625 0.040625 0.059375
0 0.75078125 0.17421875 0.034375 0.0609375
0 0.67890625 0.1484375 0.0546875 0.08125
0 0.9015625 0.0875 0.046875 0.05625
0 0.82421875 0.0421875 0.0390625 0.0453125
0 0.7515625 0.040625 0.034375 0.0484375
0 0.6484375 0.03359375 0.0359375 0.0453125