0 0.24375 0.83203125 0.0453125 0.0765625
0 0.18984375 0.89609375 0.0390625 0.0609375
0 0.140625 0.8796875 0.0375 0.053125
0 0.07578125 0.85390625 0.0359375 0.0609375
0 0.04140625 0.9015625 0.028125 0.046875
0 0.1515625 0.79296875 0.0390625 0.0578125
0 0.21015625 0.6796875 0.046875 0.075
0 0.06015625 0.7296875 0.0234375 0.040625
0 0.03515625 0.63125 0.0359375 0.0578125
0 0.06328125 0.58125 0.0390625 0.0546875
0 0.09609375 0.63203125 0.0390625 0.059375
0 0.153125 0.57421875 0.040625 0.0734375
0 0.109375 0.39921875 0.0453125 0.0859375
0 0.01328125 0.4671875 0.0265625 0.05
0 0.16015625 0.390625 0.040625 0.0734375
0 0.01484375 0.3765625 0.0234375 0.040625
0 0.05390625 0.3890625 0.0359375 0.0515625
0 0.21484375 0.3796875 0.034375 0.0546875
0 0.19609375 0.4796875 0.0375 0.05
0 0.18984375 0.5296875 0.025 0.0390625
0 0.2328125 0.61875 0.0328125 0.0375
0 0.278125 0.62421875 0.0421875 0.075
0 0.04140625 0.27890625 0.034375 0.0640625
0 0.1140625 0.28203125 0.0375 0.046875
0 0.1578125 0.296875 0.03125 0.040625
0 0.22109375 0.3 0.046875 0.0515625
0 0.234375 0.20703125 0.04375 0.0796875
0 0.121875 0.071875 0.034375 0.059375
0 0.1671875 0.10703125 0.0421875 0.08125
0 0.20546875 0.11171875 0.0375 0.065625
0 0.3046875 0.05859375 0.0484375 0.075
0 0.3171875 0.1984375 0.0484375 0.0890625
0 0.396875 0.18515625 0.0359375 0.0671875
0 0.425 0.2765625 0.0390625 0.0671875
0 0.334375 0.371875 0.034375 0.0546875
0 0.396875 0.44375 0.0375 0.0578125
0 0.33046875 0.4828125 0.0453125 0.059375
0 0.32734375 0.571875 0.0375 0.05625
0 0.37109375 0.61640625 0.034375 0.0453125
0 0.36640625 0.77890625 0.0390625 0.065625
0 0.403125 0.71796875 0.03125 0.0484375
0 0.37109375 0.8453125 0.0484375 0.075
0 0.45703125 0.86640625 0.040625 0.05625
0 0.40859375 0.95859375 0.0296875 0.0546875
0 0.4671875 0.93984375 0.0296875 0.0515625
0 0.5234375 0.9359375 0.0375 0.046875
0 0.4953125 0.79453125 0.0359375 0.0640625
0 0.5375 0.87265625 0.03125 0.0484375
0 0.58515625 0.93125 0.03125 0.0515625
0 0.46875 0.66328125 0.0390625 0.0671875
0 0.5234375 0.6234375 0.0375 0.0625
0 0.621875 0.58515625 0.040625 0.078125
0 0.57421875 0.58515625 0.0359375 0.0546875
0 0.490625 0.41640625 0.0328125 0.05625
0 0.49140625 0.48671875 0.0359375 0.046875
0 0.48671875 0.5421875 0.03125 0.0390625
0 0.4375 0.4890625 0.0453125 0.0578125
0 0.56015625 0.415625 0.034375 0.059375
0 0.609375 0.43828125 0.0375 0.0703125
0 0.50390625 0.340625 0.046875 0.0734375
0 0.43671875 0.39453125 0.0390625 0.0484375
0 0.4796875 0.10703125 0.04375 0.0703125
0 0.48984375 0.18359375 0.0328125 0.053125
0 0.48125 0.2453125 0.0390625 0.0546875
0 0.5171875 0.271875 0.0328125 0.0515625
0 0.60625 0.05 0.0453125 0.078125
0 0.56796875 0.24296875 0.0296875 0.0578125
0 0.66796875 0.09609375 0.0421875 0.0546875
0 0.83125 0.06015625 0.034375 0.0484375
0 0.834375 0.1984375 0.034375 0.0546875
0 0.7640625 0.11484375 0.0328125 0.04375
0 0.94140625 0.23984375 0.0453125 0.059375
0 0.92734375 0.103125 0.0296875 0.0484375
0 0.9328125 0.14609375 0.0265625 0.05
0 0.959375 0.17265625 0.0296875 0.040625
0 0.97265625 0.21875 0.034375 0.0515625
0 0.9703125 0.103125 0.0296875 0.040625
0 0.7453125 0.3515625 0.0578125 0.0765625
0 0.70625 0.4171875 0.0390625 0.0515625
0 0.64921875 0.4296875 0.0390625 0.0625
0 0.65625 0.5359375 0.034375 0.059375
0 0.70546875 0.53359375 0.0359375 0.0578125
0 0.69765625 0.5953125 0.0390625 0.0609375
0 0.75625 0.49375 0.040625 0.0453125
0 0.76875 0.53359375 0.034375 0.0546875
0 0.83671875 0.50234375 0.0328125 0.0453125
0 0.85078125 0.4203125 0.0390625 0.0515625
0 0.953125 0.60390625 0.0375 0.0515625
0 0.97109375 0.46875 0.03125 0.0515625
0 0.89765625 0.490625 0.034375 0.0359375
0 0.8484375 0.6375 0.028125 0.0625
0 0.825 0.8109375 0.040625 0.059375
0 0.75078125 0.82578125 0.034375 0.0609375
0 0.67890625 0.8515625 0.0546875 0.08125
0 0.9015625 0.9125 0.046875 0.05625
0 0.82421875 0.9578125 0.0390625 0.0453125
0 0.7515625 0.959375 0.034375 0.0484375
0 0.6484375 0.96640625 0.0359375 0.0453125