0 0.87578125 0.6515625 0.0578125 0.175
0 0.9421875 0.5359375 0.0375 0.14375
0 0.76796875 0.34296875 0.0421875 0.1328125
0 0.78984375 0.46328125 0.0296875 0.1015625
0 0.73828125 0.70546875 0.034375 0.1171875
0 0.821875 0.684375 0.040625 0.128125
0 0.79296875 0.78203125 0.0375 0.1015625
0 0.89453125 0.89453125 0.034375 0.0890625
0 0.69296875 0.890625 0.0375 0.1015625
0 0.6578125 0.92578125 0.040625 0.0828125
0 0.565625 0.8109375 0.0375 0.11875
0 0.65390625 0.70859375 0.04375 0.10625
0 0.69140625 0.2671875 0.034375 0.09375
0 0.634375 0.3828125 0.046875 0.09375
0 0.65 0.31015625 0.0375 0.1078125
0 0.615625 0.5265625 0.0484375 0.1171875
0 0.5859375 0.58828125 0.0296875 0.1046875
0 0.79296875 0.09296875 0.0484375 0.153125
0 0.81171875 0.26171875 0.0328125 0.109375
0 0.90234375 0.16640625 0.0484375 0.1671875
0 0.94921875 0.075 0.0390625 0.1015625
0 0.58828125 0.26796875 0.0328125 0.0953125
0 0.48125 0.14765625 0.0609375 0.184375
0 0.546875 0.246875 0.0375 0.1015625
0 0.575 0.37421875 0.028125 0.0921875
0 0.5359375 0.46328125 0.0265625 0.0796875
0 0.51953125 0.3859375 0.0265625 0.0828125
0 0.45859375 0.5296875 0.053125 0.1515625
0 0.4578125 0.80859375 0.04375 0.146875
0 0.396875 0.29453125 0.0484375 0.1609375
0 0.3953125 0.421875 0.0421875 0.0796875
0 0.271875 0.80078125 0.03125 0.0984375
0 0.35234375 0.85546875 0.0421875 0.0984375
0 0.39921875 0.7984375 0.0390625 0.10625
0 0.409375 0.9375 0.0296875 0.0859375
0 0.28984375 0.47890625 0.0359375 0.11875
0 0.3234375 0.25859375 0.0328125 0.1015625
0 0.328125 0.0609375 0.0328125 0.096875
0 0.2703125 0.0546875 0.0359375 0.109375
0 0.18203125 0.140625 0.0296875 0.103125
0 0.19375 0.309375 0.0390625 0.1140625
0 0.140625 0.42109375 0.03125 0.0875
0 0.08828125 0.39453125 0.03125 0.1078125
0 0.05234375 0.2015625 0.0421875 0.109375
0 0.03359375 0.046875 0.0296875 0.084375
0 0.034375 0.50625 0.034375 0.096875
0 0.01953125 0.82421875 0.0296875 0.1125
0 0.07109375 0.80546875 0.0484375 0.13125
0 0.146875 0.79765625 0.0359375 0.10625