0 0.12734375 0.265625 0.078125 0.1203125
0 0.5046875 0.49375 0.0859375 0.140625
0 0.75 0.46015625 0.1578125 0.1609375
0 0.58359375 0.24375 0.0828125 0.209375
0 0.52109375 0.15390625 0.059375 0.1078125
0 0.76015625 0.21171875 0.071875 0.0859375
0 0.66328125 0.13984375 0.0515625 0.0796875
0 0.41484375 0.9171875 0.0765625 0.1265625
0 0.4046875 0.8015625 0.06875 0.0890625
0 0.27734375 0.75703125 0.0578125 0.0796875
0 0.6515625 0.80625 0.0703125 0.103125
0 0.83125 0.9140625 0.0875 0.125
0 0.71875 0.7609375 0.0703125 0.1171875
0 0.796875 0.79296875 0.059375 0.109375
0 0.871875 0.1234375 0.059375 0.0921875
0 0.8890625 0.3984375 0.04375 0.078125
0 0.92734375 0.303125 0.0515625 0.075
0 0.97421875 0.3953125 0.0515625 0.08125
0 0.928125 0.87109375 0.05 0.0890625
0 0.98359375 0.84140625 0.0328125 0.0953125
0 0.95625 0.04375 0.065625 0.0875
0 0.621875 0.45390625 0.0453125 0.0796875
0 0.66328125 0.33359375 0.0453125 0.096875
0 0.40703125 0.7109375 0.05625 0.0796875