0 0.79921875 0.12109375 0.0453125 0.084375
0 0.8 0.30078125 0.0328125 0.05
0 0.7859375 0.23359375 0.040625 0.06875
0 0.95625 0.17890625 0.028125 0.05
0 0.93515625 0.1375 0.034375 0.0484375
0 0.95 0.29609375 0.0203125 0.04375
0 0.8703125 0.2921875 0.028125 0.0421875
0 0.91484375 0.55234375 0.028125 0.04375
0 0.8828125 0.58515625 0.0203125 0.0421875
0 0.87734375 0.52578125 0.0234375 0.0421875
0 0.98125 0.603125 0.03125 0.040625
0 0.9875 0.5390625 0.025 0.046875
0 0.90546875 0.73359375 0.025 0.04375
0 0.90078125 0.6890625 0.021875 0.034375
0 0.871875 0.6203125 0.0140625 0.028125
0 0.98828125 0.72109375 0.0234375 0.0328125
0 0.890625 0.88515625 0.040625 0.059375
0 0.90625 0.81875 0.021875 0.0265625
0 0.9 0.79375 0.0203125 0.03125
0 0.82265625 0.83828125 0.025 0.04375
0 0.7765625 0.81640625 0.0234375 0.0375
0 0.746875 0.84921875 0.021875 0.0453125
0 0.78203125 0.88359375 0.0203125 0.0296875
0 0.73984375 0.95078125 0.0171875 0.0390625
0 0.6953125 0.971875 0.025 0.05625
0 0.78203125 0.9859375 0.0265625 0.028125
0 0.68671875 0.7375 0.0359375 0.04375
0 0.76796875 0.7390625 0.0296875 0.0453125
0 0.78671875 0.653125 0.0296875 0.0453125
0 0.73203125 0.6546875 0.0296875 0.0421875
0 0.69140625 0.64140625 0.021875 0.0359375
0 0.72734375 0.559375 0.021875 0.0296875
0 0.778125 0.584375 0.0265625 0.0359375
0 0.78046875 0.53828125 0.021875 0.028125
0 0.7796875 0.51171875 0.0234375 0.03125
0 0.77421875 0.47890625 0.0234375 0.03125
0 0.7671875 0.45 0.03125 0.0375
0 0.7359375 0.5 0.0203125 0.0328125
0 0.73125 0.4625 0.034375 0.0375
0 0.690625 0.5453125 0.0203125 0.03125
0 0.821875 0.465625 0.015625 0.0296875
0 0.79375 0.44296875 0.0203125 0.0375
0 0.790625 0.41484375 0.0203125 0.0265625
0 0.77109375 0.3953125 0.0203125 0.03125
0 0.75078125 0.39765625 0.0171875 0.040625
0 0.7296875 0.40546875 0.0234375 0.040625
0 0.80078125 0.38984375 0.0203125 0.021875
0 0.7796875 0.36953125 0.0203125 0.03125
0 0.7640625 0.34375 0.0265625 0.0484375
0 0.753125 0.29609375 0.0203125 0.0421875
0 0.73203125 0.26875 0.021875 0.04375
0 0.72734375 0.21171875 0.0265625 0.0484375
0 0.76328125 0.18515625 0.0296875 0.0453125
0 0.76328125 0.11875 0.028125 0.053125
0 0.7171875 0.1203125 0.03125 0.0484375
0 0.740625 0.08203125 0.0234375 0.046875
0 0.725 0.05703125 0.025 0.0515625
0 0.69375 0.04296875 0.0234375 0.0375
0 0.6734375 0.1515625 0.028125 0.046875
0 0.69140625 0.2203125 0.021875 0.0328125
0 0.67265625 0.3984375 0.01875 0.04375
0 0.71640625 0.340625 0.01875 0.0328125
0 0.63515625 0.06015625 0.021875 0.040625
0 0.59609375 0.0875 0.028125 0.053125
0 0.603125 0.0234375 0.025 0.0359375
0 0.5765625 0.2609375 0.0265625 0.0453125
0 0.5625 0.4625 0.0203125 0.040625
0 0.6109375 0.6578125 0.025 0.0484375
0 0.565625 0.67890625 0.0265625 0.046875
0 0.540625 0.62734375 0.0203125 0.0359375
0 0.5734375 0.57109375 0.01875 0.034375
0 0.5515625 0.753125 0.0296875 0.05
0 0.55390625 0.84140625 0.021875 0.0328125
0 0.553125 0.8078125 0.0296875 0.0421875
0 0.58046875 0.91328125 0.0265625 0.04375
0 0.48125 0.83046875 0.0203125 0.0421875
0 0.45625 0.7984375 0.0265625 0.0453125
0 0.48359375 0.8984375 0.015625 0.034375
0 0.47890625 0.9546875 0.0203125 0.04375
0 0.4890625 0.6890625 0.028125 0.0484375
0 0.4875 0.584375 0.015625 0.0328125
0 0.4578125 0.58671875 0.0203125 0.03125
0 0.4859375 0.53359375 0.01875 0.034375
0 0.4671875 0.10703125 0.0359375 0.08125
0 0.4640625 0.16484375 0.0390625 0.0625
0 0.5125 0.17734375 0.0296875 0.04375
0 0.5078125 0.2828125 0.034375 0.0453125
0 0.50625 0.23984375 0.0265625 0.0390625
0 0.48046875 0.26640625 0.028125 0.0484375
0 0.5265625 0.42265625 0.0265625 0.0359375
0 0.509375 0.38046875 0.025 0.025
0 0.39765625 0.340625 0.0375 0.0453125
0 0.3625 0.32734375 0.021875 0.0390625
0 0.38671875 0.29296875 0.028125 0.0453125
0 0.390625 0.2578125 0.028125 0.0375
0 0.3625 0.16953125 0.0359375 0.05625
0 0.41015625 0.0265625 0.0171875 0.0359375
0 0.35 0.02578125 0.028125 0.0515625
0 0.36953125 0.42578125 0.0265625 0.0578125
0 0.4015625 0.44921875 0.028125 0.0640625
0 0.4015625 0.50625 0.0359375 0.0484375
0 0.39765625 0.91015625 0.028125 0.05
0 0.3234375 0.92421875 0.0296875 0.0515625
0 0.321875 0.85390625 0.028125 0.0390625
0 0.321875 0.57890625 0.025 0.0390625
0 0.315625 0.48828125 0.0234375 0.0375
0 0.29921875 0.396875 0.028125 0.0625
0 0.30234375 0.28515625 0.0265625 0.05625
0 0.284375 0.1125 0.03125 0.0546875
0 0.30546875 0.21015625 0.0234375 0.0375
0 0.2828125 0.18046875 0.025 0.0375
0 0.22890625 0.0828125 0.0203125 0.04375
0 0.2875 0.04296875 0.0265625 0.0453125
0 0.184375 0.05703125 0.021875 0.046875
0 0.24140625 0.5265625 0.0234375 0.0578125
0 0.15 0.784375 0.028125 0.0515625
0 0.1765625 0.8171875 0.0296875 0.0609375
0 0.15078125 0.86796875 0.0265625 0.0515625
0 0.1484375 0.834375 0.021875 0.0421875
0 0.14609375 0.65078125 0.0375 0.05625
0 0.12421875 0.58046875 0.0453125 0.05625
0 0.10546875 0.4859375 0.0328125 0.053125
0 0.11875 0.42890625 0.0296875 0.0453125
0 0.096875 0.24609375 0.0296875 0.046875
0 0.084375 0.3171875 0.03125 0.0625
0 0.0765625 0.16171875 0.028125 0.05625
0 0.0765625 0.209375 0.025 0.0375
0 0.11328125 0.10625 0.0234375 0.0421875
0 0.12890625 0.07109375 0.0234375 0.0453125
0 0.0203125 0.19609375 0.040625 0.071875
0 0.01796875 0.24609375 0.034375 0.0546875
0 0.02890625 0.43125 0.0390625 0.071875
0 0.03671875 0.36875 0.0296875 0.0484375
0 0.01875 0.325 0.034375 0.053125
0 0.02109375 0.48671875 0.0296875 0.071875
0 0.04765625 0.4859375 0.03125 0.0546875
0 0.06015625 0.58984375 0.021875 0.0421875
0 0.046875 0.546875 0.0328125 0.0515625
0 0.03984375 0.61875 0.0359375 0.0484375
0 0.0203125 0.57109375 0.025 0.04375
0 0.08046875 0.75390625 0.021875 0.0375
0 0.07265625 0.7171875 0.028125 0.0546875
0 0.05390625 0.840625 0.0359375 0.065625
0 0.08515625 0.7984375 0.025 0.0484375
0 0.103125 0.9109375 0.0296875 0.04375
0 0.09453125 0.8734375 0.0203125 0.04375
0 0.05703125 0.90234375 0.021875 0.046875
0 0.03125 0.89765625 0.0296875 0.04375
0 0.0296875 0.78125 0.028125 0.04375
0 0.05546875 0.75234375 0.0234375 0.0453125