0 0.678125 0.13046875 0.0765625 0.1171875
0 0.775 0.18671875 0.0859375 0.115625
0 0.84375 0.2921875 0.10625 0.1359375
0 0.8625 0.434375 0.1046875 0.153125
0 0.86640625 0.603125 0.1 0.115625
0 0.8375 0.76640625 0.1078125 0.15
0 0.7328125 0.603125 0.1109375 0.16875
0 0.74296875 0.89453125 0.1109375 0.1765625
0 0.5984375 0.90703125 0.090625 0.1625
0 0.5859375 0.58203125 0.115625 0.153125
0 0.53984375 0.734375 0.1234375 0.1390625
0 0.5703125 0.20390625 0.090625 0.15
0 0.421875 0.18671875 0.0921875 0.128125
0 0.42109375 0.3453125 0.084375 0.140625
0 0.353125 0.475 0.1046875 0.14375
0 0.203125 0.4453125 0.1 0.15
0 0.190625 0.6203125 0.10625 0.1296875
0 0.22421875 0.790625 0.0734375 0.1375
0 0.28984375 0.909375 0.09375 0.11875
0 0.35078125 0.10546875 0.0671875 0.128125
0 0.2703125 0.0953125 0.078125 0.1109375
0 0.184375 0.15546875 0.071875 0.1234375
0 0.15859375 0.29296875 0.0828125 0.10625