0 0.87578125 0.85 0.08125 0.040625
0 0.965625 0.80859375 0.06875 0.046875
0 0.79375 0.8890625 0.0609375 0.0328125
0 0.72890625 0.846875 0.0578125 0.0328125
0 0.68125 0.88671875 0.0359375 0.025
0 0.5890625 0.88984375 0.046875 0.028125
0 0.653125 0.82890625 0.053125 0.0453125
0 0.57421875 0.8359375 0.0484375 0.034375
0 0.46796875 0.8234375 0.090625 0.0390625
0 0.79453125 0.759375 0.09375 0.0515625
0 0.9015625 0.7609375 0.0796875 0.05
0 0.88984375 0.684375 0.0734375 0.0265625
0 0.84921875 0.71875 0.0671875 0.0375
0 0.771875 0.69375 0.0859375 0.0390625
0 0.32421875 0.6890625 0.0953125 0.053125
0 0.41015625 0.6953125 0.075 0.05
0 0.515625 0.6921875 0.0796875 0.0671875
0 0.1875 0.7734375 0.0890625 0.0390625
0 0.13828125 0.684375 0.0703125 0.053125
0 0.203125 0.634375 0.090625 0.0359375
0 0.26953125 0.759375 0.075 0.0421875
0 0.32265625 0.828125 0.0640625 0.0328125
0 0.0421875 0.66015625 0.0796875 0.0359375
0 0.05078125 0.68828125 0.0640625 0.03125
0 0.6375 0.565625 0.075 0.025
0 0.57265625 0.60078125 0.090625 0.03125
0 0.53828125 0.628125 0.0875 0.0296875
0 0.6453125 0.6265625 0.0546875 0.0359375
0 0.7484375 0.6515625 0.0453125 0.0296875
0 0.6890625 0.65625 0.0640625 0.0359375
0 0.8640625 0.6328125 0.0671875 0.040625
0 0.94140625 0.5671875 0.0640625 0.0484375
0 0.88125 0.56875 0.0671875 0.034375
0 0.80546875 0.58046875 0.0890625 0.046875
0 0.94921875 0.51796875 0.0859375 0.0453125
0 0.74296875 0.528125 0.096875 0.046875
0 0.56484375 0.54453125 0.0796875 0.0421875
0 0.37890625 0.53125 0.0984375 0.0375
0 0.30390625 0.5265625 0.0703125 0.04375
0 0.23671875 0.509375 0.078125 0.0328125
0 0.13046875 0.515625 0.078125 0.028125
0 0.48046875 0.596875 0.05625 0.0359375
0 0.4078125 0.5875 0.06875 0.0359375
0 0.3359375 0.64375 0.0703125 0.0390625
0 0.2625 0.590625 0.059375 0.0328125
0 0.14375 0.6046875 0.05625 0.028125
0 0.13046875 0.40546875 0.1234375 0.0390625
0 0.10546875 0.45078125 0.075 0.028125
0 0.36953125 0.43515625 0.0796875 0.04375
0 0.36953125 0.475 0.0796875 0.0421875
0 0.4890625 0.4609375 0.0796875 0.028125
0 0.490625 0.48828125 0.084375 0.0359375
0 0.63515625 0.48125 0.0984375 0.0421875
0 0.9265625 0.3921875 0.071875 0.0359375
0 0.7171875 0.409375 0.0515625 0.028125
0 0.63046875 0.4171875 0.0609375 0.0328125
0 0.55546875 0.4359375 0.065625 0.034375
0 0.57109375 0.36796875 0.0515625 0.0390625
0 0.50625 0.390625 0.0578125 0.028125
0 0.45078125 0.434375 0.0578125 0.0234375
0 0.825 0.45625 0.0625 0.0390625
0 0.7703125 0.475 0.0625 0.0234375
0 0.03203125 0.41875 0.0640625 0.046875
0 0.1953125 0.328125 0.0921875 0.04375
0 0.10703125 0.31328125 0.059375 0.03125
0 0.396875 0.33515625 0.0546875 0.0359375
0 0.49765625 0.29765625 0.078125 0.028125
0 0.77421875 0.2703125 0.0625 0.028125
0 0.71328125 0.25703125 0.0640625 0.0453125
0 0.7234375 0.2921875 0.0875 0.046875
0 0.90546875 0.3296875 0.084375 0.0375
0 0.9625 0.2640625 0.0671875 0.03125
0 0.5578125 0.23359375 0.059375 0.0328125
0 0.9390625 0.16484375 0.05 0.028125
0 0.88828125 0.2015625 0.0421875 0.0375
0 0.78515625 0.14453125 0.0640625 0.03125
0 0.58203125 0.06796875 0.0671875 0.0265625
0 0.41171875 0.08984375 0.090625 0.0390625
0 0.30546875 0.10078125 0.0828125 0.0296875
0 0.82109375 0.01484375 0.0828125 0.0296875
0 0.77109375 0.0484375 0.0546875 0.034375
0 0.715625 0.0453125 0.06875 0.0375
0 0.9390625 0.05859375 0.065625 0.034375
0 0.33671875 0.22734375 0.0578125 0.028125