0 0.09765625 0.13515625 0.1328125 0.1
0 0.04921875 0.08203125 0.0984375 0.0828125
0 0.2046875 0.203125 0.165625 0.1171875
0 0.24609375 0.07578125 0.1 0.071875
0 0.4453125 0.07890625 0.1203125 0.0890625
0 0.5828125 0.05546875 0.190625 0.1109375
0 0.76875 0.0546875 0.1171875 0.0765625
0 0.83125 0.1296875 0.0421875 0.0671875
0 0.63046875 0.23828125 0.1953125 0.1484375
0 0.41171875 0.23671875 0.2171875 0.15625
0 0.09375 0.52578125 0.1609375 0.090625
0 0.03046875 0.43515625 0.0609375 0.0859375
0 0.10234375 0.34921875 0.08125 0.0703125
0 0.0859375 0.75234375 0.1640625 0.090625
0 0.05703125 0.8640625 0.1140625 0.0640625
0 0.10859375 0.91015625 0.0796875 0.0515625
0 0.278125 0.88984375 0.1765625 0.096875
0 0.25078125 0.77265625 0.1171875 0.0625
0 0.19609375 0.6375 0.0828125 0.0765625
0 0.40078125 0.7125 0.2703125 0.196875
0 0.32265625 0.57734375 0.06875 0.0625
0 0.30859375 0.52109375 0.121875 0.0703125
0 0.26015625 0.44765625 0.065625 0.040625
0 0.2796875 0.39375 0.134375 0.0546875
0 0.353125 0.33203125 0.0640625 0.04375
0 0.3875 0.484375 0.078125 0.0515625
0 0.45 0.4328125 0.1421875 0.065625
0 0.4078125 0.39453125 0.0984375 0.0421875
0 0.4625 0.353125 0.121875 0.0484375
0 0.61328125 0.47890625 0.1359375 0.075
0 0.45078125 0.5578125 0.1140625 0.05625
0 0.578125 0.725 0.13125 0.075
0 0.5296875 0.628125 0.0953125 0.059375
0 0.665625 0.65390625 0.1453125 0.0828125
0 0.63984375 0.5828125 0.1140625 0.0625
0 0.678125 0.8328125 0.1890625 0.1015625
0 0.7546875 0.90234375 0.23125 0.05625
0 0.659375 0.97734375 0.1484375 0.0453125
0 0.92578125 0.17265625 0.1484375 0.259375
0 0.93828125 0.4078125 0.1234375 0.121875
0 0.8953125 0.59765625 0.209375 0.1890625