0 0.33671875 0.93671875 0.1234375 0.09140625
0 0.575 0.98359375 0.0703125 0.0328125
0 0.06171875 0.79921875 0.11015625 0.11015625
0 0.10703125 0.65546875 0.08046875 0.078125
0 0.27890625 0.64921875 0.10859375 0.11171875
0 0.4421875 0.68203125 0.11796875 0.08046875
0 0.39609375 0.76953125 0.07109375 0.07734375
0 0.57265625 0.778125 0.06640625 0.090625
0 0.61328125 0.8046875 0.06484375 0.0625
0 0.7921875 0.54609375 0.13125 0.10390625
0 0.68125 0.53203125 0.0671875 0.06015625
0 0.51171875 0.41171875 0.07109375 0.06484375
0 0.31953125 0.509375 0.06015625 0.05234375
0 0.18828125 0.34453125 0.0875 0.07109375
0 0.0546875 0.04453125 0.06328125 0.05234375
0 0.23984375 0.05859375 0.19140625 0.08046875
0 0.45859375 0.01640625 0.0921875 0.0328125
0 0.6625 0.06796875 0.096875 0.1
0 0.83046875 0.17578125 0.2390625 0.215625