0 0.94609375 0.87421875 0.03359375 0.0546875
0 0.93828125 0.46328125 0.09140625 0.0796875
0 0.8203125 0.3046875 0.1234375 0.10625
0 0.89609375 0.528125 0.03828125 0.0375
0 0.6953125 0.590625 0.04375 0.053125
0 0.69453125 0.7953125 0.07734375 0.05234375
0 0.53671875 0.85859375 0.06796875 0.0515625
0 0.52265625 0.6640625 0.05390625 0.05703125
0 0.49375 0.51640625 0.0578125 0.06484375
0 0.49921875 0.3859375 0.0546875 0.06015625
0 0.5015625 0.22578125 0.0421875 0.05546875
0 0.45390625 0.2953125 0.06640625 0.0578125
0 0.48984375 0.06640625 0.053125 0.04765625
0 0.496875 0.15078125 0.0578125 0.0375
0 0.41328125 0.1125 0.05703125 0.059375
0 0.3984375 0.82890625 0.08359375 0.08359375
0 0.4046875 0.6796875 0.046875 0.05703125
0 0.4015625 0.74375 0.03984375 0.0640625
0 0.35390625 0.65 0.04375 0.0734375
0 0.32734375 0.46796875 0.05625 0.09609375
0 0.26484375 0.2765625 0.1 0.0953125
0 0.19375 0.2125 0.04765625 0.065625
0 0.22265625 0.08671875 0.05 0.0375
0 0.0765625 0.1453125 0.0796875 0.07890625
0 0.1203125 0.25625 0.06015625 0.06953125
0 0.03125 0.31328125 0.059375 0.06640625
0 0.109375 0.59453125 0.065625 0.05234375