0 0.90390625 0.17578125 0.15 0.071875
0 0.9859375 0.11796875 0.028125 0.0609375
0 0.8625 0.07109375 0.0921875 0.0515625
0 0.96015625 0.3234375 0.0796875 0.0609375
0 0.82109375 0.3 0.16875 0.1171875
0 0.74921875 0.17421875 0.0765625 0.059375
0 0.71875 0.25234375 0.0765625 0.0359375
0 0.603125 0.1859375 0.1015625 0.059375
0 0.65625 0.05625 0.1265625 0.0890625
0 0.5046875 0.02265625 0.0765625 0.0453125
0 0.46328125 0.2546875 0.259375 0.2140625
0 0.4671875 0.06875 0.0765625 0.0484375
0 0.4203125 0.1125 0.0640625 0.059375
0 0.24140625 0.125 0.078125 0.05625
0 0.34609375 0.06484375 0.05625 0.04375
0 0.1046875 0.1546875 0.2015625 0.190625
0 0.1921875 0.04296875 0.0625 0.0625
0 0.78515625 0.44609375 0.2265625 0.196875
0 0.3875 0.396875 0.075 0.0453125
0 0.34140625 0.365625 0.090625 0.0546875
0 0.35703125 0.2875 0.0703125 0.0640625
0 0.18828125 0.3296875 0.090625 0.059375
0 0.05703125 0.38203125 0.1140625 0.09375
0 0.3 0.63515625 0.1640625 0.1171875
0 0.221875 0.54453125 0.128125 0.071875
0 0.54296875 0.509375 0.221875 0.1921875
0 0.05546875 0.7234375 0.1109375 0.203125
0 0.375 0.921875 0.2203125 0.15625
0 0.5140625 0.8375 0.1640625 0.1203125
0 0.690625 0.8375 0.1328125 0.090625
0 0.8125 0.78515625 0.096875 0.0515625
0 0.93671875 0.93125 0.1265625 0.1375
0 0.84140625 0.965625 0.14375 0.06875
0 0.61328125 0.71484375 0.0859375 0.0640625
0 0.39296875 0.73984375 0.0921875 0.0671875
0 0.04921875 0.896875 0.0984375 0.0640625
0 0.22890625 0.875 0.109375 0.0390625