0 0.82578125 0.04140625 0.1140625 0.0640625
0 0.54765625 0.18515625 0.115625 0.096875
0 0.39296875 0.24453125 0.090625 0.06875
0 0.20625 0.17421875 0.1109375 0.05625
0 0.14765625 0.23125 0.1265625 0.05
0 0.0625 0.2421875 0.1078125 0.075
0 0.38203125 0.31328125 0.1484375 0.0703125
0 0.60625 0.3 0.1109375 0.0765625
0 0.71796875 0.30546875 0.1015625 0.0546875
0 0.82578125 0.33203125 0.146875 0.0484375
0 0.54765625 0.37421875 0.1234375 0.053125
0 0.28984375 0.52421875 0.0890625 0.05
0 0.3359375 0.48203125 0.09375 0.040625
0 0.93515625 0.42421875 0.1125 0.06875
0 0.96796875 0.50546875 0.0640625 0.05
0 0.825 0.51171875 0.1453125 0.078125
0 0.55390625 0.54453125 0.1015625 0.0421875
0 0.559375 0.50625 0.109375 0.04375
0 0.0625 0.63359375 0.0890625 0.0421875
0 0.1421875 0.6140625 0.0890625 0.04375
0 0.31796875 0.64296875 0.1 0.0359375
0 0.43046875 0.61015625 0.109375 0.0484375
0 0.790625 0.7078125 0.0578125 0.0234375
0 0.8203125 0.67265625 0.109375 0.034375
0 0.9671875 0.66875 0.065625 0.0390625
0 0.45859375 0.70859375 0.0890625 0.046875
0 0.52890625 0.7359375 0.0765625 0.034375
0 0.5453125 0.71015625 0.0734375 0.0296875
0 0.53515625 0.67890625 0.06875 0.0296875
0 0.62109375 0.66171875 0.0734375 0.0328125
0 0.38359375 0.72109375 0.0859375 0.0375
0 0.359375 0.684375 0.0859375 0.0390625
0 0.07890625 0.66484375 0.078125 0.0390625
0 0.6734375 0.73984375 0.0890625 0.028125
0 0.678125 0.7078125 0.065625 0.028125
0 0.86171875 0.7296875 0.0625 0.0328125
0 0.84375 0.70546875 0.0625 0.0359375
0 0.9484375 0.73515625 0.059375 0.0328125
0 0.06796875 0.72890625 0.06875 0.0328125
0 0.1734375 0.71015625 0.065625 0.0375