0 0.04921875 0.03984375 0.0984375 0.0796875
0 0.6546875 0.27109375 0.16953125 0.1875
0 0.69296875 0.37109375 0.00625 0.00390625
0 0.82265625 0.14375 0.0953125 0.08515625
0 0.7859375 0.10078125 0.078125 0.05234375
0 0.85625 0.071875 0.05546875 0.0421875
0 0.7953125 0.0125 0.0640625 0.025
0 0.865625 0.284375 0.115625 0.08359375
0 0.82734375 0.38046875 0.05 0.04453125
0 0.853125 0.5578125 0.08359375 0.09140625
0 0.7953125 0.84453125 0.0734375 0.08359375
0 0.79921875 0.7640625 0.0390625 0.03828125
0 0.81015625 0.721875 0.04609375 0.03671875
0 0.80703125 0.65 0.04375 0.04296875
0 0.4328125 0.90625 0.1015625 0.09296875
0 0.77265625 0.93046875 0.04140625 0.05390625
0 0.93046875 0.63984375 0.0578125 0.07421875