0 0.23359375 0.146875 0.4671875 0.29375
0 0.4078125 0.0484375 0.1171875 0.0890625
0 0.065625 0.159375 0.1046875 0.0921875
0 0.09296875 0.3484375 0.1859375 0.10625
0 0.13671875 0.2625 0.08125 0.0390625
0 0.02734375 0.0765625 0.0546875 0.04375
0 0.3171875 0.47421875 0.25 0.178125
0 0.14609375 0.59375 0.16875 0.10625
0 0.32421875 0.70234375 0.2546875 0.1609375
0 0.36328125 0.91796875 0.1 0.04375
0 0.4734375 0.834375 0.0625 0.046875
0 0.5640625 0.77890625 0.1640625 0.090625
0 0.4484375 0.7546875 0.0234375 0.0421875
0 0.43671875 0.66640625 0.0359375 0.025
0 0.35703125 0.61875 0.0875 0.0515625
0 0.69765625 0.1859375 0.3 0.371875
0 0.596875 0.5234375 0.1640625 0.10625
0 0.56953125 0.41640625 0.078125 0.05625
0 0.6109375 0.3453125 0.08125 0.0890625
0 0.709375 0.4890625 0.1453125 0.1453125
0 0.846875 0.47421875 0.153125 0.084375
0 0.82421875 0.746875 0.2546875 0.1890625
0 0.6046875 0.9484375 0.125 0.103125
0 0.096875 0.93359375 0.071875 0.084375
0 0.23984375 0.95234375 0.10625 0.0953125
0 0.1734375 0.8125 0.134375 0.0609375
0 0.93046875 0.96171875 0.1390625 0.0765625
0 0.78046875 0.89609375 0.0984375 0.053125
0 0.678125 0.61875 0.0765625 0.0453125
0 0.8203125 0.63203125 0.065625 0.0390625
0 0.96796875 0.6046875 0.0640625 0.0796875
0 0.97421875 0.378125 0.0515625 0.0796875
0 0.94296875 0.046875 0.1140625 0.0796875