0 0.515625 0.13515625 0.1375 0.1796875
0 0.83984375 0.21328125 0.115625 0.184375
0 0.66015625 0.3875 0.11875 0.125
0 0.5890625 0.5046875 0.11796875 0.07265625
0 0.2921875 0.31796875 0.22109375 0.1828125
0 0.0859375 0.47265625 0.08359375 0.0546875
0 0.06015625 0.60859375 0.06484375 0.0890625
0 0.06015625 0.7703125 0.0765625 0.06953125
0 0.13671875 0.93671875 0.1359375 0.1265625
0 0.603125 0.6109375 0.07421875 0.0671875
0 0.59453125 0.71328125 0.05 0.06015625
0 0.53984375 0.859375 0.03359375 0.05234375
0 0.61171875 0.825 0.05078125 0.06484375
0 0.60625 0.94921875 0.07265625 0.0703125
0 0.9078125 0.51328125 0.13203125 0.18515625
0 0.88671875 0.83671875 0.0578125 0.14140625