0 0.95546875 0.02265625 0.0890625 0.0453125
0 0.83046875 0.0234375 0.090625 0.04375
0 0.6046875 0.09296875 0.0890625 0.0578125
0 0.628125 0.01875 0.06875 0.0375
0 0.4453125 0.025 0.059375 0.046875
0 0.36875 0.2640625 0.0875 0.046875
0 0.309375 0.19765625 0.1890625 0.096875
0 0.26171875 0.09296875 0.09375 0.0421875
0 0.0953125 0.10234375 0.0890625 0.046875
0 0.7953125 0.20390625 0.084375 0.034375
0 0.81796875 0.12890625 0.071875 0.0453125
0 0.66015625 0.20625 0.071875 0.0390625
0 0.69609375 0.1578125 0.0703125 0.0515625
0 0.65390625 0.1328125 0.0703125 0.034375
0 0.52421875 0.14375 0.128125 0.0796875
0 0.96953125 0.38046875 0.0609375 0.040625
0 0.9859375 0.4921875 0.028125 0.0515625
0 0.88046875 0.51015625 0.071875 0.0484375
0 0.8609375 0.4453125 0.0953125 0.0546875
0 0.8671875 0.36640625 0.0578125 0.0390625
0 0.76171875 0.45859375 0.090625 0.0515625
0 0.78203125 0.3546875 0.05625 0.04375
0 0.615625 0.28984375 0.0453125 0.0453125
0 0.565625 0.5625 0.0484375 0.03125
0 0.53203125 0.52421875 0.053125 0.0359375
0 0.5390625 0.425 0.0390625 0.028125
0 0.4734375 0.484375 0.04375 0.0328125
0 0.459375 0.42734375 0.059375 0.0375
0 0.46015625 0.34609375 0.09375 0.053125
0 0.47265625 0.28828125 0.0296875 0.0546875
0 0.26484375 0.2765625 0.1171875 0.0375
0 0.13125 0.321875 0.103125 0.0703125
0 0.09609375 0.2484375 0.096875 0.0375
0 0.09375 0.38515625 0.071875 0.0421875
0 0.35859375 0.41328125 0.1109375 0.0703125
0 0.72109375 0.4390625 0.084375 0.0453125
0 0.81484375 0.68125 0.0359375 0.0171875
0 0.7859375 0.67578125 0.0390625 0.0234375
0 0.75390625 0.659375 0.0234375 0.0234375
0 0.67109375 0.6625 0.0359375 0.025
0 0.5171875 0.58671875 0.1203125 0.04375
0 0.3671875 0.5203125 0.0671875 0.046875
0 0.26875 0.528125 0.0625 0.0390625
0 0.30625 0.484375 0.05625 0.0328125
0 0.5359375 0.459375 0.0515625 0.034375
0 0.33515625 0.6640625 0.0515625 0.034375
0 0.29140625 0.64453125 0.059375 0.0453125
0 0.14375 0.5921875 0.1234375 0.05
0 0.2078125 0.59296875 0.0390625 0.0234375
0 0.1390625 0.57109375 0.0453125 0.0265625
0 0.121875 0.5296875 0.0796875 0.0421875
0 0.05546875 0.5125 0.1109375 0.0609375
0 0.89765625 0.65859375 0.0546875 0.025
0 0.86484375 0.6484375 0.03125 0.021875
0 0.86171875 0.6125 0.0515625 0.021875
0 0.8328125 0.57734375 0.0703125 0.0359375
0 0.80859375 0.61796875 0.025 0.01875
0 0.75625 0.58671875 0.0375 0.028125
0 0.7515625 0.54453125 0.046875 0.0421875
0 0.98359375 0.77109375 0.0328125 0.04375
0 0.9859375 0.7234375 0.028125 0.0546875
0 0.9015625 0.76484375 0.09375 0.0359375
0 0.88125 0.71796875 0.1046875 0.04375
0 0.68046875 0.80703125 0.06875 0.0453125
0 0.62890625 0.76953125 0.090625 0.0546875
0 0.60625 0.71015625 0.0390625 0.0515625
0 0.9484375 0.63125 0.0359375 0.01875
0 0.82578125 0.6390625 0.0484375 0.03125
0 0.71015625 0.634375 0.0265625 0.0171875
0 0.66953125 0.6125 0.0390625 0.034375
0 0.6109375 0.64921875 0.0296875 0.028125
0 0.62734375 0.5828125 0.0765625 0.0390625
0 0.621875 0.54296875 0.065625 0.0296875
0 0.41015625 0.625 0.071875 0.025
0 0.52578125 0.66796875 0.0453125 0.03125
0 0.5078125 0.63828125 0.053125 0.0125
0 0.50234375 0.621875 0.05 0.0125
0 0.4734375 0.73359375 0.0609375 0.0203125
0 0.57734375 0.71484375 0.046875 0.0234375
0 0.53125 0.71796875 0.0359375 0.015625
0 0.4734375 0.6984375 0.028125 0.028125
0 0.4171875 0.6921875 0.078125 0.0390625
0 0.41796875 0.85234375 0.053125 0.021875
0 0.525 0.925 0.04375 0.0296875
0 0.5140625 0.9046875 0.059375 0.0109375
0 0.484375 0.88515625 0.059375 0.0203125
0 0.49921875 0.86640625 0.0484375 0.025
0 0.44375 0.8359375 0.0265625 0.0203125
0 0.41953125 0.80859375 0.040625 0.021875
0 0.40546875 0.784375 0.0390625 0.0234375
0 0.3703125 0.759375 0.040625 0.0234375
0 0.34453125 0.71640625 0.0265625 0.0171875
0 0.28359375 0.72890625 0.0859375 0.034375
0 0.18203125 0.6875 0.0578125 0.0484375
0 0.20078125 0.64375 0.0453125 0.0234375
0 0.8453125 0.834375 0.0453125 0.0171875
0 0.8265625 0.82421875 0.021875 0.0171875
0 0.778125 0.8140625 0.04375 0.0234375
0 0.75 0.76953125 0.0453125 0.028125
0 0.76875 0.74296875 0.0359375 0.0203125
0 0.73203125 0.71953125 0.0390625 0.0234375
0 0.14921875 0.7484375 0.053125 0.0265625
0 0.209375 0.83515625 0.0875 0.059375
0 0.31796875 0.8734375 0.109375 0.0453125
0 0.6453125 0.98203125 0.0390625 0.0234375
0 0.62109375 0.9453125 0.05625 0.0359375
0 0.72109375 0.94375 0.053125 0.0234375
0 0.66328125 0.9140625 0.0515625 0.0234375
0 0.59765625 0.9 0.03125 0.0234375
0 0.5640625 0.8765625 0.084375 0.0328125
0 0.57578125 0.834375 0.0859375 0.040625
0 0.553125 0.80234375 0.0421875 0.0234375
0 0.47734375 0.80390625 0.05625 0.0296875
0 0.44609375 0.759375 0.040625 0.0328125
0 0.384375 0.834375 0.0578125 0.01875
0 0.36171875 0.79453125 0.025 0.0203125
0 0.28984375 0.81015625 0.028125 0.015625
0 0.28671875 0.77578125 0.0390625 0.025
0 0.24296875 0.79296875 0.0390625 0.01875
0 0.48203125 0.96875 0.08125 0.05
0 0.44296875 0.9296875 0.05625 0.0234375
0 0.43984375 0.90390625 0.0625 0.03125
0 0.34375 0.93515625 0.0734375 0.0359375
0 0.29765625 0.96796875 0.090625 0.0296875
0 0.05234375 0.90625 0.090625 0.034375
0 0.1703125 0.86796875 0.0671875 0.025
0 0.13125 0.83359375 0.0578125 0.0328125
0 0.98046875 0.98125 0.0390625 0.0296875
0 0.95078125 0.9546875 0.0546875 0.0359375
0 0.86484375 0.959375 0.0703125 0.021875
0 0.97109375 0.91796875 0.040625 0.01875
0 0.94765625 0.90390625 0.0453125 0.015625
0 0.9734375 0.86484375 0.0484375 0.021875
0 0.82265625 0.921875 0.0421875 0.03125
0 0.79921875 0.89140625 0.0265625 0.0171875
0 0.7640625 0.89453125 0.046875 0.01875
0 0.73203125 0.90546875 0.0484375 0.01875
0 0.8078125 0.9859375 0.0625 0.028125
0 0.80703125 0.95078125 0.04375 0.0296875
0 0.759375 0.86796875 0.0265625 0.01875
0 0.246875 0.940625 0.059375 0.0203125
0 0.146875 0.94765625 0.0515625 0.025
0 0.071875 0.975 0.0625 0.025
0 0.03125 0.98671875 0.0421875 0.015625
0 0.07421875 0.79140625 0.0515625 0.0265625
0 0.02265625 0.7625 0.0453125 0.025
0 0.14765625 0.90859375 0.0359375 0.025
0 0.10546875 0.87109375 0.0359375 0.021875
0 0.04375 0.84296875 0.0390625 0.0171875
0 0.02265625 0.87734375 0.028125 0.0171875
0 0.009375 0.84609375 0.01875 0.0265625
0 0.66484375 0.87890625 0.04375 0.0328125
0 0.8375 0.80078125 0.040625 0.01875
0 0.90859375 0.88671875 0.046875 0.0140625
0 0.92421875 0.87265625 0.0390625 0.009375
0 0.86953125 0.9109375 0.059375 0.01875