0 0.85078125 0.909375 0.13828125 0.115625
0 0.82734375 0.74765625 0.08125 0.08203125
0 0.80546875 0.51484375 0.115625 0.0984375
0 0.8140625 0.6140625 0.0578125 0.0484375
0 0.5546875 0.81875 0.103125 0.1109375
0 0.55546875 0.66875 0.08203125 0.078125
0 0.54375 0.534375 0.075 0.0828125
0 0.48984375 0.58359375 0.0625 0.07734375
0 0.4453125 0.47265625 0.084375 0.0796875
0 0.73515625 0.2265625 0.08125 0.0921875
0 0.73515625 0.0640625 0.0671875 0.0453125
0 0.41015625 0.26875 0.0859375 0.08046875
0 0.3921875 0.0796875 0.11796875 0.13671875