0 0.08359375 0.85 0.1671875 0.096875
0 0.23828125 0.76640625 0.1671875 0.09375
0 0.084375 0.71640625 0.0859375 0.0796875
0 0.1890625 0.578125 0.059375 0.0453125
0 0.19375 0.62421875 0.15 0.0796875
0 0.29921875 0.48125 0.178125 0.10625
0 0.29375 0.290625 0.2390625 0.0953125
0 0.22265625 0.3640625 0.1671875 0.0703125
0 0.04453125 0.22578125 0.0890625 0.0890625
0 0.2109375 0.05 0.096875 0.1
0 0.46953125 0.171875 0.1265625 0.071875
0 0.84765625 0.26015625 0.2578125 0.1375
0 0.71953125 0.36875 0.1453125 0.075
0 0.4109375 0.34765625 0.0828125 0.0796875
0 0.5625 0.33828125 0.128125 0.071875
0 0.84140625 0.59375 0.2703125 0.1671875
0 0.8171875 0.765625 0.3234375 0.1375
0 0.8078125 0.94453125 0.296875 0.1109375
0 0.340625 0.9109375 0.1078125 0.0828125
0 0.4421875 0.909375 0.0953125 0.0796875
0 0.37421875 0.5984375 0.0796875 0.0546875
0 0.39921875 0.659375 0.0921875 0.08125
0 0.4796875 0.74609375 0.05625 0.0515625
0 0.61640625 0.6421875 0.1296875 0.0609375
0 0.58203125 0.7 0.0734375 0.046875
0 0.58984375 0.77578125 0.1328125 0.0671875
0 0.2109375 0.68515625 0.0515625 0.04375
0 0.6 0.4203125 0.15625 0.04375
0 0.72734375 0.446875 0.065625 0.0625
0 0.87265625 0.43828125 0.215625 0.121875
0 0.77109375 0.13125 0.16875 0.0828125
0 0.95859375 0.18671875 0.0828125 0.046875
0 0.34453125 0.0296875 0.0625 0.05625
0 0.475 0.04921875 0.090625 0.053125
0 0.6109375 0.04921875 0.121875 0.0578125
0 0.909375 0.0453125 0.18125 0.075
0 0.8078125 0.8515625 0.1203125 0.0703125
0 0.38125 0.98203125 0.1265625 0.0359375
0 0.1546875 0.9109375 0.0765625 0.040625
0 0.1765625 0.9703125 0.084375 0.04375