0 0.7609375 0.12734375 0.14609375 0.1203125
0 0.87109375 0.87265625 0.17109375 0.18046875
0 0.48359375 0.62421875 0.1921875 0.2265625
0 0.33828125 0.75625 0.0859375 0.109375
0 0.2703125 0.55 0.140625 0.12265625
0 0.22890625 0.2671875 0.128125 0.11484375
0 0.2625 0.07109375 0.07890625 0.06484375
0 0.15703125 0.06015625 0.09765625 0.1140625
0 0.1265625 0.76796875 0.0609375 0.04453125
0 0.2734375 0.9015625 0.0984375 0.0578125
0 0.496875 0.9625 0.04609375 0.03671875
0 0.40546875 0.97265625 0.06328125 0.05