0 0.22734375 0.7859375 0.1171875 0.1046875
0 0.0921875 0.53671875 0.1828125 0.1375
0 0.346875 0.5046875 0.0625 0.05234375
0 0.2796875 0.528125 0.07265625 0.08203125
0 0.503125 0.4984375 0.11171875 0.08046875
0 0.4890625 0.3859375 0.10234375 0.059375
0 0.5421875 0.284375 0.10390625 0.0546875
0 0.41875 0.3421875 0.08125 0.03515625
0 0.378125 0.41640625 0.05859375 0.03828125
0 0.30546875 0.32265625 0.125 0.07734375
0 0.18359375 0.38515625 0.10859375 0.06484375
0 0.7484375 0.27109375 0.1890625 0.14296875
0 0.9796875 0.13984375 0.040625 0.04140625
0 0.86640625 0.16484375 0.0984375 0.05234375
0 0.63046875 0.1515625 0.11484375 0.0671875
0 0.725 0.06171875 0.20390625 0.096875
0 0.3328125 0.1484375 0.10390625 0.07734375
0 0.15234375 0.16875 0.09453125 0.06171875