0 0.04296875 0.1640625 0.046875 0.0484375
0 0.2390625 0.32109375 0.178125 0.196875
0 0.11328125 0.43671875 0.07265625 0.059375
0 0.25078125 0.47421875 0.05859375 0.053125
0 0.1015625 0.80703125 0.13984375 0.1609375
0 0.2125 0.9125 0.075 0.0765625
0 0.709375 0.1015625 0.11328125 0.11953125
0 0.58359375 0.18984375 0.05234375 0.06328125
0 0.515625 0.40546875 0.05703125 0.06796875
0 0.690625 0.41328125 0.07578125 0.05078125
0 0.81015625 0.296875 0.12890625 0.1640625
0 0.83828125 0.4984375 0.0453125 0.05859375
0 0.91796875 0.48203125 0.05625 0.059375
0 0.83515625 0.6625 0.09453125 0.1015625
0 0.9046875 0.73828125 0.07265625 0.05625