0 0.51015625 0.10625 0.1390625 0.1171875
0 0.69296875 0.18984375 0.13359375 0.10703125
0 0.684375 0.31875 0.1203125 0.06640625
0 0.4265625 0.31953125 0.09375 0.08828125
0 0.4109375 0.4109375 0.08203125 0.08125
0 0.29375 0.42265625 0.0484375 0.05625
0 0.2671875 0.54375 0.06953125 0.0796875
0 0.31875 0.6578125 0.11015625 0.1046875
0 0.028125 0.67265625 0.03046875 0.046875
0 0.12578125 0.97265625 0.08203125 0.03828125
0 0.196875 0.94296875 0.10234375 0.090625
0 0.51953125 0.8328125 0.1625 0.1953125
0 0.6546875 0.57421875 0.09765625 0.07265625
0 0.85625 0.47421875 0.07109375 0.06328125