0 0.51171875 0.75859375 0.209375 0.128125
0 0.65859375 0.7140625 0.165625 0.0625
0 0.11328125 0.578125 0.2046875 0.065625
0 0.0375 0.76015625 0.075 0.0390625
0 0.090625 0.6921875 0.084375 0.05625
0 0.2125 0.6578125 0.1 0.053125
0 0.1234375 0.91875 0.1328125 0.065625
0 0.07734375 0.87734375 0.0625 0.0390625
0 0.2078125 0.815625 0.1859375 0.0515625
0 0.26484375 0.975 0.209375 0.05
0 0.2671875 0.87421875 0.103125 0.04375
0 0.81796875 0.0890625 0.3640625 0.159375
0 0.740625 0.38203125 0.159375 0.0875
0 0.60625 0.4921875 0.10625 0.0625
0 0.078125 0.30234375 0.1546875 0.05625
0 0.74296875 0.82578125 0.128125 0.0578125
0 0.759375 0.9640625 0.075 0.0375
0 0.9109375 0.96796875 0.178125 0.0640625