0 0.2375 0.10078125 0.134375 0.078125
0 0.496875 0.11796875 0.121875 0.05
0 0.82734375 0.165625 0.075 0.071875
0 0.51328125 0.24609375 0.1015625 0.0515625
0 0.18515625 0.253125 0.090625 0.0546875
0 0.36796875 0.40546875 0.1 0.0578125
0 0.5375 0.3359375 0.046875 0.0453125
0 0.61640625 0.58125 0.090625 0.0546875
0 0.68515625 0.53203125 0.0859375 0.0515625
0 0.7859375 0.46953125 0.1171875 0.05
0 0.2890625 0.57578125 0.1265625 0.0578125
0 0.74140625 0.70078125 0.0796875 0.05625
0 0.2046875 0.809375 0.09375 0.040625
0 0.31953125 0.81171875 0.0953125 0.0515625
0 0.7875 0.878125 0.09375 0.0609375
0 0.0359375 0.62734375 0.071875 0.0453125