0 0.4015625 0.38828125 0.2015625 0.15625
0 0.39140625 0.225 0.2328125 0.228125
0 0.5640625 0.24609375 0.0640625 0.0421875
0 0.5609375 0.15234375 0.096875 0.078125
0 0.11328125 0.1375 0.084375 0.0484375
0 0.23046875 0.05625 0.1265625 0.078125
0 0.25859375 0.18984375 0.121875 0.0671875
0 0.353125 0.084375 0.0640625 0.059375
0 0.4125 0.0453125 0.078125 0.071875
0 0.5234375 0.0671875 0.0828125 0.059375
0 0.05234375 0.09453125 0.1046875 0.0578125
0 0.02265625 0.3109375 0.0453125 0.1109375
0 0.05234375 0.48984375 0.1046875 0.109375
0 0.0421875 0.42890625 0.084375 0.0640625
0 0.07109375 0.69609375 0.1421875 0.134375
0 0.06484375 0.8859375 0.1296875 0.05625
0 0.5 0.68203125 0.1421875 0.0828125
0 0.41171875 0.62421875 0.1171875 0.0671875
0 0.19765625 0.70390625 0.096875 0.0515625
0 0.20390625 0.62890625 0.078125 0.0515625
0 0.3203125 0.54921875 0.0734375 0.059375
0 0.415625 0.54609375 0.084375 0.0203125
0 0.74453125 0.48046875 0.171875 0.1328125
0 0.8953125 0.3296875 0.1328125 0.1109375
0 0.96328125 0.49765625 0.0734375 0.1578125
0 0.92109375 0.440625 0.0765625 0.0609375
0 0.63984375 0.35 0.0375 0.0421875
0 0.646875 0.32421875 0.0203125 0.04375
0 0.79375 0.31484375 0.0421875 0.028125
0 0.84453125 0.22890625 0.1328125 0.0578125
0 0.8171875 0.1828125 0.071875 0.0671875
0 0.93984375 0.16484375 0.1203125 0.053125
0 0.7109375 0.1453125 0.078125 0.040625
0 0.81484375 0.11875 0.040625 0.040625
0 0.93671875 0.06015625 0.1265625 0.075
0 0.70234375 0.09140625 0.1046875 0.040625
0 0.77265625 0.09453125 0.0890625 0.034375
0 0.79140625 0.05390625 0.0625 0.0359375
0 0.86875 0.01796875 0.1046875 0.0359375
0 0.16328125 0.39375 0.071875 0.05
0 0.24609375 0.390625 0.0578125 0.04375
0 0.396875 0.4921875 0.090625 0.04375
0 0.5546875 0.40390625 0.0640625 0.046875
0 0.61640625 0.42421875 0.0859375 0.0484375
0 0.46171875 0.81953125 0.1 0.0546875
0 0.71484375 0.646875 0.078125 0.075
0 0.696875 0.58984375 0.1015625 0.05
0 0.94375 0.6234375 0.1109375 0.046875
0 0.60078125 0.03828125 0.065625 0.028125