0 0.2390625 0.87265625 0.14609375 0.1203125
0 0.12890625 0.12734375 0.17109375 0.18046875
0 0.51640625 0.37578125 0.1921875 0.2265625
0 0.66171875 0.24375 0.0859375 0.109375
0 0.7296875 0.45 0.140625 0.12265625
0 0.77109375 0.7328125 0.128125 0.11484375
0 0.7375 0.92890625 0.07890625 0.06484375
0 0.84296875 0.93984375 0.09765625 0.1140625
0 0.8734375 0.23203125 0.0609375 0.04453125
0 0.7265625 0.0984375 0.0984375 0.0578125
0 0.503125 0.0375 0.04609375 0.03671875
0 0.59453125 0.02734375 0.06328125 0.05