0 0.94765625 0.8984375 0.1046875 0.0765625
0 0.95390625 0.75625 0.0921875 0.0796875
0 0.71796875 0.88125 0.128125 0.0671875
0 0.58828125 0.8390625 0.0609375 0.053125
0 0.4984375 0.8859375 0.0890625 0.0703125
0 0.334375 0.8140625 0.10625 0.06875
0 0.13671875 0.9046875 0.2171875 0.084375
0 0.52734375 0.5015625 0.146875 0.046875
0 0.56328125 0.5328125 0.0609375 0.05
0 0.43203125 0.5953125 0.10625 0.071875
0 0.86875 0.61015625 0.175 0.0796875
0 0.7296875 0.58515625 0.1609375 0.0734375
0 0.55 0.3578125 0.1984375 0.0890625
0 0.50703125 0.26015625 0.13125 0.0515625
0 0.44140625 0.1890625 0.1078125 0.08125
0 0.50859375 0.075 0.109375 0.0640625
0 0.35390625 0.1359375 0.1265625 0.0984375
0 0.0875 0.04375 0.175 0.084375
0 0.23359375 0.16875 0.0890625 0.0515625
0 0.13671875 0.2515625 0.1 0.06875
0 0.3375 0.325 0.0890625 0.0640625
0 0.36640625 0.4359375 0.0953125 0.075
0 0.275 0.38515625 0.0578125 0.0484375
0 0.30703125 0.25625 0.109375 0.059375
0 0.22890625 0.3140625 0.084375 0.0578125
0 0.1984375 0.38359375 0.06875 0.05625
0 0.12265625 0.4171875 0.0546875 0.05
0 0.09296875 0.4984375 0.11875 0.109375
0 0.04609375 0.3921875 0.0921875 0.0671875
0 0.09296875 0.2140625 0.0984375 0.096875
0 0.8 0.2046875 0.0859375 0.0546875
0 0.746875 0.17578125 0.10625 0.0421875
0 0.7234375 0.24375 0.0671875 0.0375
0 0.65 0.16796875 0.134375 0.053125
0 0.33828125 0.584375 0.071875 0.0484375
0 0.19453125 0.6296875 0.115625 0.040625
0 0.16015625 0.703125 0.121875 0.0546875
0 0.05078125 0.79296875 0.1015625 0.078125
0 0.05625 0.6296875 0.090625 0.084375
0 0.94453125 0.02265625 0.090625 0.0453125
0 0.97421875 0.41875 0.0515625 0.075
0 0.58828125 0.634375 0.0609375 0.0546875
0 0.43671875 0.965625 0.071875 0.06875
0 0.31875 0.9359375 0.05625 0.0484375
0 0.04453125 0.11328125 0.0890625 0.0421875
0 0.88828125 0.5265625 0.0609375 0.0421875