0 0.8046875 0.9390625 0.0890625 0.0453125
0 0.3328125 0.9625 0.05 0.04375
0 0.225 0.92109375 0.075 0.053125
0 0.33515625 0.9015625 0.046875 0.021875
0 0.4734375 0.88046875 0.0640625 0.034375
0 0.45234375 0.79921875 0.0671875 0.0375
0 0.39140625 0.8375 0.075 0.0359375
0 0.28828125 0.79765625 0.0671875 0.0328125
0 0.2046875 0.8328125 0.0765625 0.040625
0 0.02421875 0.89375 0.0484375 0.0375
0 0.0453125 0.81484375 0.0546875 0.03125
0 0.04765625 0.746875 0.0625 0.0421875
0 0.19921875 0.70390625 0.10625 0.0578125
0 0.225 0.74140625 0.059375 0.034375
0 0.71953125 0.75234375 0.0828125 0.05
0 0.63203125 0.79296875 0.059375 0.0359375
0 0.74296875 0.859375 0.0640625 0.028125
0 0.68125 0.87734375 0.0546875 0.040625
0 0.878125 0.771875 0.04375 0.0296875
0 0.953125 0.8390625 0.0625 0.028125
0 0.91328125 0.8671875 0.0546875 0.0375
0 0.95 0.7078125 0.04375 0.0265625
0 0.8546875 0.66875 0.0734375 0.03125
0 0.64765625 0.6828125 0.05 0.0375
0 0.6484375 0.63984375 0.05 0.03125
0 0.60703125 0.6140625 0.05 0.034375
0 0.9125 0.603125 0.090625 0.0390625
0 0.27890625 0.62578125 0.075 0.0390625
0 0.3265625 0.68671875 0.0625 0.05
0 0.14609375 0.63984375 0.0421875 0.03125
0 0.259375 0.6546875 0.046875 0.03125
0 0.140625 0.68046875 0.0625 0.03125
0 0.04765625 0.5640625 0.059375 0.040625
0 0.19609375 0.58671875 0.0390625 0.0328125
0 0.33671875 0.56484375 0.05625 0.040625
0 0.31640625 0.51796875 0.053125 0.0359375
0 0.6375 0.509375 0.0609375 0.040625
0 0.97109375 0.48359375 0.0453125 0.0359375
0 0.9140625 0.47265625 0.053125 0.0375
0 0.8359375 0.48671875 0.078125 0.0421875
0 0.4671875 0.409375 0.0671875 0.04375
0 0.390625 0.44609375 0.096875 0.040625
0 0.08515625 0.43828125 0.0625 0.03125
0 0.121875 0.5078125 0.065625 0.0375
0 0.0375 0.39609375 0.071875 0.0359375
0 0.271875 0.40546875 0.059375 0.028125
0 0.3984375 0.32265625 0.06875 0.04375
0 0.3265625 0.35234375 0.0625 0.03125
0 0.31953125 0.2796875 0.071875 0.03125
0 0.35078125 0.3015625 0.0359375 0.034375
0 0.23203125 0.30703125 0.0734375 0.0453125
0 0.16171875 0.30625 0.0640625 0.04375
0 0.97421875 0.35390625 0.0515625 0.0359375
0 0.86796875 0.3625 0.04375 0.03125
0 0.83515625 0.3484375 0.0484375 0.0234375
0 0.7921875 0.38125 0.0609375 0.0328125
0 0.6359375 0.41796875 0.046875 0.0328125
0 0.5921875 0.4046875 0.0359375 0.03125
0 0.9265625 0.3 0.0609375 0.03125
0 0.8265625 0.309375 0.046875 0.03125
0 0.1 0.23046875 0.059375 0.0390625
0 0.43671875 0.1625 0.0703125 0.03125
0 0.4109375 0.18203125 0.04375 0.034375
0 0.38203125 0.22109375 0.053125 0.0328125
0 0.325 0.21640625 0.0625 0.028125
0 0.48984375 0.17890625 0.0625 0.0453125
0 0.89921875 0.08359375 0.0625 0.028125
0 0.896875 0.15078125 0.053125 0.025
0 0.80390625 0.16875 0.05625 0.03125
0 0.7859375 0.1359375 0.046875 0.0234375
0 0.79765625 0.07734375 0.065625 0.040625
0 0.7140625 0.03203125 0.0421875 0.0171875
0 0.61015625 0.028125 0.0515625 0.0296875
0 0.53046875 0.0296875 0.059375 0.034375
0 0.56640625 0.04765625 0.05 0.0234375
0 0.54296875 0.0921875 0.0703125 0.0296875
0 0.40078125 0.06953125 0.059375 0.0265625
0 0.403125 0.10703125 0.0515625 0.0390625
0 0.33515625 0.11953125 0.0671875 0.0359375
0 0.40546875 0.1296875 0.04375 0.0296875
0 0.31484375 0.071875 0.059375 0.021875
0 0.2296875 0.09453125 0.06875 0.040625
0 0.25546875 0.0359375 0.059375 0.025
0 0.240625 0.05390625 0.0453125 0.01875
0 0.153125 0.08671875 0.0625 0.040625
0 0.1109375 0.1390625 0.046875 0.0375
0 0.3484375 0.1640625 0.0546875 0.03125
0 0.23203125 0.1515625 0.0578125 0.0265625
0 0.1109375 0.33359375 0.0515625 0.0296875
0 0.06484375 0.328125 0.0515625 0.03125
0 0.81640625 0.0109375 0.059375 0.021875
0 0.74921875 0.02109375 0.04375 0.0265625
0 0.925 0.20078125 0.0640625 0.034375
0 0.8734375 0.225 0.0546875 0.0265625
0 0.80703125 0.26015625 0.053125 0.01875
0 0.784375 0.28203125 0.05625 0.0265625