0 0.60390625 0.79140625 0.12578125 0.10078125
0 0.47734375 0.73515625 0.0890625 0.053125
0 0.63359375 0.65078125 0.1046875 0.0953125
0 0.47109375 0.58125 0.0578125 0.08203125
0 0.3578125 0.4921875 0.1125 0.09609375
0 0.2359375 0.35 0.125 0.12421875
0 0.63046875 0.47890625 0.090625 0.06953125
0 0.496875 0.34765625 0.05703125 0.05390625
0 0.38203125 0.1671875 0.0609375 0.05234375
0 0.56875 0.28046875 0.07109375 0.05546875
0 0.63203125 0.296875 0.03671875 0.04453125
0 0.60625 0.140625 0.04921875 0.040625
0 0.63203125 0.1734375 0.03828125 0.03984375
0 0.64921875 0.0390625 0.05234375 0.06484375
0 0.71953125 0.1171875 0.08125 0.05390625
0 0.92578125 0.46875 0.1140625 0.09375
0 0.7265625 0.2046875 0.0515625 0.0484375
0 0.7484375 0.24140625 0.040625 0.04921875
0 0.78515625 0.30546875 0.0703125 0.065625