0 0.0375 0.67578125 0.075 0.1234375
0 0.121875 0.7328125 0.1671875 0.0859375
0 0.25703125 0.8375 0.1171875 0.05
0 0.4875 0.7859375 0.2421875 0.1265625
0 0.65078125 0.84375 0.040625 0.04375
0 0.66328125 0.89765625 0.1609375 0.0765625
0 0.79609375 0.77265625 0.078125 0.0484375
0 0.83203125 0.84453125 0.1453125 0.0796875
0 0.4125 0.9296875 0.046875 0.0640625
0 0.55234375 0.9703125 0.1 0.059375
0 0.08203125 0.9765625 0.1640625 0.046875
0 0.51171875 0.590625 0.225 0.1046875
0 0.4140625 0.32265625 0.18125 0.10625
0 0.2421875 0.20390625 0.2671875 0.121875
0 0.2453125 0.0953125 0.221875 0.1125
0 0.6328125 0.259375 0.16875 0.0828125
0 0.84140625 0.3703125 0.0875 0.071875
0 0.95234375 0.50234375 0.0828125 0.05
0 0.96015625 0.5765625 0.0796875 0.0765625
0 0.81015625 0.60234375 0.075 0.0484375
0 0.98359375 0.6953125 0.0328125 0.0375
0 0.19609375 0.36953125 0.0828125 0.0359375
0 0.04140625 0.51875 0.0515625 0.040625
0 0.775 0.2109375 0.071875 0.046875
0 0.91796875 0.30703125 0.071875 0.0484375
0 0.97890625 0.32265625 0.0421875 0.05
0 0.88828125 0.178125 0.090625 0.0359375
0 0.5703125 0.3953125 0.0390625 0.0421875
0 0.73515625 0.384375 0.05625 0.04375
0 0.8609375 0.7328125 0.0765625 0.0484375
0 0.91953125 0.7171875 0.084375 0.03125
0 0.925 0.94453125 0.0984375 0.03125