0 0.4078125 0.02421875 0.1109375 0.0484375
0 0.0234375 0.034375 0.046875 0.0375
0 0.0390625 0.01171875 0.078125 0.0234375
0 0.1015625 0.0609375 0.0765625 0.0375
0 0.2265625 0.0234375 0.0765625 0.04375
0 0.66171875 0.03046875 0.0703125 0.0390625
0 0.8796875 0.05078125 0.075 0.05
0 0.596875 0.09765625 0.0390625 0.0359375
0 0.66171875 0.09765625 0.0328125 0.0453125
0 0.71171875 0.11328125 0.0859375 0.0421875
0 0.4828125 0.09453125 0.0703125 0.03125
0 0.46171875 0.06484375 0.0640625 0.0265625
0 0.27734375 0.11875 0.04375 0.0375
0 0.14609375 0.15078125 0.08125 0.0484375
0 0.19609375 0.13359375 0.0515625 0.034375
0 0.3796875 0.1671875 0.1 0.053125
0 0.59609375 0.146875 0.0703125 0.0390625
0 0.8984375 0.17578125 0.053125 0.0203125
0 0.90625 0.146875 0.0375 0.025
0 0.978125 0.1328125 0.04375 0.040625
0 0.80546875 0.16953125 0.0609375 0.0375
0 0.6703125 0.1859375 0.0546875 0.040625
0 0.46171875 0.2078125 0.046875 0.0296875
0 0.52421875 0.190625 0.0421875 0.0375
0 0.5765625 0.20390625 0.040625 0.025
0 0.31015625 0.23046875 0.071875 0.0296875
0 0.34375 0.203125 0.040625 0.0265625
0 0.178125 0.203125 0.0515625 0.03125
0 0.0234375 0.17734375 0.046875 0.0296875
0 0.128125 0.22265625 0.0875 0.0421875
0 0.03828125 0.24375 0.046875 0.025
0 0.19765625 0.26640625 0.0734375 0.0453125
0 0.2234375 0.228125 0.0609375 0.034375
0 0.55234375 0.24375 0.0578125 0.021875
0 0.76953125 0.21015625 0.053125 0.0390625
0 0.89296875 0.2390625 0.0578125 0.0328125
0 0.95546875 0.25 0.0625 0.046875
0 0.6 0.265625 0.06875 0.0421875
0 0.4375 0.28203125 0.0953125 0.0359375
0 0.3390625 0.27421875 0.096875 0.04375
0 0.2703125 0.28671875 0.0578125 0.03125
0 0.1359375 0.29921875 0.05625 0.040625
0 0.06796875 0.31171875 0.078125 0.0390625
0 0.20859375 0.35625 0.075 0.0390625
0 0.48203125 0.32578125 0.09375 0.040625
0 0.5875 0.31015625 0.0546875 0.0296875
0 0.7859375 0.33515625 0.0734375 0.0359375
0 0.98359375 0.334375 0.0328125 0.034375
0 0.8796875 0.3390625 0.0546875 0.0375
0 0.65546875 0.3828125 0.1234375 0.0484375
0 0.97109375 0.40546875 0.0578125 0.046875
0 0.28984375 0.40859375 0.084375 0.03125
0 0.3171875 0.3890625 0.0734375 0.0390625
0 0.1703125 0.41875 0.05625 0.0234375
0 0.103125 0.3734375 0.0546875 0.0296875
0 0.61796875 0.43046875 0.0703125 0.034375
0 0.5328125 0.44453125 0.06875 0.03125
0 0.4984375 0.4015625 0.059375 0.028125
0 0.35859375 0.446875 0.06875 0.0390625
0 0.86875 0.475 0.0609375 0.0515625
0 0.77109375 0.47265625 0.0578125 0.0328125
0 0.24609375 0.5046875 0.053125 0.0296875
0 0.20546875 0.48671875 0.0515625 0.0328125
0 0.13125 0.56015625 0.0484375 0.025
0 0.16171875 0.53828125 0.053125 0.0265625
0 0.096875 0.52421875 0.0546875 0.028125
0 0.0625 0.56171875 0.04375 0.0203125
0 0.3640625 0.53515625 0.0390625 0.0203125
0 0.428125 0.53671875 0.0609375 0.0265625
0 0.59609375 0.528125 0.071875 0.028125
0 0.85546875 0.540625 0.0765625 0.0296875
0 0.725 0.625 0.0875 0.0453125
0 0.59609375 0.65390625 0.0625 0.0328125
0 0.6015625 0.62109375 0.05625 0.0265625
0 0.5328125 0.59375 0.04375 0.0328125
0 0.59296875 0.58203125 0.05 0.0328125
0 0.42890625 0.5875 0.0390625 0.0203125
0 0.271875 0.5921875 0.0484375 0.028125
0 0.31796875 0.5859375 0.0546875 0.03125
0 0.16796875 0.6484375 0.0515625 0.0296875
0 0.1953125 0.62265625 0.0609375 0.0328125
0 0.046875 0.65703125 0.06875 0.028125
0 0.12734375 0.6828125 0.0484375 0.0265625
0 0.21328125 0.653125 0.0359375 0.0203125
0 0.33828125 0.6828125 0.0578125 0.0296875
0 0.31875 0.6640625 0.0328125 0.021875
0 0.35625 0.646875 0.0609375 0.03125
0 0.275 0.6421875 0.046875 0.025
0 0.309375 0.6296875 0.0390625 0.0203125
0 0.46640625 0.66484375 0.0609375 0.0359375
0 0.51328125 0.6484375 0.0546875 0.034375
0 0.68671875 0.68046875 0.059375 0.034375
0 0.91640625 0.63828125 0.0671875 0.0234375
0 0.9484375 0.61171875 0.05625 0.040625
0 0.98515625 0.6359375 0.0296875 0.0328125
0 0.1140625 0.72109375 0.05625 0.025
0 0.053125 0.75 0.040625 0.0203125
0 0.2375 0.753125 0.053125 0.0234375
0 0.3015625 0.76171875 0.0375 0.025
0 0.3359375 0.734375 0.05625 0.0234375
0 0.096875 0.79296875 0.0515625 0.025
0 0.23828125 0.80625 0.0515625 0.0265625
0 0.26953125 0.825 0.046875 0.0234375
0 0.334375 0.809375 0.046875 0.028125
0 0.46484375 0.809375 0.0734375 0.0328125
0 0.63359375 0.79453125 0.059375 0.0390625
0 0.8015625 0.74375 0.103125 0.04375
0 0.40625 0.71796875 0.065625 0.0375
0 0.90390625 0.86953125 0.059375 0.03125
0 0.7671875 0.859375 0.05625 0.025
0 0.80078125 0.8453125 0.040625 0.025
0 0.70703125 0.8984375 0.075 0.0296875
0 0.45390625 0.865625 0.0671875 0.0265625
0 0.5078125 0.84453125 0.053125 0.028125
0 0.55 0.82734375 0.05 0.021875
0 0.31171875 0.8640625 0.0390625 0.025
0 0.3609375 0.87734375 0.04375 0.034375
0 0.37265625 0.85546875 0.04375 0.0203125
0 0.3578125 0.8390625 0.046875 0.0203125
0 0.46953125 0.92578125 0.05625 0.028125
0 0.546875 0.925 0.0578125 0.03125
0 0.4890625 0.98515625 0.0640625 0.025
0 0.43046875 0.9671875 0.05625 0.0203125
0 0.34609375 0.92578125 0.040625 0.0234375
0 0.2859375 0.89765625 0.0484375 0.028125
0 0.25859375 0.94609375 0.0421875 0.0171875
0 0.14453125 0.87421875 0.0421875 0.0203125
0 0.7421875 0.96640625 0.0625 0.0234375
0 0.91484375 0.98046875 0.0515625 0.028125
0 0.32109375 0.98671875 0.04375 0.0265625