0 0.153125 0.07109375 0.1609375 0.08125
0 0.06484375 0.2953125 0.1296875 0.078125
0 0.0546875 0.20078125 0.0875 0.034375
0 0.16953125 0.1765625 0.0875 0.071875
0 0.07109375 0.4484375 0.1390625 0.0296875
0 0.1328125 0.36875 0.0875 0.046875
0 0.18828125 0.2671875 0.040625 0.0625
0 0.325 0.20078125 0.1453125 0.09375
0 0.4046875 0.12265625 0.10625 0.06875
0 0.45859375 0.1953125 0.09375 0.0546875
0 0.5390625 0.16015625 0.0640625 0.046875
0 0.64375 0.134375 0.1375 0.10625
0 0.75078125 0.06484375 0.09375 0.071875
0 0.8625 0.11875 0.1296875 0.0765625
0 0.94765625 0.21875 0.1046875 0.178125
0 0.67421875 0.328125 0.10625 0.059375
0 0.6890625 0.2234375 0.1671875 0.0484375
0 0.546875 0.09765625 0.1046875 0.0671875
0 0.34921875 0.46953125 0.1921875 0.115625
0 0.28125 0.36875 0.1015625 0.0640625
0 0.2203125 0.621875 0.196875 0.1328125
0 0.16953125 0.52109375 0.115625 0.059375
0 0.03984375 0.63828125 0.0796875 0.0515625
0 0.06484375 0.8171875 0.0484375 0.0390625
0 0.20546875 0.78515625 0.10625 0.0625
0 0.2921875 0.72890625 0.1296875 0.08125
0 0.55 0.703125 0.2421875 0.1015625
0 0.428125 0.64765625 0.06875 0.0328125
0 0.36640625 0.5859375 0.0515625 0.0484375
0 0.4375 0.5703125 0.0921875 0.0625
0 0.584375 0.603125 0.0734375 0.0671875
0 0.703125 0.51640625 0.0625 0.0609375
0 0.653125 0.43125 0.253125 0.1296875
0 0.64609375 0.79765625 0.23125 0.1015625
0 0.903125 0.8359375 0.19375 0.1
0 0.6953125 0.62265625 0.0984375 0.0484375
0 0.81875 0.528125 0.06875 0.0484375
0 0.98359375 0.4296875 0.0328125 0.05625
0 0.90078125 0.65703125 0.08125 0.04375
0 0.96640625 0.6171875 0.0671875 0.0578125
0 0.48984375 0.91640625 0.1625 0.0984375
0 0.30859375 0.965625 0.121875 0.06875
0 0.23125 0.93828125 0.06875 0.0515625
0 0.33125 0.81171875 0.0703125 0.0359375
0 0.64140625 0.9484375 0.0609375 0.0359375
0 0.7765625 0.95234375 0.0984375 0.0390625
0 0.96171875 0.965625 0.0765625 0.06875
0 0.8921875 0.58359375 0.0625 0.028125