0 0.03828125 0.66484375 0.0765625 0.046875
0 0.61328125 0.59296875 0.115625 0.053125
0 0.91640625 0.6171875 0.0875 0.0578125
0 0.7703125 0.55078125 0.08125 0.0640625
0 0.909375 0.44140625 0.103125 0.046875
0 0.6703125 0.5234375 0.071875 0.0375
0 0.32890625 0.5625 0.0984375 0.0453125
0 0.17421875 0.51015625 0.0890625 0.0453125
0 0.021875 0.57578125 0.04375 0.04375
0 0.228125 0.46328125 0.071875 0.0390625
0 0.35234375 0.50078125 0.075 0.0296875
0 0.3875 0.434375 0.078125 0.0515625
0 0.2484375 0.3828125 0.090625 0.04375
0 0.053125 0.3515625 0.10625 0.0453125
0 0.4765625 0.3703125 0.059375 0.028125
0 0.659375 0.43359375 0.078125 0.040625
0 0.6875 0.25390625 0.0703125 0.0359375
0 0.0890625 0.2515625 0.09375 0.0296875
0 0.4046875 0.2421875 0.084375 0.046875
0 0.25625 0.040625 0.0671875 0.0328125
0 0.428125 0.0796875 0.0890625 0.0375
0 0.7109375 0.171875 0.08125 0.0421875
0 0.91796875 0.1359375 0.0625 0.03125