0 0.09140625 0.08671875 0.0953125 0.09609375
0 0.27265625 0.0921875 0.07890625 0.07734375
0 0.1875 0.2875 0.125 0.11484375
0 0.1640625 0.54296875 0.06796875 0.084375
0 0.334375 0.396875 0.06953125 0.07109375
0 0.5484375 0.18515625 0.1609375 0.13828125
0 0.79765625 0.33203125 0.07265625 0.14296875
0 0.6015625 0.3890625 0.09296875 0.0609375
0 0.6921875 0.45859375 0.06015625 0.05859375
0 0.72109375 0.57578125 0.06875 0.0625
0 0.740625 0.678125 0.06796875 0.05859375
0 0.728125 0.79140625 0.08203125 0.075
0 0.58984375 0.90390625 0.1015625 0.053125
0 0.4453125 0.8890625 0.07421875 0.06796875
0 0.3375 0.95390625 0.06796875 0.08359375
0 0.14375 0.7890625 0.08046875 0.07109375
0 0.1625 0.89375 0.04296875 0.0390625
0 0.2109375 0.93203125 0.053125 0.05234375