0 0.91640625 0.85 0.1671875 0.096875
0 0.76171875 0.76640625 0.1671875 0.09375
0 0.915625 0.71640625 0.0859375 0.0796875
0 0.8109375 0.578125 0.059375 0.0453125
0 0.80625 0.62421875 0.15 0.0796875
0 0.70078125 0.48125 0.178125 0.10625
0 0.70625 0.290625 0.2390625 0.0953125
0 0.77734375 0.3640625 0.1671875 0.0703125
0 0.95546875 0.22578125 0.0890625 0.0890625
0 0.7890625 0.05 0.096875 0.1
0 0.53046875 0.171875 0.1265625 0.071875
0 0.15234375 0.26015625 0.2578125 0.1375
0 0.28046875 0.36875 0.1453125 0.075
0 0.5890625 0.34765625 0.0828125 0.0796875
0 0.4375 0.33828125 0.128125 0.071875
0 0.15859375 0.59375 0.2703125 0.1671875
0 0.1828125 0.765625 0.3234375 0.1375
0 0.1921875 0.94453125 0.296875 0.1109375
0 0.659375 0.9109375 0.1078125 0.0828125
0 0.5578125 0.909375 0.0953125 0.0796875
0 0.62578125 0.5984375 0.0796875 0.0546875
0 0.60078125 0.659375 0.0921875 0.08125
0 0.5203125 0.74609375 0.05625 0.0515625
0 0.38359375 0.6421875 0.1296875 0.0609375
0 0.41796875 0.7 0.0734375 0.046875
0 0.41015625 0.77578125 0.1328125 0.0671875
0 0.7890625 0.68515625 0.0515625 0.04375
0 0.4 0.4203125 0.15625 0.04375
0 0.27265625 0.446875 0.065625 0.0625
0 0.12734375 0.43828125 0.215625 0.121875
0 0.22890625 0.13125 0.16875 0.0828125
0 0.04140625 0.18671875 0.0828125 0.046875
0 0.65546875 0.0296875 0.0625 0.05625
0 0.525 0.04921875 0.090625 0.053125
0 0.3890625 0.04921875 0.121875 0.0578125
0 0.090625 0.0453125 0.18125 0.075
0 0.1921875 0.8515625 0.1203125 0.0703125
0 0.61875 0.98203125 0.1265625 0.0359375
0 0.8453125 0.9109375 0.0765625 0.040625
0 0.8234375 0.9703125 0.084375 0.04375