0 0.12109375 0.87578125 0.046875 0.07890625
0 0.23515625 0.3765625 0.08046875 0.0921875
0 0.1390625 0.2875 0.08984375 0.1
0 0.0515625 0.22421875 0.0734375 0.13046875
0 0.18671875 0.08671875 0.06953125 0.084375
0 0.590625 0.38125 0.059375 0.06953125
0 0.4375 0.54609375 0.0640625 0.0703125
0 0.76796875 0.690625 0.140625 0.13984375
0 0.85859375 0.953125 0.1140625 0.08203125
0 0.73828125 0.06171875 0.071875 0.09296875
0 0.90390625 0.0578125 0.07109375 0.084375
0 0.89453125 0.32109375 0.00703125 0.009375