0 0.5578125 0.80703125 0.1171875 0.0578125
0 0.50234375 0.72890625 0.125 0.0671875
0 0.6875 0.66953125 0.1125 0.0703125
0 0.61640625 0.728125 0.0984375 0.05625
0 0.73359375 0.5609375 0.0828125 0.0515625
0 0.646875 0.5171875 0.1328125 0.0625
0 0.534375 0.5171875 0.08125 0.053125
0 0.43515625 0.56796875 0.1234375 0.053125
0 0.83515625 0.4765625 0.090625 0.0609375
0 0.96953125 0.4140625 0.0609375 0.05
0 0.18828125 0.56484375 0.0796875 0.04375
0 0.26015625 0.7453125 0.096875 0.0609375
0 0.4375 0.84609375 0.0796875 0.0671875
0 0.51171875 0.97578125 0.096875 0.0484375
0 0.92890625 0.353125 0.10625 0.0421875
0 0.8203125 0.34765625 0.096875 0.040625
0 0.4796875 0.35 0.046875 0.0453125
0 0.2296875 0.340625 0.0640625 0.034375
0 0.06953125 0.37734375 0.0875 0.04375
0 0.78046875 0.2703125 0.0921875 0.046875