0 0.9234375 0.95234375 0.06875 0.053125
0 0.83203125 0.87890625 0.06640625 0.078125
0 0.83984375 0.9453125 0.05390625 0.0484375
0 0.903125 0.6828125 0.1140625 0.08984375
0 0.921875 0.50390625 0.1421875 0.15859375
0 0.65625 0.5328125 0.17421875 0.1953125
0 0.73515625 0.43984375 0.06640625 0.0984375
0 0.83828125 0.20546875 0.19375 0.1921875
0 0.49375 0.834375 0.125 0.090625
0 0.64921875 0.98046875 0.0734375 0.0390625
0 0.46484375 0.93828125 0.0625 0.04765625
0 0.06796875 0.76875 0.1359375 0.1546875
0 0.02734375 0.63671875 0.0546875 0.1
0 0.16484375 0.5109375 0.2140625 0.16171875
0 0.23046875 0.3578125 0.0828125 0.06953125
0 0.05703125 0.11640625 0.084375 0.08046875