0 0.37890625 0.4390625 0.115625 0.0625
0 0.309375 0.4875 0.1015625 0.06875
0 0.47265625 0.509375 0.0859375 0.0578125
0 0.334375 0.56640625 0.103125 0.0515625
0 0.43671875 0.58046875 0.0859375 0.0390625
0 0.525 0.60078125 0.0875 0.0375
0 0.61953125 0.675 0.0921875 0.0546875
0 0.7953125 0.675 0.1015625 0.05625
0 0.478125 0.715625 0.075 0.0484375
0 0.13984375 0.49375 0.0953125 0.0703125
0 0.03359375 0.36875 0.0671875 0.075
0 0.103125 0.38515625 0.06875 0.0640625
0 0.21953125 0.37890625 0.078125 0.046875
0 0.375 0.37578125 0.0828125 0.0546875
0 0.3078125 0.2796875 0.128125 0.059375
0 0.49765625 0.31953125 0.0578125 0.03125
0 0.53515625 0.36171875 0.0640625 0.0609375
0 0.7390625 0.3859375 0.065625 0.05625
0 0.80078125 0.3890625 0.09375 0.0640625
0 0.56953125 0.13828125 0.096875 0.0484375
0 0.465625 0.1671875 0.0875 0.053125
0 0.3734375 0.1375 0.1 0.04375
0 0.265625 0.6078125 0.1046875 0.0484375
0 0.11328125 0.571875 0.0890625 0.059375
0 0.065625 0.1171875 0.103125 0.0640625
0 0.10546875 0.2390625 0.1828125 0.0546875