0 0.74296875 0.73203125 0.1515625 0.059375
0 0.8953125 0.6640625 0.1265625 0.078125
0 0.79453125 0.59453125 0.1390625 0.0734375
0 0.6359375 0.590625 0.13125 0.071875
0 0.11796875 0.684375 0.165625 0.0609375
0 0.51796875 0.72265625 0.1171875 0.065625
0 0.21796875 0.49453125 0.1078125 0.090625
0 0.60859375 0.5078125 0.13125 0.059375
0 0.44609375 0.4875 0.0828125 0.0671875
0 0.6609375 0.3484375 0.1375 0.0625
0 0.86484375 0.32890625 0.10625 0.0703125
0 0.8671875 0.26484375 0.1390625 0.0703125
0 0.578125 0.2703125 0.175 0.059375
0 0.315625 0.290625 0.1140625 0.065625
0 0.0640625 0.28828125 0.128125 0.075
0 0.05078125 0.2015625 0.1015625 0.0640625
0 0.1953125 0.21796875 0.1390625 0.0515625
0 0.4203125 0.21484375 0.1671875 0.0609375
0 0.85078125 0.1 0.09375 0.0515625
0 0.9484375 0.05234375 0.071875 0.0421875
0 0.853125 0.03046875 0.115625 0.04375
0 0.434375 0.13125 0.090625 0.046875
0 0.615625 0.0859375 0.0734375 0.034375
0 0.5375 0.0828125 0.090625 0.0453125
0 0.54609375 0.125 0.0796875 0.040625
0 0.09375 0.02890625 0.0859375 0.046875