0 0.759375 0.35625 0.25234375 0.26953125
0 0.80234375 0.63359375 0.15 0.17578125
0 0.8546875 0.79375 0.140625 0.13671875
0 0.946875 0.84921875 0.08828125 0.0953125
0 0.65234375 0.6265625 0.07578125 0.05859375
0 0.5546875 0.39453125 0.0609375 0.11171875
0 0.54453125 0.29296875 0.07578125 0.0796875
0 0.41171875 0.2515625 0.10625 0.08671875
0 0.45234375 0.52109375 0.09296875 0.10625
0 0.49375 0.771875 0.1125 0.12734375
0 0.5265625 0.93671875 0.0828125 0.1265625
0 0.23515625 0.7640625 0.1828125 0.21953125
0 0.2171875 0.96328125 0.071875 0.0734375
0 0.20859375 0.22578125 0.04609375 0.053125
0 0.1390625 0.078125 0.15 0.15625
0 0.3296875 0.0203125 0.04453125 0.040625
0 0.52890625 0.11015625 0.059375 0.0640625
0 0.484375 0.05 0.05390625 0.034375