0 0.9765625 0.36640625 0.046875 0.08125
0 0.95546875 0.29296875 0.0890625 0.0796875
0 0.971875 0.1203125 0.05625 0.05
0 0.97109375 0.05390625 0.0578125 0.046875
0 0.98046875 0.1984375 0.0390625 0.046875
0 0.7953125 0.0515625 0.203125 0.103125
0 0.7296875 0.178125 0.1046875 0.1171875
0 0.596875 0.121875 0.075 0.09375
0 0.453125 0.16953125 0.2203125 0.1390625
0 0.49296875 0.07578125 0.0734375 0.0546875
0 0.44453125 0.0265625 0.1078125 0.053125
0 0.2484375 0.0640625 0.128125 0.1046875
0 0.18125 0.21015625 0.2140625 0.1859375
0 0.13984375 0.09453125 0.0625 0.040625
0 0.11640625 0.26796875 0.06875 0.0390625
0 0.01796875 0.275 0.0359375 0.021875
0 0.02421875 0.23046875 0.0484375 0.0640625
0 0.15 0.39453125 0.0875 0.11875
0 0.11328125 0.37734375 0.0421875 0.046875
0 0.740625 0.375 0.0765625 0.0484375
0 0.68828125 0.35703125 0.040625 0.0328125
0 0.65546875 0.30546875 0.0765625 0.0609375
0 0.6109375 0.36875 0.084375 0.046875
0 0.54921875 0.31640625 0.0671875 0.0359375
0 0.46015625 0.271875 0.1234375 0.0953125
0 0.803125 0.3109375 0.11875 0.0765625
0 0.90625 0.3796875 0.0765625 0.0578125
0 0.8765625 0.4734375 0.0578125 0.0375
0 0.8328125 0.42109375 0.1265625 0.0546875
0 0.79609375 0.37265625 0.053125 0.03125
0 0.88671875 0.5859375 0.096875 0.0671875
0 0.803125 0.5234375 0.090625 0.0765625
0 0.746875 0.6296875 0.1390625 0.1359375
0 0.94140625 0.75703125 0.1171875 0.1359375
0 0.9046875 0.9125 0.190625 0.175
0 0.85859375 0.91640625 0.0578125 0.04375
0 0.8328125 0.846875 0.09375 0.0390625
0 0.76015625 0.8296875 0.0515625 0.046875
0 0.840625 0.80859375 0.0640625 0.04375
0 0.83515625 0.77265625 0.053125 0.028125
0 0.86328125 0.7453125 0.0359375 0.028125
0 0.86015625 0.684375 0.0578125 0.0703125
0 0.60703125 0.78984375 0.23125 0.1421875
0 0.61953125 0.9078125 0.2203125 0.1328125
0 0.4875 0.97109375 0.178125 0.0578125
0 0.43046875 0.93203125 0.0546875 0.034375
0 0.42421875 0.87890625 0.059375 0.0328125
0 0.22578125 0.8890625 0.1921875 0.0921875
0 0.52734375 0.6125 0.096875 0.0828125
0 0.6796875 0.4796875 0.15625 0.1
0 0.59375 0.41640625 0.0703125 0.040625
0 0.44609375 0.4546875 0.209375 0.1484375
0 0.5203125 0.36796875 0.040625 0.03125
0 0.4453125 0.33671875 0.059375 0.0546875
0 0.40390625 0.3625 0.075 0.0515625
0 0.46171875 0.5453125 0.225 0.10625
0 0.20234375 0.60390625 0.2375 0.1140625
0 0.1359375 0.5046875 0.1140625 0.059375
0 0.0375 0.54609375 0.075 0.065625
0 0.2640625 0.5 0.1 0.0390625
0 0.31796875 0.45625 0.078125 0.0328125
0 0.3234375 0.41796875 0.04375 0.0171875
0 0.27578125 0.41484375 0.0671875 0.0515625
0 0.36875 0.3125 0.06875 0.0546875
0 0.3171875 0.3671875 0.0578125 0.0375
0 0.284375 0.3015625 0.103125 0.05
0 0.32734375 0.2515625 0.0546875 0.0390625
0 0.37265625 0.6578125 0.1265625 0.1140625
0 0.43671875 0.7640625 0.0671875 0.0578125
0 0.37578125 0.796875 0.0828125 0.05
0 0.01796875 0.94921875 0.0359375 0.1015625
0 0.3078125 0.96953125 0.1296875 0.0609375
0 0.134375 0.73671875 0.0796875 0.0359375
0 0.31328125 0.74609375 0.06875 0.0421875
0 0.209375 0.7 0.0671875 0.03125
0 0.1078125 0.68125 0.0640625 0.0359375
0 0.06796875 0.65390625 0.0390625 0.0296875
0 0.04140625 0.375 0.0796875 0.03125
0 0.04296875 0.3453125 0.0546875 0.03125
0 0.02421875 0.31640625 0.0484375 0.025
0 0.0875 0.46171875 0.059375 0.0328125