0 0.03046875 0.03671875 0.0609375 0.0734375
0 0.12734375 0.05546875 0.10625 0.0984375
0 0.25546875 0.15546875 0.1515625 0.0984375
0 0.4484375 0.13515625 0.1953125 0.0890625
0 0.38671875 0.02265625 0.1671875 0.0453125
0 0.325 0.425 0.06875 0.046875
0 0.3578125 0.33046875 0.1296875 0.0640625
0 0.27265625 0.553125 0.1046875 0.04375
0 0.38671875 0.5 0.1171875 0.059375
0 0.14296875 0.5015625 0.11875 0.05625
0 0.02109375 0.37734375 0.0421875 0.0890625
0 0.11484375 0.4046875 0.08125 0.0796875
0 0.48515625 0.3921875 0.228125 0.1078125
0 0.5984375 0.51171875 0.203125 0.1109375
0 0.58125 0.7921875 0.0921875 0.0484375
0 0.5734375 0.7546875 0.146875 0.0828125
0 0.6109375 0.65078125 0.121875 0.071875
0 0.3890625 0.65234375 0.1109375 0.034375
0 0.14296875 0.98203125 0.1328125 0.0359375
0 0.32421875 0.95234375 0.128125 0.046875
0 0.46953125 0.9046875 0.115625 0.0515625
0 0.56796875 0.9125 0.0703125 0.046875
0 0.67265625 0.9046875 0.0984375 0.05625
0 0.84296875 0.7265625 0.1296875 0.0484375
0 0.765625 0.63203125 0.103125 0.0390625
0 0.859375 0.903125 0.0984375 0.046875
0 0.94921875 0.834375 0.1015625 0.0484375
0 0.14765625 0.82734375 0.146875 0.0515625
0 0.13125 0.77265625 0.0984375 0.046875
0 0.05625 0.71171875 0.071875 0.0515625
0 0.11796875 0.70703125 0.0484375 0.0390625
0 0.66015625 0.58671875 0.1046875 0.0671875
0 0.68828125 0.0796875 0.1046875 0.059375
0 0.61875 0.41796875 0.10625 0.0609375
0 0.0328125 0.228125 0.065625 0.109375
0 0.134375 0.253125 0.1171875 0.065625