0 0.08515625 0.06953125 0.1703125 0.121875
0 0.0546875 0.22890625 0.0921875 0.0484375
0 0.2140625 0.1828125 0.159375 0.0765625
0 0.05390625 0.7140625 0.1078125 0.1046875
0 0.3390625 0.5421875 0.140625 0.13125
0 0.4671875 0.42421875 0.1265625 0.0734375
0 0.2109375 0.4046875 0.075 0.0421875
0 0.3203125 0.35234375 0.103125 0.0765625
0 0.65 0.4546875 0.2453125 0.15625
0 0.58828125 0.328125 0.1609375 0.1390625
0 0.49765625 0.18125 0.13125 0.0875
0 0.5265625 0.05703125 0.1890625 0.090625
0 0.77578125 0.153125 0.1390625 0.0875
0 0.80859375 0.20546875 0.078125 0.059375
0 0.65625 0.5421875 0.08125 0.05
0 0.51328125 0.64375 0.2234375 0.1375
0 0.4859375 0.8609375 0.365625 0.1953125
0 0.30234375 0.81953125 0.09375 0.08125
0 0.53359375 0.73359375 0.109375 0.071875
0 0.68828125 0.96171875 0.075 0.0421875
0 0.7375 0.8890625 0.1078125 0.090625
0 0.78359375 0.9390625 0.078125 0.04375
0 0.94375 0.68671875 0.071875 0.0546875
0 0.98046875 0.5265625 0.0390625 0.071875
0 0.98046875 0.3046875 0.0390625 0.1
0 0.26640625 0.46640625 0.1171875 0.0765625