0 0.23671875 0.97890625 0.07890625 0.0328125
0 0.30078125 0.746875 0.115625 0.09609375
0 0.43125 0.91875 0.046875 0.053125
0 0.5046875 0.63515625 0.09375 0.128125
0 0.5625 0.60390625 0.059375 0.05625
0 0.3 0.36484375 0.09765625 0.08828125
0 0.18671875 0.44609375 0.0703125 0.0625
0 0.3328125 0.19375 0.103125 0.08046875
0 0.428125 0.2546875 0.10078125 0.08359375
0 0.46015625 0.1875 0.08125 0.06171875
0 0.45625 0.31484375 0.065625 0.0671875
0 0.5484375 0.2421875 0.06484375 0.03359375
0 0.6453125 0.30078125 0.06015625 0.05859375
0 0.7140625 0.21953125 0.0453125 0.03046875
0 0.7125 0.09375 0.0328125 0.0296875
0 0.9484375 0.39140625 0.04140625 0.034375
0 0.9796875 0.43984375 0.040625 0.0453125