0 0.16875 0.9015625 0.071875 0.07421875
0 0.2734375 0.8234375 0.09140625 0.0875
0 0.1890625 0.77734375 0.0765625 0.08828125
0 0.18125 0.65625 0.09921875 0.1015625
0 0.33203125 0.625 0.0609375 0.0765625
0 0.18046875 0.47578125 0.06875 0.09609375
0 0.1796875 0.24375 0.08671875 0.19296875
0 0.34609375 0.30234375 0.0609375 0.08984375
0 0.26171875 0.0390625 0.053125 0.078125
0 0.6796875 0.7265625 0.128125 0.21796875
0 0.80546875 0.59765625 0.0984375 0.15234375
0 0.95078125 0.690625 0.0984375 0.1390625
0 0.92890625 0.9421875 0.12265625 0.0609375
0 0.7453125 0.21171875 0.096875 0.10234375