0 0.4546875 0.08046875 0.265625 0.1609375
0 0.1578125 0.13359375 0.071875 0.065625
0 0.1578125 0.06328125 0.0828125 0.0609375
0 0.12421875 0.015625 0.1046875 0.03125
0 0.0421875 0.04921875 0.084375 0.0984375
0 0.2296875 0.06640625 0.0546875 0.0578125
0 0.06875 0.26875 0.1375 0.0875
0 0.02890625 0.19453125 0.0578125 0.034375
0 0.13984375 0.31328125 0.0640625 0.04375
0 0.23515625 0.2609375 0.078125 0.0421875
0 0.1875 0.2015625 0.103125 0.053125
0 0.29765625 0.26015625 0.1375 0.0671875
0 0.30859375 0.20625 0.1 0.0421875
0 0.43125 0.26796875 0.0953125 0.059375
0 0.33671875 0.35859375 0.2125 0.1171875
0 0.56171875 0.3828125 0.109375 0.053125
0 0.41328125 0.534375 0.1578125 0.065625
0 0.478125 0.665625 0.1765625 0.0875
0 0.521875 0.609375 0.090625 0.0515625
0 0.64375 0.59296875 0.08125 0.0359375
0 0.740625 0.634375 0.0859375 0.025
0 0.7453125 0.60078125 0.0859375 0.034375
0 0.634375 0.6703125 0.0625 0.0390625
0 0.59609375 0.49140625 0.1265625 0.08125
0 0.71953125 0.5 0.08125 0.0328125
0 0.69296875 0.35 0.04375 0.05625
0 0.58828125 0.31328125 0.1609375 0.078125
0 0.8328125 0.2859375 0.1421875 0.096875
0 0.903125 0.1921875 0.1859375 0.0921875
0 0.76484375 0.1125 0.096875 0.0546875
0 0.6296875 0.140625 0.15 0.0734375
0 0.6515625 0.03046875 0.21875 0.0609375
0 0.8015625 0.06015625 0.059375 0.040625
0 0.07734375 0.459375 0.1375 0.0828125
0 0.25 0.465625 0.1296875 0.0640625
0 0.32734375 0.4765625 0.0671875 0.0265625
0 0.0296875 0.69609375 0.059375 0.0578125
0 0.06953125 0.9484375 0.0828125 0.0640625
0 0.15625 0.978125 0.10625 0.04375
0 0.55703125 0.971875 0.196875 0.05625
0 0.38046875 0.9140625 0.059375 0.025
0 0.4296875 0.87421875 0.0796875 0.0515625
0 0.334375 0.934375 0.0875 0.0484375
0 0.3359375 0.86953125 0.06875 0.0359375
0 0.30859375 0.828125 0.0640625 0.0328125
0 0.3859375 0.8390625 0.05625 0.0375
0 0.43203125 0.8078125 0.08125 0.03125
0 0.25078125 0.740625 0.0671875 0.0671875
0 0.34375 0.775 0.078125 0.0421875
0 0.2078125 0.815625 0.1015625 0.0375
0 0.45625 0.9140625 0.0734375 0.028125
0 0.90859375 0.86171875 0.115625 0.05
0 0.9453125 0.6109375 0.0984375 0.0390625
0 0.97109375 0.70625 0.0578125 0.05625
0 0.975 0.65078125 0.05 0.0296875
0 0.9859375 0.6875 0.028125 0.0296875
0 0.93359375 0.45859375 0.0171875 0.034375
0 0.953125 0.34296875 0.09375 0.0609375
0 0.2046875 0.62578125 0.040625 0.0390625
0 0.2609375 0.59609375 0.0703125 0.028125
0 0.02578125 0.6296875 0.0515625 0.040625
0 0.1046875 0.584375 0.028125 0.0234375
0 0.5265625 0.8546875 0.0859375 0.0375
0 0.525 0.796875 0.05625 0.0390625
0 0.6328125 0.925 0.0453125 0.021875
0 0.63671875 0.8984375 0.0375 0.0109375
0 0.65234375 0.87265625 0.09375 0.0328125
0 0.73046875 0.96015625 0.075 0.0375
0 0.1578125 0.9203125 0.046875 0.0375
0 0.4734375 0.35234375 0.0578125 0.05
0 0.75390625 0.1921875 0.109375 0.0453125
0 0.528125 0.25625 0.0859375 0.0515625