0 0.178125 0.3546875 0.040625 0.04296875
0 0.32578125 0.12734375 0.0328125 0.03046875
0 0.26875 0.0671875 0.03046875 0.01796875
0 0.10234375 0.9578125 0.03515625 0.04453125
0 0.5375 0.60859375 0.0765625 0.08125
0 0.57578125 0.675 0.05078125 0.0515625
0 0.60703125 0.53203125 0.05703125 0.05703125
0 0.68359375 0.81953125 0.14296875 0.1328125
0 0.52734375 0.959375 0.0359375 0.03046875
0 0.8046875 0.73359375 0.0546875 0.06796875
0 0.8375 0.67734375 0.04921875 0.03046875
0 0.8609375 0.46328125 0.05078125 0.06171875
0 0.64921875 0.22109375 0.034375 0.046875
0 0.5734375 0.14765625 0.05234375 0.0453125
0 0.5765625 0.04296875 0.0390625 0.040625
0 0.76171875 0.221875 0.03359375 0.03125
0 0.859375 0.18125 0.071875 0.07421875