0 0.05390625 0.84453125 0.1078125 0.1421875
0 0.1515625 0.85859375 0.05625 0.05
0 0.25703125 0.76484375 0.0640625 0.08359375
0 0.23359375 0.6109375 0.0921875 0.10390625
0 0.0828125 0.49375 0.121875 0.16171875
0 0.39765625 0.58984375 0.06796875 0.0859375
0 0.53671875 0.7 0.0484375 0.078125
0 0.67421875 0.87734375 0.02734375 0.04453125
0 0.78125 0.6765625 0.02734375 0.04296875
0 0.60234375 0.5453125 0.065625 0.071875
0 0.60625 0.28984375 0.03359375 0.0453125
0 0.77734375 0.053125 0.0984375 0.05
0 0.95546875 0.85390625 0.04140625 0.05859375