0 0.04453125 0.9515625 0.0890625 0.0484375
0 0.24921875 0.9109375 0.1046875 0.0765625
0 0.33515625 0.74375 0.06875 0.0546875
0 0.44453125 0.6234375 0.0640625 0.040625
0 0.0609375 0.7078125 0.0671875 0.0328125
0 0.05859375 0.74921875 0.075 0.0390625
0 0.60078125 0.84296875 0.075 0.05625
0 0.46796875 0.71796875 0.1484375 0.0375
0 0.09296875 0.61796875 0.0796875 0.0484375
0 0.18203125 0.3359375 0.06875 0.0375
0 0.05625 0.31875 0.0671875 0.034375
0 0.02265625 0.21796875 0.0453125 0.0359375
0 0.15078125 0.47421875 0.059375 0.0421875
0 0.159375 0.38984375 0.0765625 0.0375
0 0.50078125 0.54765625 0.0703125 0.0359375
0 0.15625 0.8390625 0.0734375 0.059375
0 0.1609375 0.79921875 0.053125 0.0359375