0 0.53515625 0.06171875 0.0875 0.0515625
0 0.6046875 0.10078125 0.09375 0.046875
0 0.30078125 0.128125 0.125 0.053125
0 0.90859375 0.1234375 0.0765625 0.04375
0 0.81015625 0.18515625 0.0921875 0.0484375
0 0.828125 0.25546875 0.0890625 0.0484375
0 0.89921875 0.2125 0.075 0.03125
0 0.9171875 0.17890625 0.075 0.0296875
0 0.36875 0.26015625 0.078125 0.0390625
0 0.19765625 0.24609375 0.10625 0.05
0 0.0765625 0.3046875 0.0734375 0.05
0 0.1515625 0.3046875 0.0609375 0.034375
0 0.27578125 0.36484375 0.0875 0.025
0 0.29921875 0.32578125 0.0796875 0.0453125
0 0.165625 0.36875 0.065625 0.040625
0 0.38359375 0.403125 0.06875 0.0421875
0 0.69765625 0.43515625 0.071875 0.0328125
0 0.78828125 0.3828125 0.0671875 0.05
0 0.87734375 0.38046875 0.0625 0.0375
0 0.47890625 0.48515625 0.128125 0.0484375
0 0.18515625 0.48125 0.075 0.0375
0 0.25234375 0.49765625 0.0765625 0.0375
0 0.03828125 0.56328125 0.075 0.0234375
0 0.21796875 0.58515625 0.078125 0.028125
0 0.4515625 0.55703125 0.0578125 0.0359375
0 0.6703125 0.57734375 0.0625 0.0390625
0 0.74296875 0.5609375 0.059375 0.0265625
0 0.77578125 0.53359375 0.1015625 0.0328125
0 0.5828125 0.66015625 0.0671875 0.040625
0 0.7640625 0.634375 0.096875 0.034375
0 0.1265625 0.68125 0.0984375 0.0515625
0 0.0578125 0.74921875 0.0796875 0.05
0 0.58515625 0.77890625 0.0546875 0.034375
0 0.64765625 0.78515625 0.078125 0.04375
0 0.753125 0.79921875 0.053125 0.0359375
0 0.07890625 0.85546875 0.065625 0.0359375
0 0.175 0.8171875 0.0796875 0.0375
0 0.2515625 0.87890625 0.0546875 0.0296875
0 0.28359375 0.83359375 0.0578125 0.028125
0 0.26796875 0.7953125 0.0671875 0.03125
0 0.3640625 0.8140625 0.0546875 0.0328125
0 0.5640625 0.903125 0.0703125 0.0390625
0 0.4859375 0.84765625 0.0734375 0.0359375
0 0.66796875 0.95078125 0.0703125 0.0359375
0 0.16875 0.92890625 0.065625 0.0296875
0 0.16015625 0.97734375 0.05625 0.0265625
0 0.22734375 0.96953125 0.0640625 0.0265625
0 0.70625 0.890625 0.0578125 0.025
0 0.32421875 0.5875 0.0546875 0.028125
0 0.2484375 0.65390625 0.053125 0.03125
0 0.67109375 0.7375 0.0484375 0.034375
0 0.565625 0.378125 0.059375 0.0328125
0 0.6171875 0.553125 0.0609375 0.028125