0 0.3609375 0.93515625 0.08828125 0.05859375
0 0.4078125 0.88203125 0.07421875 0.04375
0 0.56171875 0.775 0.1796875 0.11484375
0 0.71640625 0.85078125 0.07421875 0.04921875
0 0.759375 0.8890625 0.05390625 0.0265625
0 0.3546875 0.66875 0.0734375 0.01875
0 0.11328125 0.42265625 0.15390625 0.0921875
0 0.02890625 0.26640625 0.05703125 0.0359375
0 0.16328125 0.30390625 0.05078125 0.03515625
0 0.359375 0.375 0.09375 0.0765625
0 0.4625 0.4046875 0.05 0.0234375
0 0.26328125 0.2671875 0.03515625 0.021875
0 0.35234375 0.28828125 0.03671875 0.01953125
0 0.2953125 0.17890625 0.0609375 0.0265625
0 0.32578125 0.06015625 0.0421875 0.04609375
0 0.3140625 0.128125 0.040625 0.02734375
0 0.475 0.07734375 0.0484375 0.02265625
0 0.63671875 0.0953125 0.0421875 0.0328125
0 0.59140625 0.16015625 0.03671875 0.0234375
0 0.5265625 0.18828125 0.02890625 0.02734375
0 0.4 0.21328125 0.0421875 0.015625
0 0.6015625 0.30703125 0.04609375 0.01875