0 0.08984375 0.721875 0.1796875 0.184375
0 0.15390625 0.7921875 0.1046875 0.0609375
0 0.05625 0.971875 0.1125 0.05625
0 0.37734375 0.7984375 0.2046875 0.1796875
0 0.33515625 0.96875 0.1890625 0.0625
0 0.56953125 0.9578125 0.0765625 0.084375
0 0.57734375 0.78515625 0.04375 0.078125
0 0.69609375 0.88828125 0.0703125 0.0609375
0 0.7640625 0.815625 0.0796875 0.0671875
0 0.765625 0.91484375 0.078125 0.0875
0 0.2484375 0.60703125 0.065625 0.0796875
0 0.05546875 0.5078125 0.1109375 0.1078125
0 0.1046875 0.42421875 0.0515625 0.0921875
0 0.10234375 0.2484375 0.071875 0.0671875
0 0.2015625 0.209375 0.1140625 0.0671875
0 0.0328125 0.10078125 0.065625 0.0671875
0 0.35078125 0.03359375 0.18125 0.0515625
0 0.484375 0.0859375 0.1046875 0.0703125
0 0.47109375 0.16640625 0.09375 0.05
0 0.55625 0.0265625 0.1484375 0.053125
0 0.67890625 0.10234375 0.10625 0.0421875
0 0.70234375 0.23046875 0.096875 0.0640625
0 0.36328125 0.43828125 0.125 0.0875
0 0.3359375 0.3484375 0.1046875 0.0390625
0 0.53203125 0.45859375 0.1296875 0.0671875
0 0.365625 0.565625 0.084375 0.0546875
0 0.44140625 0.578125 0.0953125 0.06875
0 0.6 0.66015625 0.18125 0.1078125
0 0.70234375 0.5015625 0.128125 0.08125
0 0.69296875 0.61015625 0.0890625 0.05625
0 0.840625 0.65390625 0.2734375 0.1625
0 0.8921875 0.31640625 0.215625 0.228125
0 0.890625 0.49921875 0.1171875 0.0609375
0 0.95546875 0.8 0.0890625 0.071875
0 0.77578125 0.06640625 0.1953125 0.1328125
0 0.9265625 0.04296875 0.0828125 0.0515625
0 0.97109375 0.1359375 0.0578125 0.0375