0 0.62109375 0.4390625 0.115625 0.0625
0 0.690625 0.4875 0.1015625 0.06875
0 0.52734375 0.509375 0.0859375 0.0578125
0 0.665625 0.56640625 0.103125 0.0515625
0 0.56328125 0.58046875 0.0859375 0.0390625
0 0.475 0.60078125 0.0875 0.0375
0 0.38046875 0.675 0.0921875 0.0546875
0 0.2046875 0.675 0.1015625 0.05625
0 0.521875 0.715625 0.075 0.0484375
0 0.86015625 0.49375 0.0953125 0.0703125
0 0.96640625 0.36875 0.0671875 0.075
0 0.896875 0.38515625 0.06875 0.0640625
0 0.78046875 0.37890625 0.078125 0.046875
0 0.625 0.37578125 0.0828125 0.0546875
0 0.6921875 0.2796875 0.128125 0.059375
0 0.50234375 0.31953125 0.0578125 0.03125
0 0.46484375 0.36171875 0.0640625 0.0609375
0 0.2609375 0.3859375 0.065625 0.05625
0 0.19921875 0.3890625 0.09375 0.0640625
0 0.43046875 0.13828125 0.096875 0.0484375
0 0.534375 0.1671875 0.0875 0.053125
0 0.6265625 0.1375 0.1 0.04375
0 0.734375 0.6078125 0.1046875 0.0484375
0 0.88671875 0.571875 0.0890625 0.059375
0 0.934375 0.1171875 0.103125 0.0640625
0 0.89453125 0.2390625 0.1828125 0.0546875