0 0.1890625 0.15234375 0.209375 0.0921875
0 0.04140625 0.05625 0.0828125 0.0890625
0 0.02734375 0.18359375 0.0546875 0.1015625
0 0.05546875 0.46171875 0.1109375 0.1015625
0 0.05234375 0.3671875 0.1046875 0.0828125
0 0.22265625 0.46171875 0.2171875 0.071875
0 0.41953125 0.47734375 0.1203125 0.046875
0 0.278125 0.2796875 0.10625 0.071875
0 0.31484375 0.34765625 0.059375 0.0390625
0 0.11796875 0.2890625 0.09375 0.04375
0 0.384375 0.26875 0.0953125 0.0640625
0 0.52109375 0.2109375 0.16875 0.046875
0 0.584375 0.3359375 0.1234375 0.046875
0 0.6109375 0.26875 0.171875 0.0640625
0 0.8734375 0.47578125 0.1703125 0.08125
0 0.728125 0.6609375 0.290625 0.1875
0 0.30078125 0.70234375 0.125 0.0671875
0 0.31796875 0.60703125 0.190625 0.09375
0 0.26015625 0.5234375 0.1359375 0.06875
0 0.14296875 0.7734375 0.19375 0.0765625
0 0.55078125 0.81953125 0.2625 0.1171875
0 0.84453125 0.8953125 0.2703125 0.1796875
0 0.940625 0.79375 0.1171875 0.046875
0 0.03515625 0.94453125 0.0703125 0.084375
0 0.734375 0.103125 0.1015625 0.0515625
0 0.565625 0.1609375 0.1109375 0.0796875
0 0.92109375 0.20390625 0.1015625 0.090625
0 0.2 0.965625 0.0859375 0.06875