0 0.4140625 0.2828125 0.1953125 0.16640625
0 0.5015625 0.0328125 0.128125 0.065625
0 0.61171875 0.11640625 0.065625 0.07421875
0 0.7125 0.1 0.11171875 0.06484375
0 0.9171875 0.35546875 0.16484375 0.20703125
0 0.3796875 0.5640625 0.10234375 0.0828125
0 0.2375 0.58359375 0.0796875 0.05390625
0 0.18984375 0.8921875 0.16328125 0.10625
0 0.815625 0.759375 0.10703125 0.11796875
0 0.7953125 0.59140625 0.0578125 0.0546875
0 0.6765625 0.53828125 0.04140625 0.028125
0 0.75078125 0.84453125 0.06484375 0.06796875
0 0.6953125 0.97109375 0.09140625 0.0578125
0 0.93828125 0.90859375 0.06484375 0.0734375