0 0.90859375 0.91328125 0.0953125 0.09609375
0 0.72734375 0.9078125 0.07890625 0.07734375
0 0.8125 0.7125 0.125 0.11484375
0 0.8359375 0.45703125 0.06796875 0.084375
0 0.665625 0.603125 0.06953125 0.07109375
0 0.4515625 0.81484375 0.1609375 0.13828125
0 0.20234375 0.66796875 0.07265625 0.14296875
0 0.3984375 0.6109375 0.09296875 0.0609375
0 0.3078125 0.54140625 0.06015625 0.05859375
0 0.27890625 0.42421875 0.06875 0.0625
0 0.259375 0.321875 0.06796875 0.05859375
0 0.271875 0.20859375 0.08203125 0.075
0 0.41015625 0.09609375 0.1015625 0.053125
0 0.5546875 0.1109375 0.07421875 0.06796875
0 0.6625 0.04609375 0.06796875 0.08359375
0 0.85625 0.2109375 0.08046875 0.07109375
0 0.8375 0.10625 0.04296875 0.0390625
0 0.7890625 0.06796875 0.053125 0.05234375