0 0.675 0.096875 0.1390625 0.0671875
0 0.7921875 0.04765625 0.23125 0.0953125
0 0.4609375 0.06875 0.06875 0.0515625
0 0.7109375 0.29453125 0.0859375 0.04375
0 0.5984375 0.39921875 0.140625 0.090625
0 0.5125 0.71640625 0.36875 0.15625
0 0.29453125 0.8328125 0.21875 0.15
0 0.05234375 0.5875 0.1046875 0.10625
0 0.12421875 0.3546875 0.20625 0.1125
0 0.28984375 0.16640625 0.0828125 0.0453125
0 0.37578125 0.27109375 0.0828125 0.0625
0 0.246875 0.2453125 0.0890625 0.0484375
0 0.0828125 0.19921875 0.06875 0.05625
0 0.03046875 0.06953125 0.0609375 0.05625