0 0.48984375 0.89375 0.1390625 0.1171875
0 0.30703125 0.81015625 0.13359375 0.10703125
0 0.315625 0.68125 0.1203125 0.06640625
0 0.5734375 0.68046875 0.09375 0.08828125
0 0.5890625 0.5890625 0.08203125 0.08125
0 0.70625 0.57734375 0.0484375 0.05625
0 0.7328125 0.45625 0.06953125 0.0796875
0 0.68125 0.3421875 0.11015625 0.1046875
0 0.971875 0.32734375 0.03046875 0.046875
0 0.87421875 0.02734375 0.08203125 0.03828125
0 0.803125 0.05703125 0.10234375 0.090625
0 0.48046875 0.1671875 0.1625 0.1953125
0 0.3453125 0.42578125 0.09765625 0.07265625
0 0.14375 0.52578125 0.07109375 0.06328125