0 0.228125 0.08671875 0.08125 0.0828125
0 0.26875 0.18515625 0.0640625 0.07578125
0 0.09296875 0.46953125 0.1265625 0.2
0 0.28515625 0.37734375 0.07421875 0.06640625
0 0.22421875 0.721875 0.11484375 0.13359375
0 0.2515625 0.94453125 0.115625 0.11015625
0 0.48203125 0.6609375 0.178125 0.14453125
0 0.37890625 0.56171875 0.075 0.06796875
0 0.72734375 0.165625 0.0953125 0.0859375
0 0.78671875 0.3328125 0.109375 0.0953125
0 0.85703125 0.0765625 0.07265625 0.06640625
0 0.7484375 0.825 0.04921875 0.05703125