0 0.76328125 0.02109375 0.07890625 0.0328125
0 0.69921875 0.253125 0.115625 0.09609375
0 0.56875 0.08125 0.046875 0.053125
0 0.4953125 0.36484375 0.09375 0.128125
0 0.4375 0.39609375 0.059375 0.05625
0 0.7 0.63515625 0.09765625 0.08828125
0 0.81328125 0.55390625 0.0703125 0.0625
0 0.6671875 0.80625 0.103125 0.08046875
0 0.571875 0.7453125 0.10078125 0.08359375
0 0.53984375 0.8125 0.08125 0.06171875
0 0.54375 0.68515625 0.065625 0.0671875
0 0.4515625 0.7578125 0.06484375 0.03359375
0 0.3546875 0.69921875 0.06015625 0.05859375
0 0.2859375 0.78046875 0.0453125 0.03046875
0 0.2875 0.90625 0.0328125 0.0296875
0 0.0515625 0.60859375 0.04140625 0.034375
0 0.0203125 0.56015625 0.040625 0.0453125