0 0.334375 0.03359375 0.0765625 0.0625
0 0.321875 0.02890625 0.065625 0.0578125
0 0.26875 0.18203125 0.0859375 0.06796875
0 0.17109375 0.453125 0.15703125 0.15390625
0 0.66640625 0.5203125 0.17578125 0.18125
0 0.3890625 0.28515625 0.06875 0.0640625
0 0.47734375 0.28515625 0.05234375 0.06484375
0 0.8390625 0.0765625 0.10234375 0.065625
0 0.8375 0.15703125 0.0265625 0.03984375
0 0.79609375 0.3046875 0.08828125 0.06953125
0 0.846875 0.47109375 0.0765625 0.0671875
0 0.81484375 0.665625 0.03515625 0.02734375
0 0.90625 0.64296875 0.03515625 0.0421875
0 0.20390625 0.6171875 0.096875 0.06796875
0 0.125 0.76015625 0.06953125 0.06328125
0 0.2390625 0.76796875 0.0453125 0.04140625
0 0.51171875 0.9546875 0.0796875 0.0578125
0 0.53515625 0.7828125 0.06796875 0.046875
0 0.74140625 0.78203125 0.0625 0.046875
0 0.85859375 0.92578125 0.06875 0.059375