0 0.1953125 0.0609375 0.0890625 0.0453125
0 0.6671875 0.0375 0.05 0.04375
0 0.775 0.07890625 0.075 0.053125
0 0.66484375 0.0984375 0.046875 0.021875
0 0.5265625 0.11953125 0.0640625 0.034375
0 0.54765625 0.20078125 0.0671875 0.0375
0 0.60859375 0.1625 0.075 0.0359375
0 0.71171875 0.20234375 0.0671875 0.0328125
0 0.7953125 0.1671875 0.0765625 0.040625
0 0.97578125 0.10625 0.0484375 0.0375
0 0.9546875 0.18515625 0.0546875 0.03125
0 0.95234375 0.253125 0.0625 0.0421875
0 0.80078125 0.29609375 0.10625 0.0578125
0 0.775 0.25859375 0.059375 0.034375
0 0.28046875 0.24765625 0.0828125 0.05
0 0.36796875 0.20703125 0.059375 0.0359375
0 0.25703125 0.140625 0.0640625 0.028125
0 0.31875 0.12265625 0.0546875 0.040625
0 0.121875 0.228125 0.04375 0.0296875
0 0.046875 0.1609375 0.0625 0.028125
0 0.08671875 0.1328125 0.0546875 0.0375
0 0.05 0.2921875 0.04375 0.0265625
0 0.1453125 0.33125 0.0734375 0.03125
0 0.35234375 0.3171875 0.05 0.0375
0 0.3515625 0.36015625 0.05 0.03125
0 0.39296875 0.3859375 0.05 0.034375
0 0.0875 0.396875 0.090625 0.0390625
0 0.72109375 0.37421875 0.075 0.0390625
0 0.6734375 0.31328125 0.0625 0.05
0 0.85390625 0.36015625 0.0421875 0.03125
0 0.740625 0.3453125 0.046875 0.03125
0 0.859375 0.31953125 0.0625 0.03125
0 0.95234375 0.4359375 0.059375 0.040625
0 0.80390625 0.41328125 0.0390625 0.0328125
0 0.66328125 0.43515625 0.05625 0.040625
0 0.68359375 0.48203125 0.053125 0.0359375
0 0.3625 0.490625 0.0609375 0.040625
0 0.02890625 0.51640625 0.0453125 0.0359375
0 0.0859375 0.52734375 0.053125 0.0375
0 0.1640625 0.51328125 0.078125 0.0421875
0 0.5328125 0.590625 0.0671875 0.04375
0 0.609375 0.55390625 0.096875 0.040625
0 0.91484375 0.56171875 0.0625 0.03125
0 0.878125 0.4921875 0.065625 0.0375
0 0.9625 0.60390625 0.071875 0.0359375
0 0.728125 0.59453125 0.059375 0.028125
0 0.6015625 0.67734375 0.06875 0.04375
0 0.6734375 0.64765625 0.0625 0.03125
0 0.68046875 0.7203125 0.071875 0.03125
0 0.64921875 0.6984375 0.0359375 0.034375
0 0.76796875 0.69296875 0.0734375 0.0453125
0 0.83828125 0.69375 0.0640625 0.04375
0 0.02578125 0.64609375 0.0515625 0.0359375
0 0.13203125 0.6375 0.04375 0.03125
0 0.16484375 0.6515625 0.0484375 0.0234375
0 0.2078125 0.61875 0.0609375 0.0328125
0 0.3640625 0.58203125 0.046875 0.0328125
0 0.4078125 0.5953125 0.0359375 0.03125
0 0.0734375 0.7 0.0609375 0.03125
0 0.1734375 0.690625 0.046875 0.03125
0 0.9 0.76953125 0.059375 0.0390625
0 0.56328125 0.8375 0.0703125 0.03125
0 0.5890625 0.81796875 0.04375 0.034375
0 0.61796875 0.77890625 0.053125 0.0328125
0 0.675 0.78359375 0.0625 0.028125
0 0.51015625 0.82109375 0.0625 0.0453125
0 0.10078125 0.91640625 0.0625 0.028125
0 0.103125 0.84921875 0.053125 0.025
0 0.19609375 0.83125 0.05625 0.03125
0 0.2140625 0.8640625 0.046875 0.0234375
0 0.20234375 0.92265625 0.065625 0.040625
0 0.2859375 0.96796875 0.0421875 0.0171875
0 0.38984375 0.971875 0.0515625 0.0296875
0 0.46953125 0.9703125 0.059375 0.034375
0 0.43359375 0.95234375 0.05 0.0234375
0 0.45703125 0.9078125 0.0703125 0.0296875
0 0.59921875 0.93046875 0.059375 0.0265625
0 0.596875 0.89296875 0.0515625 0.0390625
0 0.66484375 0.88046875 0.0671875 0.0359375
0 0.59453125 0.8703125 0.04375 0.0296875
0 0.68515625 0.928125 0.059375 0.021875
0 0.7703125 0.90546875 0.06875 0.040625
0 0.74453125 0.9640625 0.059375 0.025
0 0.759375 0.94609375 0.0453125 0.01875
0 0.846875 0.91328125 0.0625 0.040625
0 0.8890625 0.8609375 0.046875 0.0375
0 0.6515625 0.8359375 0.0546875 0.03125
0 0.76796875 0.8484375 0.0578125 0.0265625
0 0.8890625 0.66640625 0.0515625 0.0296875
0 0.93515625 0.671875 0.0515625 0.03125
0 0.18359375 0.9890625 0.059375 0.021875
0 0.25078125 0.97890625 0.04375 0.0265625
0 0.075 0.79921875 0.0640625 0.034375
0 0.1265625 0.775 0.0546875 0.0265625
0 0.19296875 0.73984375 0.053125 0.01875
0 0.215625 0.71796875 0.05625 0.0265625