0 0.25703125 0.26796875 0.1515625 0.059375
0 0.1046875 0.3359375 0.1265625 0.078125
0 0.20546875 0.40546875 0.1390625 0.0734375
0 0.3640625 0.409375 0.13125 0.071875
0 0.88203125 0.315625 0.165625 0.0609375
0 0.48203125 0.27734375 0.1171875 0.065625
0 0.78203125 0.50546875 0.1078125 0.090625
0 0.39140625 0.4921875 0.13125 0.059375
0 0.55390625 0.5125 0.0828125 0.0671875
0 0.3390625 0.6515625 0.1375 0.0625
0 0.13515625 0.67109375 0.10625 0.0703125
0 0.1328125 0.73515625 0.1390625 0.0703125
0 0.421875 0.7296875 0.175 0.059375
0 0.684375 0.709375 0.1140625 0.065625
0 0.9359375 0.71171875 0.128125 0.075
0 0.94921875 0.7984375 0.1015625 0.0640625
0 0.8046875 0.78203125 0.1390625 0.0515625
0 0.5796875 0.78515625 0.1671875 0.0609375
0 0.14921875 0.9 0.09375 0.0515625
0 0.0515625 0.94765625 0.071875 0.0421875
0 0.146875 0.96953125 0.115625 0.04375
0 0.565625 0.86875 0.090625 0.046875
0 0.384375 0.9140625 0.0734375 0.034375
0 0.4625 0.9171875 0.090625 0.0453125
0 0.45390625 0.875 0.0796875 0.040625
0 0.90625 0.97109375 0.0859375 0.046875