0 0.8 0.94453125 0.084375 0.0875
0 0.753125 0.82890625 0.06328125 0.09765625
0 0.746875 0.73046875 0.05078125 0.07265625
0 0.7203125 0.578125 0.08046875 0.1328125
0 0.628125 0.528125 0.07734375 0.1421875
0 0.7453125 0.371875 0.04921875 0.07890625
0 0.7234375 0.2265625 0.053125 0.09921875
0 0.70390625 0.07734375 0.05078125 0.11484375
0 0.77890625 0.08125 0.0453125 0.05234375
0 0.290625 0.92421875 0.07109375 0.10390625
0 0.26953125 0.725 0.0828125 0.128125
0 0.08203125 0.62265625 0.0890625 0.1203125
0 0.35 0.35 0.0484375 0.08046875
0 0.31796875 0.16796875 0.040625 0.05