0 0.04140625 0.34296875 0.0828125 0.0671875
0 0.02265625 0.49375 0.0390625 0.0328125
0 0.07265625 0.4375 0.0828125 0.0484375
0 0.01015625 0.61953125 0.0203125 0.0421875
0 0.0859375 0.68046875 0.1140625 0.0546875
0 0.03671875 0.61171875 0.034375 0.0328125
0 0.096875 0.59765625 0.090625 0.0375
0 0.0671875 0.93359375 0.084375 0.040625
0 0.140625 0.87734375 0.0703125 0.040625
0 0.26015625 0.9109375 0.0796875 0.0453125
0 0.3015625 0.8578125 0.0703125 0.03125
0 0.3859375 0.86875 0.065625 0.05
0 0.209375 0.7875 0.034375 0.028125
0 0.29921875 0.78671875 0.03125 0.0171875
0 0.3875 0.7890625 0.040625 0.028125
0 0.39765625 0.603125 0.0859375 0.0421875
0 0.4171875 0.51484375 0.075 0.046875
0 0.29296875 0.49765625 0.1109375 0.059375
0 0.1390625 0.26015625 0.14375 0.053125
0 0.1625 0.20234375 0.1015625 0.065625
0 0.2203125 0.1421875 0.1 0.0671875
0 0.328125 0.19375 0.084375 0.0609375
0 0.52578125 0.35 0.090625 0.0828125
0 0.340625 0.43125 0.03125 0.0265625
0 0.56875 0.45625 0.0765625 0.03125
0 0.61328125 0.51953125 0.071875 0.034375
0 0.453125 0.721875 0.0734375 0.059375
0 0.421875 0.665625 0.046875 0.040625
0 0.525 0.63828125 0.0578125 0.0328125
0 0.5609375 0.684375 0.0703125 0.03125
0 0.57578125 0.61953125 0.0671875 0.0390625
0 0.60703125 0.59609375 0.0625 0.040625
0 0.3671875 0.9890625 0.0421875 0.021875
0 0.475 0.9921875 0.0640625 0.015625
0 0.5578125 0.99140625 0.059375 0.0171875
0 0.59921875 0.96953125 0.0421875 0.0203125
0 0.61484375 0.9171875 0.078125 0.034375
0 0.61015625 0.8703125 0.04375 0.0296875
0 0.6921875 0.81953125 0.0734375 0.0578125
0 0.296875 0.9734375 0.071875 0.040625
0 0.384375 0.9578125 0.0515625 0.0328125
0 0.51953125 0.77421875 0.0203125 0.028125
0 0.56875 0.76484375 0.0421875 0.028125
0 0.815625 0.91015625 0.1171875 0.0640625
0 0.684375 0.66484375 0.096875 0.0859375
0 0.715625 0.7734375 0.0359375 0.028125
0 0.8375 0.78515625 0.040625 0.03125
0 0.915625 0.7296875 0.121875 0.078125
0 0.925 0.8046875 0.053125 0.0328125
0 0.61796875 0.7390625 0.040625 0.0203125
0 0.77890625 0.5640625 0.0453125 0.03125
0 0.640625 0.38515625 0.075 0.0484375
0 0.6171875 0.31953125 0.0375 0.0390625
0 0.70625 0.03359375 0.1296875 0.0625
0 0.89375 0.02109375 0.1265625 0.0421875
0 0.759375 0.31015625 0.0796875 0.0484375
0 0.95703125 0.22890625 0.0859375 0.05625
0 0.978125 0.3578125 0.04375 0.0484375
0 0.93515625 0.49453125 0.0375 0.0328125
0 0.96953125 0.45234375 0.0609375 0.059375
0 0.9078125 0.60703125 0.034375 0.0265625
0 0.98359375 0.571875 0.0328125 0.0375
0 0.96484375 0.6515625 0.0703125 0.040625
0 0.7671875 0.98828125 0.0515625 0.0234375
0 0.83203125 0.9671875 0.0515625 0.03125
0 0.60234375 0.1109375 0.05 0.025