0 0.03984375 0.4984375 0.0796875 0.075
0 0.03203125 0.42421875 0.0625 0.0640625
0 0.01875 0.33828125 0.0375 0.046875
0 0.06875 0.30234375 0.084375 0.040625
0 0.10390625 0.21328125 0.090625 0.053125
0 0.121875 0.15234375 0.090625 0.059375
0 0.36640625 0.24921875 0.296875 0.2328125
0 0.24296875 0.09140625 0.1265625 0.078125
0 0.29453125 0.0421875 0.2171875 0.084375
0 0.11015625 0.4578125 0.096875 0.0609375
0 0.2015625 0.4484375 0.0640625 0.05625
0 0.24453125 0.39453125 0.0796875 0.0546875
0 0.28125 0.49375 0.0703125 0.0625
0 0.32578125 0.39609375 0.1 0.078125
0 0.10625 0.865625 0.2125 0.1109375
0 0.06015625 0.75625 0.1203125 0.0953125
0 0.06640625 0.65 0.1015625 0.046875
0 0.03046875 0.5953125 0.0609375 0.05
0 0.27109375 0.77578125 0.15 0.065625
0 0.24453125 0.64453125 0.121875 0.065625
0 0.37890625 0.584375 0.1328125 0.0828125
0 0.371875 0.4953125 0.096875 0.0640625
0 0.34921875 0.4421875 0.065625 0.053125
0 0.41953125 0.6859375 0.0953125 0.04375
0 0.5375 0.63671875 0.1109375 0.0640625
0 0.528125 0.55703125 0.0921875 0.065625
0 0.9046875 0.51015625 0.190625 0.146875
0 0.9171875 0.68828125 0.165625 0.1109375
0 0.96171875 0.5921875 0.0765625 0.078125
0 0.69609375 0.7703125 0.1125 0.08125
0 0.4046875 0.95546875 0.0921875 0.0625
0 0.52421875 0.88828125 0.128125 0.0640625
0 0.1703125 0.9796875 0.0453125 0.040625
0 0.2 0.94921875 0.0359375 0.03125
0 0.27734375 0.93203125 0.0625 0.0421875
0 0.365625 0.88046875 0.1078125 0.059375
0 0.29453125 0.85 0.059375 0.0484375
0 0.08984375 0.98671875 0.0875 0.0265625
0 0.82578125 0.125 0.125 0.125
0 0.66484375 0.0296875 0.0875 0.05625
0 0.74140625 0.06484375 0.0765625 0.0453125
0 0.77109375 0.02578125 0.0484375 0.0296875
0 0.440625 0.4375 0.059375 0.028125
0 0.47109375 0.40078125 0.078125 0.0265625
0 0.4515625 0.35859375 0.0765625 0.0359375
0 0.53046875 0.28359375 0.0703125 0.0390625
0 0.5796875 0.2375 0.109375 0.0625
0 0.5421875 0.196875 0.09375 0.0765625
0 0.48515625 0.50390625 0.071875 0.0671875
0 0.57109375 0.4421875 0.075 0.0390625
0 0.5390625 0.4125 0.0625 0.0546875
0 0.76875 0.4140625 0.059375 0.0765625
0 0.9234375 0.3875 0.13125 0.0859375
0 0.69609375 0.41640625 0.065625 0.053125
0 0.72265625 0.34375 0.0875 0.05
0 0.834375 0.33125 0.115625 0.075
0 0.74921875 0.26171875 0.090625 0.075
0 0.8640625 0.2640625 0.14375 0.0640625
0 0.96171875 0.16640625 0.0765625 0.0609375
0 0.74375 0.5359375 0.109375 0.0515625
0 0.7546875 0.47265625 0.0859375 0.0421875
0 0.6328125 0.91875 0.1046875 0.0875
0 0.93984375 0.80625 0.1203125 0.065625
0 0.453125 0.74765625 0.078125 0.04375
0 0.05859375 0.0265625 0.1171875 0.053125