0 0.665625 0.96640625 0.0765625 0.0625
0 0.678125 0.97109375 0.065625 0.0578125
0 0.73125 0.81796875 0.0859375 0.06796875
0 0.82890625 0.546875 0.15703125 0.15390625
0 0.33359375 0.4796875 0.17578125 0.18125
0 0.6109375 0.71484375 0.06875 0.0640625
0 0.52265625 0.71484375 0.05234375 0.06484375
0 0.1609375 0.9234375 0.10234375 0.065625
0 0.1625 0.84296875 0.0265625 0.03984375
0 0.20390625 0.6953125 0.08828125 0.06953125
0 0.153125 0.52890625 0.0765625 0.0671875
0 0.18515625 0.334375 0.03515625 0.02734375
0 0.09375 0.35703125 0.03515625 0.0421875
0 0.79609375 0.3828125 0.096875 0.06796875
0 0.875 0.23984375 0.06953125 0.06328125
0 0.7609375 0.23203125 0.0453125 0.04140625
0 0.48828125 0.0453125 0.0796875 0.0578125
0 0.46484375 0.2171875 0.06796875 0.046875
0 0.25859375 0.21796875 0.0625 0.046875
0 0.14140625 0.07421875 0.06875 0.059375