0 0.059375 0.109375 0.05859375 0.053125
0 0.0125 0.20703125 0.02421875 0.0546875
0 0.05390625 0.2921875 0.053125 0.04765625
0 0.109375 0.36484375 0.04140625 0.0703125
0 0.2109375 0.43125 0.12421875 0.22734375
0 0.1015625 0.4828125 0.04609375 0.0671875
0 0.10703125 0.6015625 0.0625 0.0890625
0 0.178125 0.71796875 0.08046875 0.07578125
0 0.15 0.79921875 0.05234375 0.04609375
0 0.175 0.97109375 0.13359375 0.05703125
0 0.41328125 0.51640625 0.11015625 0.0953125
0 0.4828125 0.49765625 0.0796875 0.0640625
0 0.3203125 0.15078125 0.053125 0.06484375
0 0.73046875 0.0984375 0.12890625 0.196875
0 0.78359375 0.21796875 0.053125 0.04609375
0 0.77734375 0.384375 0.08203125 0.06171875
0 0.7890625 0.503125 0.0640625 0.06484375