0 0.77265625 0.2140625 0.1171875 0.1046875
0 0.9078125 0.46328125 0.1828125 0.1375
0 0.653125 0.4953125 0.0625 0.05234375
0 0.7203125 0.471875 0.07265625 0.08203125
0 0.496875 0.5015625 0.11171875 0.08046875
0 0.5109375 0.6140625 0.10234375 0.059375
0 0.4578125 0.715625 0.10390625 0.0546875
0 0.58125 0.6578125 0.08125 0.03515625
0 0.621875 0.58359375 0.05859375 0.03828125
0 0.69453125 0.67734375 0.125 0.07734375
0 0.81640625 0.61484375 0.10859375 0.06484375
0 0.2515625 0.72890625 0.1890625 0.14296875
0 0.0203125 0.86015625 0.040625 0.04140625
0 0.13359375 0.83515625 0.0984375 0.05234375
0 0.36953125 0.8484375 0.11484375 0.0671875
0 0.275 0.93828125 0.20390625 0.096875
0 0.6671875 0.8515625 0.10390625 0.07734375
0 0.84765625 0.83125 0.09453125 0.06171875