0 0.203125 0.603125 0.10078125 0.1109375
0 0.60703125 0.03671875 0.0921875 0.0734375
0 0.4640625 0.1890625 0.12265625 0.1734375
0 0.4203125 0.44296875 0.16796875 0.1703125
0 0.39609375 0.5984375 0.08046875 0.065625
0 0.409375 0.7375 0.07265625 0.078125
0 0.3875 0.9125 0.059375 0.07265625
0 0.6328125 0.33515625 0.125 0.13515625
0 0.61484375 0.178125 0.0546875 0.0609375
0 0.6671875 0.55859375 0.07421875 0.08359375
0 0.690625 0.71796875 0.1078125 0.10703125
0 0.72421875 0.85546875 0.0640625 0.05625