0 0.44453125 0.1734375 0.20546875 0.1421875
0 0.66171875 0.1515625 0.10859375 0.05703125
0 0.1796875 0.43671875 0.10703125 0.1
0 0.15390625 0.3234375 0.053125 0.046875
0 0.0625 0.7265625 0.10625 0.12421875
0 0.08203125 0.6234375 0.06640625 0.06171875
0 0.1109375 0.55 0.08046875 0.07890625
0 0.20859375 0.66640625 0.0640625 0.0515625
0 0.45625 0.38203125 0.10234375 0.1046875
0 0.84140625 0.30390625 0.06328125 0.05546875
0 0.85703125 0.80390625 0.1546875 0.1546875
0 0.5828125 0.7390625 0.05390625 0.04921875