0 0.215625 0.15546875 0.0640625 0.0375
0 0.13828125 0.2171875 0.065625 0.053125
0 0.17265625 0.28125 0.053125 0.040625
0 0.43671875 0.29609375 0.0796875 0.040625
0 0.2703125 0.37265625 0.0390625 0.025
0 0.3171875 0.35625 0.053125 0.0359375
0 0.3296875 0.31640625 0.0546875 0.0296875
0 0.17890625 0.3609375 0.05625 0.0453125
0 0.29921875 0.41171875 0.05 0.0359375
0 0.33203125 0.471875 0.05625 0.034375
0 0.396875 0.44296875 0.05625 0.0390625
0 0.18125 0.48828125 0.071875 0.0390625
0 0.4828125 0.52265625 0.0734375 0.0328125
0 0.65859375 0.51875 0.0625 0.0296875
0 0.625 0.43359375 0.05625 0.0421875
0 0.9390625 0.47734375 0.06875 0.021875
0 0.91640625 0.45546875 0.046875 0.0296875
0 0.96328125 0.4390625 0.0734375 0.04375
0 0.8046875 0.5 0.071875 0.028125
0 0.81015625 0.47421875 0.0625 0.034375
0 0.41640625 0.3703125 0.0625 0.028125
0 0.39453125 0.34140625 0.0390625 0.0390625
0 0.45859375 0.334375 0.0578125 0.040625
0 0.975 0.2671875 0.05 0.0609375
0 0.5359375 0.1453125 0.09375 0.0453125
0 0.40078125 0.1734375 0.065625 0.0375
0 0.45234375 0.20625 0.0609375 0.0328125
0 0.29765625 0.18046875 0.0703125 0.040625
0 0.6546875 0.6875 0.0578125 0.0328125
0 0.66328125 0.59765625 0.05 0.0296875
0 0.9765625 0.6875 0.046875 0.03125
0 0.034375 0.8890625 0.06875 0.021875
0 0.08828125 0.95 0.0421875 0.0171875
0 0.11875 0.91796875 0.0484375 0.0296875
0 0.16875 0.9 0.05625 0.01875
0 0.10859375 0.9765625 0.0421875 0.021875
0 0.16015625 0.990625 0.0546875 0.01875
0 0.4984375 0.90625 0.0484375 0.01875
0 0.51640625 0.80390625 0.046875 0.021875
0 0.496875 0.740625 0.0484375 0.025
0 0.56015625 0.74609375 0.08125 0.021875
0 0.4453125 0.6859375 0.0328125 0.0296875
0 0.57890625 0.77734375 0.0546875 0.0234375
0 0.91875 0.859375 0.0484375 0.028125
0 0.9625 0.90078125 0.0703125 0.0328125
0 0.35625 0.58671875 0.0578125 0.03125
0 0.28984375 0.5734375 0.065625 0.0265625