0 0.15546875 0.7265625 0.2234375 0.28359375
0 0.059375 0.06328125 0.065625 0.05546875
0 0.54609375 0.07265625 0.12265625 0.10546875
0 0.475 0.22265625 0.11484375 0.11015625
0 0.52578125 0.48984375 0.10234375 0.109375
0 0.3953125 0.66015625 0.11953125 0.09921875
0 0.6921875 0.6296875 0.18828125 0.18046875
0 0.86640625 0.59453125 0.08671875 0.08125
0 0.80234375 0.81875 0.084375 0.0859375
0 0.83046875 0.73671875 0.05 0.0421875
0 0.9421875 0.45859375 0.115625 0.1265625
0 0.83515625 0.35390625 0.06015625 0.04140625
0 0.83359375 0.20234375 0.05625 0.04609375
0 0.9515625 0.23671875 0.06796875 0.1390625