0 0.059375 0.890625 0.05859375 0.053125
0 0.0125 0.79296875 0.02421875 0.0546875
0 0.05390625 0.7078125 0.053125 0.04765625
0 0.109375 0.63515625 0.04140625 0.0703125
0 0.2109375 0.56875 0.12421875 0.22734375
0 0.1015625 0.5171875 0.04609375 0.0671875
0 0.10703125 0.3984375 0.0625 0.0890625
0 0.178125 0.28203125 0.08046875 0.07578125
0 0.15 0.20078125 0.05234375 0.04609375
0 0.175 0.02890625 0.13359375 0.05703125
0 0.41328125 0.48359375 0.11015625 0.0953125
0 0.4828125 0.50234375 0.0796875 0.0640625
0 0.3203125 0.84921875 0.053125 0.06484375
0 0.73046875 0.9015625 0.12890625 0.196875
0 0.78359375 0.78203125 0.053125 0.04609375
0 0.77734375 0.615625 0.08203125 0.06171875
0 0.7890625 0.496875 0.0640625 0.06484375