0 0.12421875 0.85 0.08125 0.040625
0 0.034375 0.80859375 0.06875 0.046875
0 0.20625 0.8890625 0.0609375 0.0328125
0 0.27109375 0.846875 0.0578125 0.0328125
0 0.31875 0.88671875 0.0359375 0.025
0 0.4109375 0.88984375 0.046875 0.028125
0 0.346875 0.82890625 0.053125 0.0453125
0 0.42578125 0.8359375 0.0484375 0.034375
0 0.53203125 0.8234375 0.090625 0.0390625
0 0.20546875 0.759375 0.09375 0.0515625
0 0.0984375 0.7609375 0.0796875 0.05
0 0.11015625 0.684375 0.0734375 0.0265625
0 0.15078125 0.71875 0.0671875 0.0375
0 0.228125 0.69375 0.0859375 0.0390625
0 0.67578125 0.6890625 0.0953125 0.053125
0 0.58984375 0.6953125 0.075 0.05
0 0.484375 0.6921875 0.0796875 0.0671875
0 0.8125 0.7734375 0.0890625 0.0390625
0 0.86171875 0.684375 0.0703125 0.053125
0 0.796875 0.634375 0.090625 0.0359375
0 0.73046875 0.759375 0.075 0.0421875
0 0.67734375 0.828125 0.0640625 0.0328125
0 0.9578125 0.66015625 0.0796875 0.0359375
0 0.94921875 0.68828125 0.0640625 0.03125
0 0.3625 0.565625 0.075 0.025
0 0.42734375 0.60078125 0.090625 0.03125
0 0.46171875 0.628125 0.0875 0.0296875
0 0.3546875 0.6265625 0.0546875 0.0359375
0 0.2515625 0.6515625 0.0453125 0.0296875
0 0.3109375 0.65625 0.0640625 0.0359375
0 0.1359375 0.6328125 0.0671875 0.040625
0 0.05859375 0.5671875 0.0640625 0.0484375
0 0.11875 0.56875 0.0671875 0.034375
0 0.19453125 0.58046875 0.0890625 0.046875
0 0.05078125 0.51796875 0.0859375 0.0453125
0 0.25703125 0.528125 0.096875 0.046875
0 0.43515625 0.54453125 0.0796875 0.0421875
0 0.62109375 0.53125 0.0984375 0.0375
0 0.69609375 0.5265625 0.0703125 0.04375
0 0.76328125 0.509375 0.078125 0.0328125
0 0.86953125 0.515625 0.078125 0.028125
0 0.51953125 0.596875 0.05625 0.0359375
0 0.5921875 0.5875 0.06875 0.0359375
0 0.6640625 0.64375 0.0703125 0.0390625
0 0.7375 0.590625 0.059375 0.0328125
0 0.85625 0.6046875 0.05625 0.028125
0 0.86953125 0.40546875 0.1234375 0.0390625
0 0.89453125 0.45078125 0.075 0.028125
0 0.63046875 0.43515625 0.0796875 0.04375
0 0.63046875 0.475 0.0796875 0.0421875
0 0.5109375 0.4609375 0.0796875 0.028125
0 0.509375 0.48828125 0.084375 0.0359375
0 0.36484375 0.48125 0.0984375 0.0421875
0 0.0734375 0.3921875 0.071875 0.0359375
0 0.2828125 0.409375 0.0515625 0.028125
0 0.36953125 0.4171875 0.0609375 0.0328125
0 0.44453125 0.4359375 0.065625 0.034375
0 0.42890625 0.36796875 0.0515625 0.0390625
0 0.49375 0.390625 0.0578125 0.028125
0 0.54921875 0.434375 0.0578125 0.0234375
0 0.175 0.45625 0.0625 0.0390625
0 0.2296875 0.475 0.0625 0.0234375
0 0.96796875 0.41875 0.0640625 0.046875
0 0.8046875 0.328125 0.0921875 0.04375
0 0.89296875 0.31328125 0.059375 0.03125
0 0.603125 0.33515625 0.0546875 0.0359375
0 0.50234375 0.29765625 0.078125 0.028125
0 0.22578125 0.2703125 0.0625 0.028125
0 0.28671875 0.25703125 0.0640625 0.0453125
0 0.2765625 0.2921875 0.0875 0.046875
0 0.09453125 0.3296875 0.084375 0.0375
0 0.0375 0.2640625 0.0671875 0.03125
0 0.4421875 0.23359375 0.059375 0.0328125
0 0.0609375 0.16484375 0.05 0.028125
0 0.11171875 0.2015625 0.0421875 0.0375
0 0.21484375 0.14453125 0.0640625 0.03125
0 0.41796875 0.06796875 0.0671875 0.0265625
0 0.58828125 0.08984375 0.090625 0.0390625
0 0.69453125 0.10078125 0.0828125 0.0296875
0 0.17890625 0.01484375 0.0828125 0.0296875
0 0.22890625 0.0484375 0.0546875 0.034375
0 0.284375 0.0453125 0.06875 0.0375
0 0.0609375 0.05859375 0.065625 0.034375
0 0.66328125 0.22734375 0.0578125 0.028125