0 0.1796875 0.41796875 0.1265625 0.0984375
0 0.28828125 0.3875 0.1375 0.1171875
0 0.57734375 0.44921875 0.315625 0.1
0 0.7109375 0.3109375 0.1796875 0.1109375
0 0.5140625 0.28359375 0.159375 0.1328125
0 0.33359375 0.29453125 0.140625 0.0640625
0 0.1234375 0.26953125 0.1390625 0.05625
0 0.18671875 0.1546875 0.15 0.1015625
0 0.325 0.1078125 0.1078125 0.125
0 0.45390625 0.09375 0.0703125 0.08125
0 0.63515625 0.06015625 0.1609375 0.1203125
0 0.05546875 0.69140625 0.1109375 0.1828125
0 0.03984375 0.540625 0.0796875 0.05
0 0.0453125 0.46328125 0.075 0.034375
0 0.74765625 0.8078125 0.2390625 0.13125
0 0.2765625 0.859375 0.1734375 0.1125
0 0.140625 0.96328125 0.1796875 0.0734375
0 0.11953125 0.8875 0.1265625 0.078125
0 0.76875 0.96015625 0.1328125 0.0578125
0 0.9234375 0.96328125 0.153125 0.0734375
0 0.50546875 0.9796875 0.10625 0.040625
0 0.503125 0.91328125 0.109375 0.0875
0 0.64375 0.934375 0.0953125 0.059375
0 0.39140625 0.934375 0.09375 0.071875
0 0.3765625 0.86328125 0.1625 0.04375
0 0.228125 0.74296875 0.13125 0.053125
0 0.33515625 0.6921875 0.15 0.0828125
0 0.36484375 0.6375 0.0984375 0.059375
0 0.48125 0.64375 0.1859375 0.0859375
0 0.5703125 0.734375 0.215625 0.096875
0 0.19765625 0.66015625 0.1734375 0.0671875
0 0.73515625 0.60703125 0.0703125 0.065625
0 0.82421875 0.628125 0.1046875 0.0671875
0 0.671875 0.5359375 0.1265625 0.075
0 0.77109375 0.503125 0.153125 0.10625
0 0.93515625 0.259375 0.0875 0.0828125
0 0.9265625 0.55078125 0.146875 0.13125
0 0.928125 0.68203125 0.14375 0.0921875
0 0.59375 0.20390625 0.1375 0.071875
0 0.8515625 0.04375 0.1640625 0.0875
0 0.31875 0.5140625 0.171875 0.05625
0 0.04453125 0.39453125 0.0890625 0.09375
0 0.55703125 0.8421875 0.0734375 0.059375
0 0.37265625 0.571875 0.0828125 0.0515625
0 0.515625 0.57890625 0.115625 0.0703125