0 0.2078125 0.096875 0.165625 0.0890625
0 0.2921875 0.31171875 0.30625 0.178125
0 0.25234375 0.16796875 0.1453125 0.103125
0 0.66640625 0.21328125 0.39375 0.2328125
0 0.49296875 0.40703125 0.115625 0.0703125
0 0.58359375 0.42265625 0.1328125 0.075
0 0.871875 0.54296875 0.225 0.134375
0 0.6484375 0.67421875 0.115625 0.0765625
0 0.540625 0.625 0.0671875 0.0546875
0 0.65234375 0.5703125 0.128125 0.0859375
0 0.340625 0.59296875 0.1703125 0.121875
0 0.18359375 0.58828125 0.1640625 0.1109375
0 0.0375 0.46171875 0.075 0.0796875
0 0.22578125 0.6921875 0.1296875 0.10625
0 0.05078125 0.91015625 0.1015625 0.0859375
0 0.25546875 0.9484375 0.2796875 0.103125
0 0.34296875 0.815625 0.140625 0.1
0 0.57578125 0.7390625 0.2375 0.1203125
0 0.759375 0.7125 0.075 0.0765625
0 0.69765625 0.8109375 0.0625 0.0578125
0 0.84921875 0.92578125 0.2 0.1265625
0 0.821875 0.80859375 0.1140625 0.0578125
0 0.5 0.94765625 0.0921875 0.046875
0 0.50390625 0.878125 0.140625 0.096875
0 0.6 0.95 0.20625 0.1
0 0.66875 0.8625 0.1265625 0.0578125
0 0.96484375 0.68828125 0.06875 0.0421875
0 0.1359375 0.83359375 0.0625 0.0484375
0 0.96171875 0.075 0.0765625 0.1390625
0 0.96796875 0.4390625 0.0640625 0.0828125