0 0.4546875 0.91953125 0.265625 0.1609375
0 0.1578125 0.86640625 0.071875 0.065625
0 0.1578125 0.93671875 0.0828125 0.0609375
0 0.12421875 0.984375 0.1046875 0.03125
0 0.0421875 0.95078125 0.084375 0.0984375
0 0.2296875 0.93359375 0.0546875 0.0578125
0 0.06875 0.73125 0.1375 0.0875
0 0.02890625 0.80546875 0.0578125 0.034375
0 0.13984375 0.68671875 0.0640625 0.04375
0 0.23515625 0.7390625 0.078125 0.0421875
0 0.1875 0.7984375 0.103125 0.053125
0 0.29765625 0.73984375 0.1375 0.0671875
0 0.30859375 0.79375 0.1 0.0421875
0 0.43125 0.73203125 0.0953125 0.059375
0 0.33671875 0.64140625 0.2125 0.1171875
0 0.56171875 0.6171875 0.109375 0.053125
0 0.41328125 0.465625 0.1578125 0.065625
0 0.478125 0.334375 0.1765625 0.0875
0 0.521875 0.390625 0.090625 0.0515625
0 0.64375 0.40703125 0.08125 0.0359375
0 0.740625 0.365625 0.0859375 0.025
0 0.7453125 0.39921875 0.0859375 0.034375
0 0.634375 0.3296875 0.0625 0.0390625
0 0.59609375 0.50859375 0.1265625 0.08125
0 0.71953125 0.5 0.08125 0.0328125
0 0.69296875 0.65 0.04375 0.05625
0 0.58828125 0.68671875 0.1609375 0.078125
0 0.8328125 0.7140625 0.1421875 0.096875
0 0.903125 0.8078125 0.1859375 0.0921875
0 0.76484375 0.8875 0.096875 0.0546875
0 0.6296875 0.859375 0.15 0.0734375
0 0.6515625 0.96953125 0.21875 0.0609375
0 0.8015625 0.93984375 0.059375 0.040625
0 0.07734375 0.540625 0.1375 0.0828125
0 0.25 0.534375 0.1296875 0.0640625
0 0.32734375 0.5234375 0.0671875 0.0265625
0 0.0296875 0.30390625 0.059375 0.0578125
0 0.06953125 0.0515625 0.0828125 0.0640625
0 0.15625 0.021875 0.10625 0.04375
0 0.55703125 0.028125 0.196875 0.05625
0 0.38046875 0.0859375 0.059375 0.025
0 0.4296875 0.12578125 0.0796875 0.0515625
0 0.334375 0.065625 0.0875 0.0484375
0 0.3359375 0.13046875 0.06875 0.0359375
0 0.30859375 0.171875 0.0640625 0.0328125
0 0.3859375 0.1609375 0.05625 0.0375
0 0.43203125 0.1921875 0.08125 0.03125
0 0.25078125 0.259375 0.0671875 0.0671875
0 0.34375 0.225 0.078125 0.0421875
0 0.2078125 0.184375 0.1015625 0.0375
0 0.45625 0.0859375 0.0734375 0.028125
0 0.90859375 0.13828125 0.115625 0.05
0 0.9453125 0.3890625 0.0984375 0.0390625
0 0.97109375 0.29375 0.0578125 0.05625
0 0.975 0.34921875 0.05 0.0296875
0 0.9859375 0.3125 0.028125 0.0296875
0 0.93359375 0.54140625 0.0171875 0.034375
0 0.953125 0.65703125 0.09375 0.0609375
0 0.2046875 0.37421875 0.040625 0.0390625
0 0.2609375 0.40390625 0.0703125 0.028125
0 0.02578125 0.3703125 0.0515625 0.040625
0 0.1046875 0.415625 0.028125 0.0234375
0 0.5265625 0.1453125 0.0859375 0.0375
0 0.525 0.203125 0.05625 0.0390625
0 0.6328125 0.075 0.0453125 0.021875
0 0.63671875 0.1015625 0.0375 0.0109375
0 0.65234375 0.12734375 0.09375 0.0328125
0 0.73046875 0.03984375 0.075 0.0375
0 0.1578125 0.0796875 0.046875 0.0375
0 0.4734375 0.64765625 0.0578125 0.05
0 0.75390625 0.8078125 0.109375 0.0453125
0 0.528125 0.74375 0.0859375 0.0515625