0 0.2390625 0.12734375 0.14609375 0.1203125
0 0.12890625 0.87265625 0.17109375 0.18046875
0 0.51640625 0.62421875 0.1921875 0.2265625
0 0.66171875 0.75625 0.0859375 0.109375
0 0.7296875 0.55 0.140625 0.12265625
0 0.77109375 0.2671875 0.128125 0.11484375
0 0.7375 0.07109375 0.07890625 0.06484375
0 0.84296875 0.06015625 0.09765625 0.1140625
0 0.8734375 0.76796875 0.0609375 0.04453125
0 0.7265625 0.9015625 0.0984375 0.0578125
0 0.503125 0.9625 0.04609375 0.03671875
0 0.59453125 0.97265625 0.06328125 0.05