0 0.484375 0.13515625 0.1375 0.1796875
0 0.16015625 0.21328125 0.115625 0.184375
0 0.33984375 0.3875 0.11875 0.125
0 0.4109375 0.5046875 0.11796875 0.07265625
0 0.7078125 0.31796875 0.22109375 0.1828125
0 0.9140625 0.47265625 0.08359375 0.0546875
0 0.93984375 0.60859375 0.06484375 0.0890625
0 0.93984375 0.7703125 0.0765625 0.06953125
0 0.86328125 0.93671875 0.1359375 0.1265625
0 0.396875 0.6109375 0.07421875 0.0671875
0 0.40546875 0.71328125 0.05 0.06015625
0 0.46015625 0.859375 0.03359375 0.05234375
0 0.38828125 0.825 0.05078125 0.06484375
0 0.39375 0.94921875 0.07265625 0.0703125
0 0.0921875 0.51328125 0.13203125 0.18515625
0 0.11328125 0.83671875 0.0578125 0.14140625