0 0.2640625 0.12578125 0.11875 0.0984375
0 0.25390625 0.040625 0.10078125 0.08046875
0 0.11875 0.13046875 0.1265625 0.13046875
0 0.1875 0.2625 0.14375 0.109375
0 0.22734375 0.4265625 0.06484375 0.05078125
0 0.27265625 0.3875 0.0796875 0.0859375
0 0.24453125 0.56484375 0.1078125 0.12265625
0 0.30625 0.8015625 0.0875 0.09296875
0 0.225 0.953125 0.10390625 0.08984375
0 0.23359375 0.89765625 0.08359375 0.0828125
0 0.21875 0.81875 0.05078125 0.0515625
0 0.46171875 0.91328125 0.13515625 0.159375
0 0.60859375 0.06640625 0.128125 0.1015625
0 0.77734375 0.034375 0.0984375 0.06875
0 0.78828125 0.221875 0.0796875 0.10625
0 0.73984375 0.3734375 0.05859375 0.04375
0 0.77890625 0.49296875 0.06640625 0.0546875
0 0.72265625 0.76015625 0.1140625 0.1203125
0 0.8796875 0.61328125 0.053125 0.0453125
0 0.77109375 0.93671875 0.0578125 0.05078125