0 0.37109375 0.91171875 0.0953125 0.109375
0 0.49140625 0.92890625 0.01640625 0.05625
0 0.215625 0.75 0.071875 0.06484375
0 0.2640625 0.728125 0.06328125 0.0609375
0 0.1515625 0.553125 0.05703125 0.059375
0 0.21015625 0.625 0.05546875 0.075
0 0.2140625 0.3671875 0.0609375 0.0640625
0 0.2078125 0.44765625 0.08203125 0.08359375
0 0.46796875 0.31328125 0.10546875 0.1015625
0 0.39375 0.28984375 0.08203125 0.08671875
0 0.3515625 0.15390625 0.115625 0.1140625
0 0.41015625 0.7171875 0.05625 0.05078125
0 0.378125 0.78203125 0.0671875 0.046875