0 0.95078125 0.03984375 0.0984375 0.0796875
0 0.3453125 0.27109375 0.16953125 0.1875
0 0.30703125 0.37109375 0.00625 0.00390625
0 0.17734375 0.14375 0.0953125 0.08515625
0 0.2140625 0.10078125 0.078125 0.05234375
0 0.14375 0.071875 0.05546875 0.0421875
0 0.2046875 0.0125 0.0640625 0.025
0 0.134375 0.284375 0.115625 0.08359375
0 0.17265625 0.38046875 0.05 0.04453125
0 0.146875 0.5578125 0.08359375 0.09140625
0 0.2046875 0.84453125 0.0734375 0.08359375
0 0.20078125 0.7640625 0.0390625 0.03828125
0 0.18984375 0.721875 0.04609375 0.03671875
0 0.19296875 0.65 0.04375 0.04296875
0 0.5671875 0.90625 0.1015625 0.09296875
0 0.22734375 0.93046875 0.04140625 0.05390625
0 0.06953125 0.63984375 0.0578125 0.07421875