0 0.75625 0.359375 0.1828125 0.1984375
0 0.44921875 0.3734375 0.2375 0.2515625
0 0.56328125 0.084375 0.1859375 0.16875
0 0.52109375 0.215625 0.09375 0.121875
0 0.69609375 0.1703125 0.090625 0.0953125
0 0.83359375 0.253125 0.1484375 0.1328125
0 0.89609375 0.08515625 0.2078125 0.1703125
0 0.159375 0.0765625 0.2125 0.096875
0 0.30703125 0.2 0.09375 0.0859375
0 0.21640625 0.18828125 0.0984375 0.134375
0 0.15625 0.25546875 0.1234375 0.0984375
0 0.03828125 0.18671875 0.0765625 0.0859375
0 0.17109375 0.3703125 0.1890625 0.1625
0 0.084375 0.5578125 0.16875 0.35
0 0.321875 0.55703125 0.2390625 0.1625
0 0.4140625 0.51171875 0.15625 0.1015625
0 0.57421875 0.671875 0.09375 0.084375
0 0.865625 0.66171875 0.26875 0.4
0 0.89453125 0.9453125 0.14375 0.109375
0 0.1296875 0.9296875 0.2578125 0.140625
0 0.76328125 0.865625 0.0640625 0.0640625
0 0.71796875 0.95 0.0984375 0.0859375
0 0.64765625 0.93203125 0.059375 0.06875
0 0.546875 0.92421875 0.078125 0.0609375
0 0.4328125 0.94765625 0.184375 0.1046875
0 0.3890625 0.740625 0.2125 0.1734375
0 0.2734375 0.7609375 0.1859375 0.11875
0 0.68359375 0.78515625 0.1125 0.121875
0 0.5890625 0.86015625 0.1 0.0578125
0 0.5125 0.84140625 0.0921875 0.0609375
0 0.67734375 0.53046875 0.14375 0.096875