0 0.325 0.903125 0.1390625 0.0671875
0 0.2078125 0.95234375 0.23125 0.0953125
0 0.5390625 0.93125 0.06875 0.0515625
0 0.2890625 0.70546875 0.0859375 0.04375
0 0.4015625 0.60078125 0.140625 0.090625
0 0.4875 0.28359375 0.36875 0.15625
0 0.70546875 0.1671875 0.21875 0.15
0 0.94765625 0.4125 0.1046875 0.10625
0 0.87578125 0.6453125 0.20625 0.1125
0 0.71015625 0.83359375 0.0828125 0.0453125
0 0.62421875 0.72890625 0.0828125 0.0625
0 0.753125 0.7546875 0.0890625 0.0484375
0 0.9171875 0.80078125 0.06875 0.05625
0 0.96953125 0.93046875 0.0609375 0.05625