0 0.1203125 0.8046875 0.034375 0.0578125
0 0.0765625 0.73671875 0.025 0.0421875
0 0.15703125 0.4671875 0.0359375 0.059375
0 0.2734375 0.53046875 0.040625 0.05
0 0.8234375 0.7171875 0.025 0.046875
0 0.821875 0.76640625 0.04375 0.05625
0 0.95703125 0.57421875 0.034375 0.0515625
0 0.98984375 0.065625 0.0203125 0.06875
0 0.009375 0.18203125 0.01875 0.053125
0 0.03671875 0.4328125 0.0265625 0.0625
0 0.05703125 0.49375 0.0390625 0.0515625
0 0.53203125 0.49765625 0.0296875 0.05
0 0.6828125 0.48046875 0.03125 0.065625
0 0.43203125 0.42734375 0.0328125 0.05625