0 0.2578125 0.33828125 0.096875 0.19375
0 0.29765625 0.52265625 0.125 0.2015625
0 0.24453125 0.7578125 0.1125 0.175
0 0.49296875 0.36484375 0.1125 0.2734375
0 0.38046875 0.2578125 0.121875 0.1890625
0 0.653125 0.2375 0.075 0.1375
0 0.6546875 0.4609375 0.0828125 0.1296875
0 0.709375 0.56953125 0.071875 0.1296875
0 0.5953125 0.76875 0.065625 0.1234375
0 0.66484375 0.7796875 0.0703125 0.096875
0 0.77734375 0.5375 0.065625 0.1171875
0 0.73828125 0.31015625 0.0609375 0.0875
0 0.58046875 0.2234375 0.059375 0.1203125
0 0.84140625 0.5578125 0.0546875 0.1015625