0 0.5859375 0.60859375 0.0625 0.0890625
0 0.8046875 0.69921875 0.10625 0.08125
0 0.68828125 0.91640625 0.0421875 0.065625
0 0.72421875 0.81171875 0.04375 0.0828125
0 0.5921875 0.83515625 0.03125 0.08125
0 0.67265625 0.73984375 0.0390625 0.0953125
0 0.8375 0.903125 0.06875 0.071875
0 0.7625 0.3828125 0.0671875 0.0921875
0 0.81640625 0.40625 0.0546875 0.090625
0 0.82578125 0.53671875 0.0703125 0.071875
0 0.8765625 0.42734375 0.046875 0.0828125
0 0.9359375 0.47265625 0.05625 0.0890625
0 0.9421875 0.65390625 0.065625 0.090625
0 0.88828125 0.78046875 0.0625 0.0546875
0 0.9875 0.959375 0.025 0.0796875
0 0.76484375 0.2453125 0.0546875 0.084375
0 0.8140625 0.21484375 0.059375 0.0734375
0 0.84140625 0.265625 0.0515625 0.06875
0 0.91875 0.09765625 0.084375 0.1171875
0 0.81328125 0.08046875 0.065625 0.0984375
0 0.52890625 0.38125 0.0453125 0.0953125
0 0.60078125 0.2609375 0.0515625 0.09375
0 0.653125 0.18203125 0.0578125 0.109375
0 0.525 0.1671875 0.059375 0.084375
0 0.334375 0.41484375 0.059375 0.0734375
0 0.28046875 0.28984375 0.06875 0.0859375
0 0.134375 0.1828125 0.059375 0.0921875
0 0.0765625 0.39453125 0.05625 0.0828125
0 0.03828125 0.2890625 0.046875 0.078125
0 0.046875 0.75 0.065625 0.0953125
0 0.253125 0.69453125 0.046875 0.0890625
0 0.30625 0.7046875 0.05 0.0703125
0 0.325 0.865625 0.05 0.0703125
0 0.37890625 0.90859375 0.0359375 0.071875
0 0.43515625 0.9296875 0.0515625 0.0640625
0 0.30703125 0.60078125 0.040625 0.084375
0 0.36875 0.63671875 0.046875 0.0796875
0 0.20390625 0.56171875 0.0515625 0.078125
0 0.196875 0.3296875 0.0484375 0.0859375
0 0.1734375 0.1140625 0.059375 0.0828125
0 0.4765625 0.87265625 0.05625 0.071875
0 0.528125 0.9734375 0.0375 0.053125