0 0.4140625 0.39140625 0.0625 0.0890625
0 0.1953125 0.30078125 0.10625 0.08125
0 0.31171875 0.08359375 0.0421875 0.065625
0 0.27578125 0.18828125 0.04375 0.0828125
0 0.4078125 0.16484375 0.03125 0.08125
0 0.32734375 0.26015625 0.0390625 0.0953125
0 0.1625 0.096875 0.06875 0.071875
0 0.2375 0.6171875 0.0671875 0.0921875
0 0.18359375 0.59375 0.0546875 0.090625
0 0.17421875 0.46328125 0.0703125 0.071875
0 0.1234375 0.57265625 0.046875 0.0828125
0 0.0640625 0.52734375 0.05625 0.0890625
0 0.0578125 0.34609375 0.065625 0.090625
0 0.11171875 0.21953125 0.0625 0.0546875
0 0.0125 0.040625 0.025 0.0796875
0 0.23515625 0.7546875 0.0546875 0.084375
0 0.1859375 0.78515625 0.059375 0.0734375
0 0.15859375 0.734375 0.0515625 0.06875
0 0.08125 0.90234375 0.084375 0.1171875
0 0.18671875 0.91953125 0.065625 0.0984375
0 0.47109375 0.61875 0.0453125 0.0953125
0 0.39921875 0.7390625 0.0515625 0.09375
0 0.346875 0.81796875 0.0578125 0.109375
0 0.475 0.8328125 0.059375 0.084375
0 0.665625 0.58515625 0.059375 0.0734375
0 0.71953125 0.71015625 0.06875 0.0859375
0 0.865625 0.8171875 0.059375 0.0921875
0 0.9234375 0.60546875 0.05625 0.0828125
0 0.96171875 0.7109375 0.046875 0.078125
0 0.953125 0.25 0.065625 0.0953125
0 0.746875 0.30546875 0.046875 0.0890625
0 0.69375 0.2953125 0.05 0.0703125
0 0.675 0.134375 0.05 0.0703125
0 0.62109375 0.09140625 0.0359375 0.071875
0 0.56484375 0.0703125 0.0515625 0.0640625
0 0.69296875 0.39921875 0.040625 0.084375
0 0.63125 0.36328125 0.046875 0.0796875
0 0.79609375 0.43828125 0.0515625 0.078125
0 0.803125 0.6703125 0.0484375 0.0859375
0 0.8265625 0.8859375 0.059375 0.0828125
0 0.5234375 0.12734375 0.05625 0.071875
0 0.471875 0.0265625 0.0375 0.053125