0 0.7578125 0.76171875 0.0390625 0.05625
0 0.67421875 0.840625 0.0640625 0.0890625
0 0.884375 0.6921875 0.0375 0.0578125
0 0.86796875 0.79921875 0.05625 0.084375
0 0.70078125 0.92890625 0.0546875 0.078125
0 0.89140625 0.5265625 0.0359375 0.0625
0 0.8640625 0.47265625 0.0421875 0.065625
0 0.8171875 0.54375 0.0375 0.0546875
0 0.790625 0.5921875 0.0390625 0.05625
0 0.803125 0.6921875 0.040625 0.08125
0 0.778125 0.4421875 0.0296875 0.0453125
0 0.70078125 0.4375 0.0546875 0.078125
0 0.51171875 0.55234375 0.0375 0.0546875
0 0.5046875 0.5875 0.0421875 0.0546875
0 0.48125 0.628125 0.0421875 0.0703125
0 0.4046875 0.63046875 0.0359375 0.0609375
0 0.334375 0.7109375 0.0421875 0.065625
0 0.44296875 0.4796875 0.040625 0.0515625
0 0.37578125 0.4765625 0.03125 0.0578125
0 0.3328125 0.57578125 0.04375 0.05625
0 0.11953125 0.865625 0.053125 0.0609375
0 0.4203125 0.796875 0.03125 0.0546875
0 0.2984375 0.8015625 0.040625 0.046875
0 0.290625 0.85390625 0.0390625 0.0671875
0 0.22734375 0.6109375 0.0359375 0.053125
0 0.28671875 0.6640625 0.034375 0.05625
0 0.24375 0.6875 0.0390625 0.0609375
0 0.16875 0.7046875 0.0328125 0.0671875
0 0.4296875 0.371875 0.0453125 0.0609375
0 0.371875 0.40859375 0.0390625 0.0515625
0 0.28828125 0.4265625 0.04375 0.065625
0 0.24921875 0.359375 0.059375 0.0796875
0 0.20625 0.44296875 0.0453125 0.0734375
0 0.09296875 0.48984375 0.053125 0.09375
0 0.203125 0.525 0.0421875 0.075
0 0.09375 0.58046875 0.0484375 0.0796875
0 0.0296875 0.63046875 0.05625 0.0953125
0 0.61328125 0.74375 0.0453125 0.0640625
0 0.98359375 0.56875 0.0328125 0.0515625
0 0.94453125 0.315625 0.0421875 0.0625
0 0.94375 0.390625 0.0390625 0.06875
0 0.934375 0.43671875 0.0390625 0.0515625
0 0.8734375 0.328125 0.0375 0.0625
0 0.83359375 0.2578125 0.0296875 0.0515625
0 0.834375 0.2890625 0.0390625 0.059375
0 0.7375 0.271875 0.0421875 0.059375
0 0.484375 0.0515625 0.0578125 0.0796875
0 0.3875 0.15390625 0.04375 0.059375
0 0.35390625 0.04140625 0.0515625 0.0546875
0 0.3109375 0.11171875 0.046875 0.0640625
0 0.25078125 0.04609375 0.0328125 0.06875
0 0.253125 0.10703125 0.040625 0.0546875
0 0.21328125 0.05 0.0390625 0.071875
0 0.17578125 0.09375 0.046875 0.05625
0 0.2140625 0.12265625 0.0421875 0.059375
0 0.153125 0.14296875 0.0453125 0.06875
0 0.01015625 0.14296875 0.0203125 0.0578125
0 0.2265625 0.2375 0.0390625 0.059375
0 0.6046875 0.78984375 0.03125 0.0453125
0 0.57265625 0.73828125 0.0296875 0.046875
0 0.484375 0.81171875 0.0265625 0.0421875
0 0.6734375 0.240625 0.03125 0.034375
0 0.67109375 0.27265625 0.0421875 0.046875
0 0.9828125 0.16484375 0.034375 0.0609375
0 0.6 0.871875 0.0328125 0.0484375
0 0.57265625 0.86796875 0.034375 0.05625
0 0.5328125 0.865625 0.0265625 0.05
0 0.52421875 0.97109375 0.0328125 0.0421875
0 0.7484375 0.6109375 0.040625 0.053125