0 0.47421875 0.609375 0.1078125 0.18125
0 0.46484375 0.4453125 0.0953125 0.1359375
0 0.3234375 0.571875 0.096875 0.1875
0 0.35546875 0.30625 0.140625 0.2328125
0 0.45 0.08984375 0.0765625 0.171875
0 0.30546875 0.09765625 0.0671875 0.15
0 0.20703125 0.190625 0.134375 0.24375
0 0.1046875 0.0953125 0.0984375 0.190625
0 0.02734375 0.059375 0.0546875 0.115625
0 0.175 0.4765625 0.0484375 0.109375
0 0.24375 0.4234375 0.0640625 0.1109375
0 0.06875 0.4015625 0.0515625 0.1109375
0 0.11953125 0.5234375 0.05625 0.10625
0 0.04609375 0.65703125 0.0625 0.0984375
0 0.234375 0.66171875 0.06875 0.1078125
0 0.30078125 0.765625 0.0984375 0.1546875
0 0.3171875 0.925 0.0515625 0.15
0 0.40859375 0.81953125 0.0515625 0.10625
0 0.478125 0.7890625 0.0703125 0.13125
0 0.5609375 0.6859375 0.0859375 0.171875
0 0.51328125 0.1 0.0546875 0.121875
0 0.55234375 0.24765625 0.0578125 0.1
0 0.59140625 0.3171875 0.05625 0.109375
0 0.58671875 0.446875 0.0640625 0.109375
0 0.653125 0.46953125 0.059375 0.1171875
0 0.6421875 0.6 0.0578125 0.125
0 0.7359375 0.6390625 0.0625 0.1109375
0 0.7828125 0.7546875 0.0625 0.1171875
0 0.68125 0.75703125 0.0515625 0.1
0 0.56328125 0.9171875 0.1078125 0.165625
0 0.6765625 0.9375 0.103125 0.125
0 0.4234375 0.95546875 0.1203125 0.0890625
0 0.45625 0.88125 0.0578125 0.10625
0 0.065625 0.7953125 0.040625 0.0890625
0 0.10546875 0.775 0.0453125 0.075
0 0.1828125 0.79375 0.0390625 0.08125
0 0.09609375 0.9703125 0.065625 0.059375
0 0.19921875 0.85078125 0.0421875 0.071875
0 0.1859375 0.934375 0.0390625 0.071875
0 0.23828125 0.9703125 0.0453125 0.059375
0 0.6984375 0.8375 0.040625 0.0828125
0 0.85546875 0.834375 0.0546875 0.1296875
0 0.79609375 0.86640625 0.0421875 0.0765625
0 0.75546875 0.921875 0.04375 0.090625
0 0.8578125 0.9375 0.0625 0.084375
0 0.97109375 0.93671875 0.0578125 0.1140625
0 0.8625 0.64453125 0.0484375 0.1171875
0 0.89140625 0.69375 0.0515625 0.09375
0 0.9296875 0.76015625 0.0828125 0.10625
0 0.9390625 0.5796875 0.040625 0.084375
0 0.95 0.66640625 0.04375 0.075
0 0.68046875 0.321875 0.046875 0.075
0 0.74453125 0.3859375 0.05625 0.090625
0 0.728125 0.46484375 0.05625 0.0921875
0 0.7671875 0.53828125 0.0453125 0.0765625
0 0.81484375 0.4609375 0.046875 0.1171875
0 0.86484375 0.30078125 0.05 0.0828125
0 0.66875 0.2046875 0.04375 0.0609375
0 0.75234375 0.225 0.0578125 0.075
0 0.9578125 0.49765625 0.0390625 0.0921875
0 0.9875 0.45390625 0.025 0.096875
0 0.91953125 0.27421875 0.034375 0.0703125
0 0.859375 0.43046875 0.0453125 0.1140625