0 0.1890625 0.3328125 0.0421875 0.03125
0 0.203125 0.2984375 0.0421875 0.0359375
0 0.246875 0.30390625 0.046875 0.0375
0 0.21953125 0.4 0.0375 0.0296875
0 0.26796875 0.34609375 0.0390625 0.034375
0 0.5390625 0.625 0.0328125 0.0265625
0 0.32578125 0.5640625 0.046875 0.03125
0 0.38046875 0.5703125 0.0390625 0.03125
0 0.525 0.571875 0.04375 0.034375
0 0.39375 0.71015625 0.0421875 0.034375
0 0.41875 0.70625 0.0421875 0.0359375
0 0.47109375 0.709375 0.046875 0.0359375
0 0.5328125 0.7140625 0.040625 0.025
0 0.209375 0.70078125 0.0484375 0.0375
0 0.1796875 0.146875 0.034375 0.0328125
0 0.33046875 0.14140625 0.0453125 0.0328125
0 0.290625 0.06015625 0.0390625 0.0265625
0 0.090625 0.0859375 0.0296875 0.025
0 0.08984375 0.05625 0.0265625 0.0203125
0 0.10859375 0.03203125 0.0359375 0.0265625
0 0.25703125 0.02421875 0.04375 0.0296875
0 0.85390625 0.4421875 0.0671875 0.0515625
0 0.771875 0.5546875 0.046875 0.0390625
0 0.890625 0.5140625 0.0609375 0.046875
0 0.41484375 0.07421875 0.040625 0.0359375
0 0.31328125 0.5375 0.0390625 0.03125
0 0.671875 0.71015625 0.0375 0.0359375
0 0.71953125 0.65703125 0.0671875 0.05
0 0.98125 0.7125 0.0375 0.04375
0 0.80703125 0.65546875 0.053125 0.0390625
0 0.91484375 0.66640625 0.0640625 0.0359375
0 0.53046875 0.43671875 0.0453125 0.0328125