0 0.62734375 0.56953125 0.065625 0.1140625
0 0.6171875 0.68828125 0.0453125 0.0734375
0 0.5328125 0.571875 0.034375 0.0484375
0 0.48203125 0.53671875 0.0640625 0.1046875
0 0.52578125 0.70390625 0.05625 0.0890625
0 0.41171875 0.47578125 0.0625 0.0796875
0 0.4796875 0.3921875 0.0390625 0.071875
0 0.434375 0.41328125 0.046875 0.0734375
0 0.44453125 0.253125 0.034375 0.0578125
0 0.43515625 0.1796875 0.0484375 0.053125
0 0.44921875 0.3046875 0.04375 0.0546875
0 0.3375 0.4109375 0.0234375 0.053125
0 0.303125 0.44140625 0.0421875 0.0515625
0 0.53359375 0.4921875 0.03125 0.0609375
0 0.6875 0.55234375 0.0328125 0.040625