0 0.37265625 0.56953125 0.065625 0.1140625
0 0.3828125 0.68828125 0.0453125 0.0734375
0 0.4671875 0.571875 0.034375 0.0484375
0 0.51796875 0.53671875 0.0640625 0.1046875
0 0.47421875 0.70390625 0.05625 0.0890625
0 0.58828125 0.47578125 0.0625 0.0796875
0 0.5203125 0.3921875 0.0390625 0.071875
0 0.565625 0.41328125 0.046875 0.0734375
0 0.55546875 0.253125 0.034375 0.0578125
0 0.56484375 0.1796875 0.0484375 0.053125
0 0.55078125 0.3046875 0.04375 0.0546875
0 0.6625 0.4109375 0.0234375 0.053125
0 0.696875 0.44140625 0.0421875 0.0515625
0 0.46640625 0.4921875 0.03125 0.0609375
0 0.3125 0.55234375 0.0328125 0.040625