0 0.33515625 0.7171875 0.0546875 0.05625
0 0.33828125 0.659375 0.078125 0.0625
0 0.084375 0.7015625 0.034375 0.0671875
0 0.7609375 0.6109375 0.0984375 0.0828125
0 0.76796875 0.76875 0.06875 0.075
0 0.78671875 0.709375 0.0515625 0.0421875
0 0.60859375 0.39453125 0.0578125 0.075
0 0.66015625 0.384375 0.053125 0.0828125
0 0.38671875 0.33203125 0.075 0.08125
0 0.3640625 0.453125 0.1234375 0.0703125
0 0.15625 0.19296875 0.0734375 0.0859375
0 0.0703125 0.1328125 0.0640625 0.0625
0 0.35078125 0.26015625 0.0703125 0.0453125
0 0.45625 0.2453125 0.0578125 0.0671875
0 0.5234375 0.3453125 0.0796875 0.0671875
0 0.615625 0.08828125 0.0671875 0.0859375
0 0.76953125 0.16640625 0.0796875 0.115625
0 0.78359375 0.26171875 0.0453125 0.0671875
0 0.97578125 0.42890625 0.0484375 0.078125
0 0.978125 0.5734375 0.04375 0.0625
0 0.65546875 0.296875 0.078125 0.071875
0 0.4609375 0.15234375 0.0484375 0.0875
0 0.50390625 0.1890625 0.0546875 0.08125
0 0.2640625 0.075 0.078125 0.078125
0 0.06171875 0.06015625 0.06875 0.06875
0 0.465625 0.5984375 0.04375 0.0796875
0 0.4765625 0.68125 0.0625 0.0515625