0 0.41015625 0.60390625 0.1578125 0.1859375
0 0.471875 0.8765625 0.1265625 0.225
0 0.36015625 0.8625 0.1078125 0.1578125
0 0.1921875 0.75390625 0.159375 0.225
0 0.25625 0.9328125 0.1015625 0.1234375
0 0.0234375 0.85625 0.046875 0.14375
0 0.03515625 0.37890625 0.0703125 0.19375
0 0.02578125 0.49609375 0.0515625 0.1
0 0.0359375 0.68671875 0.0640625 0.0953125
0 0.17421875 0.40078125 0.0625 0.1453125
0 0.29921875 0.39609375 0.103125 0.15625
0 0.4375 0.30234375 0.0828125 0.1671875
0 0.46640625 0.428125 0.0734375 0.1296875
0 0.5171875 0.67890625 0.0734375 0.13125
0 0.60703125 0.70078125 0.1078125 0.1734375
0 0.71875 0.52890625 0.06875 0.15625
0 0.69296875 0.3390625 0.078125 0.16875
0 0.76015625 0.128125 0.1265625 0.25625
0 0.60390625 0.2265625 0.1078125 0.203125
0 0.56171875 0.09765625 0.0734375 0.1203125
0 0.45078125 0.103125 0.075 0.1359375
0 0.5234375 0.3359375 0.078125 0.1375
0 0.6015625 0.39609375 0.0734375 0.1515625
0 0.8296875 0.56171875 0.0640625 0.1171875
0 0.78984375 0.6296875 0.0625 0.140625
0 0.925 0.75390625 0.0546875 0.109375
0 0.83203125 0.79296875 0.06875 0.1109375
0 0.77734375 0.953125 0.0765625 0.0921875
0 0.97890625 0.3484375 0.0421875 0.1328125
0 0.92109375 0.415625 0.065625 0.2
0 0.20859375 0.12578125 0.1453125 0.25
0 0.115625 0.2546875 0.0859375 0.1296875
0 0.065625 0.08671875 0.0875 0.1421875
0 0.24765625 0.32578125 0.0578125 0.1265625
0 0.2375 0.52734375 0.0546875 0.090625
0 0.2984375 0.50859375 0.075 0.10625
0 0.70078125 0.796875 0.0421875 0.09375