0 0.63515625 0.8921875 0.084375 0.065625
0 0.75 0.7421875 0.053125 0.0578125
0 0.64296875 0.7921875 0.1 0.0875
0 0.96953125 0.971875 0.0609375 0.05625
0 0.96328125 0.7828125 0.0734375 0.075
0 0.92421875 0.6828125 0.053125 0.040625
0 0.92890625 0.48359375 0.0875 0.075
0 0.896875 0.3640625 0.05625 0.0515625
0 0.909375 0.2625 0.075 0.06875
0 0.9625 0.16171875 0.0671875 0.0671875
0 0.90234375 0.0625 0.0875 0.059375
0 0.88203125 0.9453125 0.0578125 0.0453125
0 0.84765625 0.79609375 0.0984375 0.06875
0 0.88984375 0.6359375 0.0421875 0.0421875
0 0.8078125 0.38203125 0.05625 0.046875
0 0.80078125 0.1875 0.0703125 0.065625
0 0.784375 0.06796875 0.0875 0.0578125
0 0.70859375 0.14296875 0.0875 0.0609375
0 0.74375 0.40390625 0.0640625 0.0359375
0 0.76640625 0.55234375 0.0859375 0.05
0 0.7859375 0.6671875 0.1 0.065625
0 0.75625 0.9546875 0.0703125 0.0484375
0 0.62421875 0.96328125 0.084375 0.06875
0 0.63046875 0.5375 0.1078125 0.08125
0 0.66484375 0.61640625 0.0671875 0.0515625
0 0.6578125 0.35625 0.0953125 0.0671875
0 0.55859375 0.22109375 0.1109375 0.0875
0 0.58671875 0.315625 0.075 0.0453125
0 0.503125 0.0421875 0.046875 0.0421875
0 0.509375 0.30625 0.059375 0.046875
0 0.525 0.5828125 0.0953125 0.065625
0 0.49609375 0.72265625 0.090625 0.075
0 0.52734375 0.853125 0.028125 0.0328125
0 0.525 0.91171875 0.053125 0.040625
0 0.48984375 0.9796875 0.1046875 0.040625
0 0.4484375 0.8984375 0.0515625 0.0453125
0 0.4203125 0.80078125 0.0859375 0.0765625
0 0.38671875 0.65234375 0.1078125 0.084375
0 0.384375 0.34296875 0.0703125 0.046875
0 0.43671875 0.10625 0.0421875 0.053125
0 0.3484375 0.07109375 0.078125 0.0453125
0 0.38671875 0.1078125 0.05 0.0453125
0 0.3375 0.159375 0.0625 0.0359375
0 0.3359375 0.21015625 0.071875 0.05625
0 0.3109375 0.44453125 0.05 0.034375
0 0.32578125 0.4859375 0.0671875 0.0484375
0 0.29140625 0.6109375 0.0875 0.0625
0 0.3421875 0.7296875 0.0703125 0.0546875
0 0.37734375 0.85859375 0.0828125 0.0609375
0 0.23515625 0.940625 0.0921875 0.065625
0 0.28984375 0.859375 0.0703125 0.053125
0 0.24921875 0.73515625 0.059375 0.0515625
0 0.21796875 0.65234375 0.0734375 0.0546875
0 0.18984375 0.7 0.0640625 0.05
0 0.20703125 0.57421875 0.05 0.0421875
0 0.24453125 0.50078125 0.0359375 0.028125
0 0.15390625 0.36953125 0.071875 0.0421875
0 0.2078125 0.078125 0.0625 0.0578125
0 0.17578125 0.159375 0.059375 0.0578125
0 0.15546875 0.23671875 0.0484375 0.0421875
0 0.1203125 0.05234375 0.071875 0.05
0 0.121875 0.45625 0.0609375 0.05
0 0.13671875 0.51640625 0.04375 0.0375
0 0.09453125 0.63203125 0.0765625 0.05
0 0.2015625 0.81953125 0.059375 0.05
0 0.12890625 0.96328125 0.1015625 0.0734375
0 0.05859375 0.76484375 0.0703125 0.06875
0 0.01796875 0.52578125 0.0359375 0.05
0 0.08203125 0.43828125 0.065625 0.046875
0 0.0640625 0.3984375 0.04375 0.034375
0 0.021875 0.434375 0.04375 0.0515625
0 0.0296875 0.3234375 0.059375 0.0578125
0 0.09921875 0.1484375 0.0625 0.0390625
0 0.025 0.225 0.05 0.04375