0 0.0890625 0.3875 0.178125 0.209375
0 0.16796875 0.528125 0.078125 0.1140625
0 0.2703125 0.51953125 0.096875 0.096875
0 0.28671875 0.36796875 0.0921875 0.1453125
0 0.4921875 0.34765625 0.1171875 0.1546875
0 0.4875 0.53359375 0.1078125 0.15625
0 0.2859375 0.721875 0.1375 0.1875
0 0.25234375 0.89453125 0.1296875 0.18125
0 0.48359375 0.79140625 0.08125 0.090625
0 0.6421875 0.60078125 0.1265625 0.14375
0 0.875 0.834375 0.109375 0.240625
0 0.978125 0.68671875 0.04375 0.1859375
0 0.94375 0.33671875 0.1125 0.2359375
0 0.75078125 0.2234375 0.125 0.228125
0 0.58125 0.28359375 0.1015625 0.1109375
0 0.7609375 0.74375 0.0625 0.1296875
0 0.79453125 0.67421875 0.0515625 0.084375
0 0.09765625 0.81171875 0.09375 0.1546875
0 0.028125 0.7234375 0.05625 0.13125