0 0.55625 0.434375 0.021875 0.0421875
0 0.5046875 0.48984375 0.0171875 0.0375
0 0.49296875 0.4375 0.015625 0.0453125
0 0.57265625 0.38125 0.0171875 0.034375
0 0.534375 0.34296875 0.01875 0.046875
0 0.65703125 0.43046875 0.0140625 0.03125
0 0.63515625 0.52265625 0.0234375 0.0328125
0 0.63828125 0.45625 0.015625 0.0265625
0 0.63359375 0.41484375 0.0171875 0.028125
0 0.621875 0.3875 0.021875 0.03125
0 0.61953125 0.49609375 0.025 0.0296875
0 0.60625 0.6703125 0.0203125 0.0328125
0 0.60625 0.62421875 0.021875 0.04375
0 0.62421875 0.7984375 0.0203125 0.059375
0 0.628125 0.88046875 0.0265625 0.0546875
0 0.6546875 0.740625 0.015625 0.04375
0 0.55703125 0.94609375 0.0265625 0.03125
0 0.54921875 0.8984375 0.0234375 0.0375
0 0.5546875 0.853125 0.0171875 0.0375
0 0.90390625 0.2625 0.0203125 0.0515625
0 0.89375 0.20546875 0.021875 0.0390625
0 0.88203125 0.165625 0.0171875 0.04375
0 0.9640625 0.2390625 0.015625 0.0390625
0 0.853125 0.17734375 0.015625 0.0421875
0 0.825 0.1890625 0.021875 0.0375
0 0.9109375 0.10390625 0.021875 0.0375
0 0.9640625 0.10390625 0.021875 0.034375
0 0.75625 0.203125 0.0203125 0.03125
0 0.7640625 0.17265625 0.015625 0.0359375
0 0.76796875 0.13046875 0.015625 0.025
0 0.72421875 0.10703125 0.015625 0.01875
0 0.81640625 0.08828125 0.015625 0.025
0 0.796875 0.05625 0.0171875 0.0265625
0 0.82265625 0.553125 0.0171875 0.0375
0 0.80390625 0.5921875 0.01875 0.0359375
0 0.79765625 0.53203125 0.015625 0.0421875
0 0.78203125 0.48203125 0.01875 0.03125
0 0.88828125 0.61171875 0.0171875 0.034375
0 0.8859375 0.5046875 0.0234375 0.0375
0 0.84140625 0.40078125 0.0140625 0.0359375
0 0.77421875 0.409375 0.0234375 0.0296875
0 0.73828125 0.45859375 0.0203125 0.03125
0 0.73984375 0.428125 0.021875 0.0390625
0 0.690625 0.365625 0.0171875 0.028125
0 0.67265625 0.35703125 0.0171875 0.0359375
0 0.6734375 0.2890625 0.0171875 0.0328125
0 0.634375 0.30859375 0.0140625 0.028125
0 0.62734375 0.27578125 0.01875 0.025
0 0.60703125 0.32734375 0.0140625 0.0296875
0 0.5953125 0.303125 0.0140625 0.0328125
0 0.41875 0.33671875 0.015625 0.0359375
0 0.4875 0.271875 0.0109375 0.0328125
0 0.57265625 0.25546875 0.0140625 0.03125
0 0.615625 0.209375 0.015625 0.028125
0 0.68515625 0.2015625 0.0125 0.021875
0 0.53984375 0.17265625 0.0140625 0.0359375
0 0.84453125 0.96328125 0.021875 0.05
0 0.8453125 0.89375 0.0109375 0.046875
0 0.771875 0.98203125 0.021875 0.0359375
0 0.70390625 0.98125 0.021875 0.0375
0 0.625 0.97265625 0.0171875 0.04375
0 0.88671875 0.6984375 0.0234375 0.059375
0 0.56328125 0.5921875 0.01875 0.0328125
0 0.21171875 0.36796875 0.0171875 0.0421875
0 0.1921875 0.4875 0.01875 0.0359375
0 0.1984375 0.42890625 0.0171875 0.040625
0 0.20546875 0.60390625 0.0234375 0.028125
0 0.18125 0.5578125 0.0203125 0.0375
0 0.184375 0.5109375 0.0171875 0.0375
0 0.290625 0.659375 0.01875 0.0390625
0 0.29375 0.7296875 0.01875 0.040625
0 0.28828125 0.8171875 0.0203125 0.0421875
0 0.34921875 0.4234375 0.0234375 0.0359375
0 0.334375 0.465625 0.0140625 0.0265625
0 0.2625 0.2890625 0.0125 0.0296875
0 0.21328125 0.27109375 0.0203125 0.034375
0 0.1890625 0.27578125 0.0171875 0.03125
0 0.25625 0.25859375 0.0125 0.028125
0 0.2140625 0.22421875 0.0203125 0.0328125
0 0.37109375 0.3390625 0.0171875 0.028125
0 0.321875 0.30546875 0.0203125 0.025
0 0.36484375 0.24609375 0.0171875 0.03125
0 0.51015625 0.628125 0.01875 0.0328125
0 0.4140625 0.62890625 0.0171875 0.034375
0 0.46796875 0.8 0.01875 0.0359375
0 0.55625 0.73671875 0.021875 0.0359375
0 0.07578125 0.70703125 0.0171875 0.0265625
0 0.03203125 0.53125 0.0265625 0.04375
0 0.0875 0.3734375 0.01875 0.04375
0 0.06953125 0.390625 0.015625 0.03125
0 0.0484375 0.39375 0.0171875 0.0375
0 0.0796875 0.25 0.0109375 0.0390625
0 0.13359375 0.29453125 0.0265625 0.0375
0 0.165625 0.41328125 0.01875 0.03125
0 0.146875 0.4453125 0.0234375 0.0328125
0 0.13984375 0.515625 0.025 0.028125
0 0.26796875 0.2203125 0.01875 0.03125
0 0.2546875 0.16484375 0.0125 0.0296875
0 0.25390625 0.140625 0.0140625 0.025
0 0.22890625 0.12734375 0.0171875 0.028125
0 0.10234375 0.0984375 0.0140625 0.0234375
0 0.053125 0.1734375 0.015625 0.0375
0 0.00546875 0.18046875 0.0109375 0.0296875
0 0.0578125 0.08359375 0.0140625 0.03125
0 0.31484375 0.453125 0.0109375 0.0328125
0 0.50703125 0.5609375 0.0171875 0.034375
0 0.47265625 0.53359375 0.0171875 0.0296875
0 0.45 0.51796875 0.015625 0.0359375