0 0.36484375 0.1078125 0.084375 0.065625
0 0.25 0.2578125 0.053125 0.0578125
0 0.35703125 0.2078125 0.1 0.0875
0 0.03046875 0.028125 0.0609375 0.05625
0 0.03671875 0.2171875 0.0734375 0.075
0 0.07578125 0.3171875 0.053125 0.040625
0 0.07109375 0.51640625 0.0875 0.075
0 0.103125 0.6359375 0.05625 0.0515625
0 0.090625 0.7375 0.075 0.06875
0 0.0375 0.83828125 0.0671875 0.0671875
0 0.09765625 0.9375 0.0875 0.059375
0 0.11796875 0.0546875 0.0578125 0.0453125
0 0.15234375 0.20390625 0.0984375 0.06875
0 0.11015625 0.3640625 0.0421875 0.0421875
0 0.1921875 0.61796875 0.05625 0.046875
0 0.19921875 0.8125 0.0703125 0.065625
0 0.215625 0.93203125 0.0875 0.0578125
0 0.29140625 0.85703125 0.0875 0.0609375
0 0.25625 0.59609375 0.0640625 0.0359375
0 0.23359375 0.44765625 0.0859375 0.05
0 0.2140625 0.3328125 0.1 0.065625
0 0.24375 0.0453125 0.0703125 0.0484375
0 0.37578125 0.03671875 0.084375 0.06875
0 0.36953125 0.4625 0.1078125 0.08125
0 0.33515625 0.38359375 0.0671875 0.0515625
0 0.3421875 0.64375 0.0953125 0.0671875
0 0.44140625 0.77890625 0.1109375 0.0875
0 0.41328125 0.684375 0.075 0.0453125
0 0.496875 0.9578125 0.046875 0.0421875
0 0.490625 0.69375 0.059375 0.046875
0 0.475 0.4171875 0.0953125 0.065625
0 0.50390625 0.27734375 0.090625 0.075
0 0.47265625 0.146875 0.028125 0.0328125
0 0.475 0.08828125 0.053125 0.040625
0 0.51015625 0.0203125 0.1046875 0.040625
0 0.5515625 0.1015625 0.0515625 0.0453125
0 0.5796875 0.19921875 0.0859375 0.0765625
0 0.61328125 0.34765625 0.1078125 0.084375
0 0.615625 0.65703125 0.0703125 0.046875
0 0.56328125 0.89375 0.0421875 0.053125
0 0.6515625 0.92890625 0.078125 0.0453125
0 0.61328125 0.8921875 0.05 0.0453125
0 0.6625 0.840625 0.0625 0.0359375
0 0.6640625 0.78984375 0.071875 0.05625
0 0.6890625 0.55546875 0.05 0.034375
0 0.67421875 0.5140625 0.0671875 0.0484375
0 0.70859375 0.3890625 0.0875 0.0625
0 0.6578125 0.2703125 0.0703125 0.0546875
0 0.62265625 0.14140625 0.0828125 0.0609375
0 0.76484375 0.059375 0.0921875 0.065625
0 0.71015625 0.140625 0.0703125 0.053125
0 0.75078125 0.26484375 0.059375 0.0515625
0 0.78203125 0.34765625 0.0734375 0.0546875
0 0.81015625 0.3 0.0640625 0.05
0 0.79296875 0.42578125 0.05 0.0421875
0 0.75546875 0.49921875 0.0359375 0.028125
0 0.84609375 0.63046875 0.071875 0.0421875
0 0.7921875 0.921875 0.0625 0.0578125
0 0.82421875 0.840625 0.059375 0.0578125
0 0.84453125 0.76328125 0.0484375 0.0421875
0 0.8796875 0.94765625 0.071875 0.05
0 0.878125 0.54375 0.0609375 0.05
0 0.86328125 0.48359375 0.04375 0.0375
0 0.90546875 0.36796875 0.0765625 0.05
0 0.7984375 0.18046875 0.059375 0.05
0 0.87109375 0.03671875 0.1015625 0.0734375
0 0.94140625 0.23515625 0.0703125 0.06875
0 0.98203125 0.47421875 0.0359375 0.05
0 0.91796875 0.56171875 0.065625 0.046875
0 0.9359375 0.6015625 0.04375 0.034375
0 0.978125 0.565625 0.04375 0.0515625
0 0.9703125 0.6765625 0.059375 0.0578125
0 0.90078125 0.8515625 0.0625 0.0390625
0 0.975 0.775 0.05 0.04375