0 0.05546875 0.4515625 0.071875 0.1296875
0 0.19609375 0.45859375 0.03125 0.103125
0 0.26171875 0.44921875 0.046875 0.103125
0 0.415625 0.4546875 0.0515625 0.109375
0 0.44765625 0.61328125 0.04375 0.1
0 0.575 0.74140625 0.0453125 0.10625
0 0.10234375 0.9 0.0578125 0.1359375
0 0.23984375 0.9046875 0.0578125 0.10625
0 0.29375 0.8296875 0.0421875 0.1046875
0 0.05 0.72421875 0.05 0.10625
0 0.09140625 0.6140625 0.0421875 0.0890625
0 0.15859375 0.575 0.034375 0.0828125
0 0.2296875 0.6140625 0.0515625 0.1015625
0 0.24140625 0.728125 0.046875 0.05625
0 0.44296875 0.81328125 0.0484375 0.121875
0 0.534375 0.91171875 0.0609375 0.1375
0 0.7515625 0.596875 0.0546875 0.090625
0 0.89140625 0.528125 0.0734375 0.1125
0 0.9515625 0.68203125 0.0421875 0.1015625
0 0.86328125 0.4140625 0.0578125 0.1015625
0 0.74140625 0.3359375 0.059375 0.08125
0 0.79921875 0.27109375 0.05625 0.084375
0 0.6671875 0.1859375 0.0625 0.090625
0 0.71328125 0.09296875 0.06875 0.103125
0 0.56328125 0.0765625 0.078125 0.1109375
0 0.55625 0.17265625 0.0578125 0.1109375
0 0.5125 0.24296875 0.0546875 0.08125
0 0.24140625 0.24765625 0.0828125 0.109375
0 0.17265625 0.203125 0.059375 0.1484375
0 0.10078125 0.2546875 0.0875 0.1109375
0 0.43515625 0.328125 0.05 0.1
0 0.65546875 0.83125 0.04375 0.10625
0 0.15 0.446875 0.0390625 0.0828125