0 0.59453125 0.2546875 0.1375 0.215625
0 0.66875 0.35234375 0.0875 0.1125
0 0.78515625 0.15546875 0.11875 0.1359375
0 0.8875 0.06484375 0.109375 0.121875
0 0.88203125 0.4421875 0.1140625 0.1875
0 0.90859375 0.575 0.0875 0.1
0 0.7453125 0.57109375 0.0765625 0.10625
0 0.67109375 0.5296875 0.0921875 0.10625
0 0.7453125 0.44765625 0.0703125 0.115625
0 0.60234375 0.4453125 0.0625 0.0765625
0 0.59453125 0.38671875 0.05 0.0734375
0 0.57265625 0.4890625 0.04375 0.05625
0 0.51484375 0.45703125 0.065625 0.0859375
0 0.534375 0.54765625 0.05 0.065625
0 0.47265625 0.565625 0.059375 0.075
0 0.49921875 0.3546875 0.075 0.09375
0 0.51640625 0.2609375 0.075 0.0859375
0 0.5234375 0.04609375 0.075 0.0921875
0 0.40234375 0.50703125 0.103125 0.159375
0 0.28828125 0.59140625 0.1640625 0.2421875
0 0.26796875 0.81640625 0.096875 0.1421875
0 0.16953125 0.47265625 0.0953125 0.1046875
0 0.046875 0.478125 0.09375 0.134375
0 0.09609375 0.1921875 0.1 0.13125
0 0.18671875 0.0984375 0.0734375 0.10625
0 0.22109375 0.2046875 0.0515625 0.0796875
0 0.18984375 0.2984375 0.065625 0.10625
0 0.24296875 0.30625 0.0515625 0.0703125
0 0.20390625 0.62265625 0.0546875 0.096875