0 0.40546875 0.7453125 0.1375 0.215625
0 0.33125 0.64765625 0.0875 0.1125
0 0.21484375 0.84453125 0.11875 0.1359375
0 0.1125 0.93515625 0.109375 0.121875
0 0.11796875 0.5578125 0.1140625 0.1875
0 0.09140625 0.425 0.0875 0.1
0 0.2546875 0.42890625 0.0765625 0.10625
0 0.32890625 0.4703125 0.0921875 0.10625
0 0.2546875 0.55234375 0.0703125 0.115625
0 0.39765625 0.5546875 0.0625 0.0765625
0 0.40546875 0.61328125 0.05 0.0734375
0 0.42734375 0.5109375 0.04375 0.05625
0 0.48515625 0.54296875 0.065625 0.0859375
0 0.465625 0.45234375 0.05 0.065625
0 0.52734375 0.434375 0.059375 0.075
0 0.50078125 0.6453125 0.075 0.09375
0 0.48359375 0.7390625 0.075 0.0859375
0 0.4765625 0.95390625 0.075 0.0921875
0 0.59765625 0.49296875 0.103125 0.159375
0 0.71171875 0.40859375 0.1640625 0.2421875
0 0.73203125 0.18359375 0.096875 0.1421875
0 0.83046875 0.52734375 0.0953125 0.1046875
0 0.953125 0.521875 0.09375 0.134375
0 0.90390625 0.8078125 0.1 0.13125
0 0.81328125 0.9015625 0.0734375 0.10625
0 0.77890625 0.7953125 0.0515625 0.0796875
0 0.81015625 0.7015625 0.065625 0.10625
0 0.75703125 0.69375 0.0515625 0.0703125
0 0.79609375 0.37734375 0.0546875 0.096875