0 0.60546875 0.29921875 0.04375 0.078125
0 0.67265625 0.3828125 0.040625 0.0578125
0 0.67421875 0.33515625 0.04375 0.06875
0 0.3359375 0.46640625 0.053125 0.1078125
0 0.34296875 0.5515625 0.040625 0.078125
0 0.38046875 0.6234375 0.046875 0.09375
0 0.38125 0.5734375 0.053125 0.065625
0 0.2765625 0.72578125 0.0671875 0.090625
0 0.3734375 0.7546875 0.0515625 0.075
0 0.1765625 0.22109375 0.0484375 0.096875
0 0.12421875 0.17421875 0.059375 0.0828125
0 0.0671875 0.15 0.0546875 0.0953125
0 0.16796875 0.06171875 0.05625 0.1
0 0.2203125 0.37890625 0.05625 0.0578125
0 0.19140625 0.5140625 0.053125 0.08125
0 0.11875 0.47890625 0.0421875 0.0671875
0 0.06484375 0.46484375 0.034375 0.05625
0 0.05859375 0.53515625 0.05 0.065625
0 0.19453125 0.68203125 0.0484375 0.065625
0 0.05234375 0.7546875 0.0515625 0.071875
0 0.0484375 0.8546875 0.0484375 0.078125
0 0.6328125 0.5359375 0.034375 0.0609375
0 0.6671875 0.49921875 0.0359375 0.05
0 0.63125 0.65078125 0.040625 0.0796875
0 0.671875 0.72734375 0.03125 0.0703125
0 0.7109375 0.77890625 0.028125 0.065625
0 0.6 0.12890625 0.040625 0.059375
0 0.53828125 0.06640625 0.0390625 0.05
0 0.4296875 0.21796875 0.0375 0.0953125
0 0.43125 0.32265625 0.025 0.0609375
0 0.4296875 0.39375 0.0375 0.05
0 0.41953125 0.53125 0.034375 0.0734375
0 0.43828125 0.48984375 0.0296875 0.040625
0 0.46953125 0.57265625 0.0328125 0.05
0 0.50703125 0.56484375 0.0296875 0.0546875
0 0.53203125 0.584375 0.0265625 0.05
0 0.4984375 0.88359375 0.0359375 0.0515625
0 0.59296875 0.7484375 0.028125 0.0453125
0 0.8 0.38046875 0.0234375 0.071875
0 0.22421875 0.18359375 0.0359375 0.0625
0 0.26484375 0.1375 0.0359375 0.06875
0 0.33515625 0.17578125 0.04375 0.04375
0 0.33046875 0.04140625 0.03125 0.053125
0 0.2625 0.32578125 0.0328125 0.0453125
0 0.278125 0.47421875 0.0375 0.0546875