0 0.478125 0.5453125 0.1109375 0.1125
0 0.58125 0.71796875 0.0546875 0.1125
0 0.4484375 0.728125 0.0828125 0.13125
0 0.46484375 0.8796875 0.0796875 0.10625
0 0.31171875 0.74296875 0.0796875 0.1359375
0 0.2265625 0.478125 0.084375 0.128125
0 0.4046875 0.2578125 0.0984375 0.115625
0 0.40859375 0.4453125 0.0578125 0.11875
0 0.46328125 0.43359375 0.0609375 0.078125
0 0.4921875 0.3953125 0.0609375 0.0859375
0 0.82734375 0.73125 0.0703125 0.10625
0 0.7859375 0.6125 0.0546875 0.1359375
0 0.7640625 0.48046875 0.059375 0.096875