0 0.6171875 0.70703125 0.071875 0.1171875
0 0.628125 0.478125 0.0828125 0.096875
0 0.6453125 0.33984375 0.0859375 0.1078125
0 0.490625 0.29296875 0.06875 0.1125
0 0.36015625 0.39453125 0.059375 0.1
0 0.42578125 0.45234375 0.053125 0.0828125
0 0.4421875 0.37109375 0.0359375 0.059375
0 0.35859375 0.28203125 0.0671875 0.0890625
0 0.3203125 0.17734375 0.046875 0.065625
0 0.490625 0.1609375 0.0703125 0.075
0 0.43984375 0.109375 0.04375 0.0859375
0 0.2484375 0.1390625 0.0453125 0.1125
0 0.0734375 0.26015625 0.0453125 0.0765625
0 0.2125 0.7515625 0.0484375 0.0640625
0 0.071875 0.74140625 0.0359375 0.0546875
0 0.175 0.6828125 0.03125 0.0484375
0 0.128125 0.71328125 0.028125 0.0375
0 0.084375 0.63203125 0.03125 0.04375
0 0.16640625 0.8546875 0.0328125 0.053125
0 0.09375 0.9109375 0.0515625 0.065625
0 0.0796875 0.81484375 0.034375 0.0515625
0 0.8015625 0.196875 0.0765625 0.1328125
0 0.87578125 0.15703125 0.0546875 0.0734375
0 0.8984375 0.078125 0.075 0.059375
0 0.95 0.26328125 0.0390625 0.0828125
0 0.9046875 0.19453125 0.05 0.08125
0 0.97421875 0.06953125 0.034375 0.0671875
0 0.90078125 0.47109375 0.0515625 0.09375
0 0.834375 0.48671875 0.046875 0.0703125
0 0.8140625 0.3890625 0.0578125 0.059375
0 0.80390625 0.31171875 0.0375 0.059375
0 0.8859375 0.275 0.0546875 0.0703125
0 0.96796875 0.62109375 0.05625 0.0875
0 0.725 0.84609375 0.0671875 0.0765625
0 0.65546875 0.8515625 0.0671875 0.115625
0 0.6625 0.23125 0.0375 0.0578125
0 0.6125 0.21171875 0.0234375 0.059375
0 0.58671875 0.20234375 0.025 0.0546875
0 0.5984375 0.12265625 0.0328125 0.0546875
0 0.71796875 0.08125 0.03125 0.0421875
0 0.75 0.15390625 0.0359375 0.0640625
0 0.81015625 0.1265625 0.0328125 0.059375
0 0.49140625 0.77890625 0.0515625 0.096875
0 0.3703125 0.934375 0.0765625 0.0859375
0 0.53984375 0.884375 0.059375 0.0671875
0 0.54375 0.80234375 0.0390625 0.0859375
0 0.3359375 0.69921875 0.0453125 0.059375
0 0.2625 0.6640625 0.0359375 0.0703125
0 0.2359375 0.50703125 0.03125 0.0640625
0 0.18046875 0.5296875 0.0296875 0.04375
0 0.68359375 0.6046875 0.03125 0.0484375
0 0.63984375 0.59375 0.0390625 0.05
0 0.69296875 0.4890625 0.046875 0.075
0 0.60625 0.590625 0.04375 0.0609375