0 0.3828125 0.70703125 0.071875 0.1171875
0 0.371875 0.478125 0.0828125 0.096875
0 0.3546875 0.33984375 0.0859375 0.1078125
0 0.509375 0.29296875 0.06875 0.1125
0 0.63984375 0.39453125 0.059375 0.1
0 0.57421875 0.45234375 0.053125 0.0828125
0 0.5578125 0.37109375 0.0359375 0.059375
0 0.64140625 0.28203125 0.0671875 0.0890625
0 0.6796875 0.17734375 0.046875 0.065625
0 0.509375 0.1609375 0.0703125 0.075
0 0.56015625 0.109375 0.04375 0.0859375
0 0.7515625 0.1390625 0.0453125 0.1125
0 0.9265625 0.26015625 0.0453125 0.0765625
0 0.7875 0.7515625 0.0484375 0.0640625
0 0.928125 0.74140625 0.0359375 0.0546875
0 0.825 0.6828125 0.03125 0.0484375
0 0.871875 0.71328125 0.028125 0.0375
0 0.915625 0.63203125 0.03125 0.04375
0 0.83359375 0.8546875 0.0328125 0.053125
0 0.90625 0.9109375 0.0515625 0.065625
0 0.9203125 0.81484375 0.034375 0.0515625
0 0.1984375 0.196875 0.0765625 0.1328125
0 0.12421875 0.15703125 0.0546875 0.0734375
0 0.1015625 0.078125 0.075 0.059375
0 0.05 0.26328125 0.0390625 0.0828125
0 0.0953125 0.19453125 0.05 0.08125
0 0.02578125 0.06953125 0.034375 0.0671875
0 0.09921875 0.47109375 0.0515625 0.09375
0 0.165625 0.48671875 0.046875 0.0703125
0 0.1859375 0.3890625 0.0578125 0.059375
0 0.19609375 0.31171875 0.0375 0.059375
0 0.1140625 0.275 0.0546875 0.0703125
0 0.03203125 0.62109375 0.05625 0.0875
0 0.275 0.84609375 0.0671875 0.0765625
0 0.34453125 0.8515625 0.0671875 0.115625
0 0.3375 0.23125 0.0375 0.0578125
0 0.3875 0.21171875 0.0234375 0.059375
0 0.41328125 0.20234375 0.025 0.0546875
0 0.4015625 0.12265625 0.0328125 0.0546875
0 0.28203125 0.08125 0.03125 0.0421875
0 0.25 0.15390625 0.0359375 0.0640625
0 0.18984375 0.1265625 0.0328125 0.059375
0 0.50859375 0.77890625 0.0515625 0.096875
0 0.6296875 0.934375 0.0765625 0.0859375
0 0.46015625 0.884375 0.059375 0.0671875
0 0.45625 0.80234375 0.0390625 0.0859375
0 0.6640625 0.69921875 0.0453125 0.059375
0 0.7375 0.6640625 0.0359375 0.0703125
0 0.7640625 0.50703125 0.03125 0.0640625
0 0.81953125 0.5296875 0.0296875 0.04375
0 0.31640625 0.6046875 0.03125 0.0484375
0 0.36015625 0.59375 0.0390625 0.05
0 0.30703125 0.4890625 0.046875 0.075
0 0.39375 0.590625 0.04375 0.0609375