0 0.90859375 0.765625 0.0296875 0.0671875
0 0.853125 0.7 0.05 0.175
0 0.8546875 0.2125 0.03125 0.134375
0 0.89375 0.04140625 0.04375 0.08125
0 0.9046875 0.3359375 0.040625 0.0859375
0 0.896875 0.55234375 0.0375 0.0796875
0 0.85078125 0.9796875 0.0328125 0.040625
0 0.75859375 0.89921875 0.034375 0.15625
0 0.7890625 0.884375 0.0375 0.084375
0 0.7640625 0.7921875 0.0390625 0.059375
0 0.76640625 0.73515625 0.0328125 0.071875
0 0.78671875 0.52890625 0.0359375 0.0671875
0 0.7765625 0.3625 0.03125 0.065625
0 0.8171875 0.284375 0.0453125 0.0828125
0 0.77265625 0.08828125 0.028125 0.0546875
0 0.7796875 0.0203125 0.04375 0.040625
0 0.74921875 0.24296875 0.0265625 0.071875
0 0.7140625 0.3625 0.0265625 0.0921875
0 0.675 0.50703125 0.05 0.10625
0 0.64765625 0.56171875 0.0390625 0.05625
0 0.71953125 0.775 0.0375 0.090625
0 0.67578125 0.734375 0.0421875 0.15625
0 0.67578125 0.95234375 0.0765625 0.0953125
0 0.7078125 0.890625 0.0390625 0.0671875
0 0.6671875 0.84140625 0.059375 0.090625
0 0.5453125 0.9171875 0.046875 0.0796875
0 0.5171875 0.85625 0.0546875 0.0890625
0 0.54921875 0.64375 0.0390625 0.1265625
0 0.5453125 0.3171875 0.05625 0.203125
0 0.634375 0.0546875 0.0390625 0.0734375
0 0.62578125 0.17890625 0.025 0.0515625
0 0.47734375 0.1109375 0.0390625 0.1515625
0 0.49921875 0.30859375 0.034375 0.0703125
0 0.47265625 0.25078125 0.0359375 0.05625
0 0.478125 0.2125 0.028125 0.0671875
0 0.421875 0.3453125 0.034375 0.0671875
0 0.453125 0.71640625 0.046875 0.075
0 0.46640625 0.675 0.0328125 0.0578125
0 0.47109375 0.6125 0.0578125 0.08125
0 0.37734375 0.76875 0.0640625 0.21875
0 0.3796875 0.32421875 0.028125 0.1234375
0 0.40390625 0.0640625 0.053125 0.0765625
0 0.28203125 0.0359375 0.065625 0.071875
0 0.31484375 0.2109375 0.04375 0.0796875
0 0.32890625 0.1421875 0.0390625 0.0546875
0 0.27265625 0.728125 0.0578125 0.09375
0 0.31015625 0.9171875 0.053125 0.06875
0 0.17109375 0.9140625 0.0390625 0.1375
0 0.21875 0.6109375 0.04375 0.078125
0 0.240625 0.51796875 0.04375 0.0703125
0 0.23046875 0.11171875 0.040625 0.06875
0 0.1734375 0.271875 0.046875 0.2359375
0 0.1234375 0.0515625 0.0375 0.05625
0 0.0296875 0.05078125 0.04375 0.0734375
0 0.01484375 0.24609375 0.0296875 0.084375
0 0.1 0.23671875 0.0359375 0.065625
0 0.065625 0.82109375 0.05 0.0734375
0 0.0578125 0.77734375 0.0453125 0.0796875
0 0.0421875 0.88828125 0.0421875 0.08125
0 0.01328125 0.8921875 0.0265625 0.06875