0 0.06171875 0.8078125 0.0328125 0.034375
0 0.0734375 0.878125 0.021875 0.025
0 0.08515625 0.93984375 0.0296875 0.0265625
0 0.08046875 0.9875 0.0484375 0.025
0 0.11640625 0.925 0.0203125 0.021875
0 0.18984375 0.96796875 0.0359375 0.0390625
0 0.32109375 0.8984375 0.0359375 0.028125
0 0.2953125 0.925 0.021875 0.025
0 0.33359375 0.94765625 0.0328125 0.0265625
0 0.5140625 0.95 0.059375 0.05625
0 0.56171875 0.90546875 0.0328125 0.0296875
0 0.6140625 0.92578125 0.028125 0.0328125
0 0.60859375 0.97421875 0.0296875 0.0296875
0 0.81875 0.89375 0.034375 0.04375
0 0.86171875 0.9671875 0.0265625 0.03125
0 0.94140625 0.97890625 0.0421875 0.0359375
0 0.93125 0.88984375 0.04375 0.0546875
0 0.9890625 0.9546875 0.021875 0.034375
0 0.6984375 0.8640625 0.05625 0.065625
0 0.684375 0.9125 0.046875 0.034375
0 0.33125 0.81484375 0.03125 0.0265625
0 0.35 0.83828125 0.028125 0.0265625
0 0.365625 0.88359375 0.025 0.0390625
0 0.403125 0.90625 0.034375 0.028125
0 0.17265625 0.8890625 0.0265625 0.03125
0 0.3953125 0.8203125 0.034375 0.0375
0 0.56484375 0.7828125 0.0609375 0.0625
0 0.509375 0.80078125 0.0375 0.0453125
0 0.79296875 0.86640625 0.0359375 0.0359375
0 0.84765625 0.80234375 0.0296875 0.0390625
0 0.8875 0.81484375 0.04375 0.0421875
0 0.9796875 0.82421875 0.040625 0.0390625
0 0.8875 0.67109375 0.028125 0.0328125
0 0.96328125 0.7265625 0.0359375 0.046875
0 0.78046875 0.728125 0.0421875 0.0375
0 0.64609375 0.77578125 0.0421875 0.0328125
0 0.725 0.7625 0.025 0.025
0 0.56328125 0.6828125 0.0484375 0.040625
0 0.434375 0.71953125 0.03125 0.0328125
0 0.19609375 0.66875 0.0453125 0.040625
0 0.09453125 0.71796875 0.0390625 0.0359375
0 0.0203125 0.73515625 0.03125 0.0359375
0 0.1109375 0.7671875 0.03125 0.03125
0 0.08125 0.6203125 0.034375 0.03125
0 0.165625 0.5234375 0.040625 0.046875
0 0.33046875 0.59765625 0.0296875 0.0328125
0 0.37578125 0.4125 0.0359375 0.034375
0 0.4296875 0.4484375 0.03125 0.03125
0 0.50625 0.48515625 0.040625 0.0359375
0 0.5734375 0.5203125 0.065625 0.059375
0 0.81640625 0.528125 0.0390625 0.04375
0 0.8671875 0.59453125 0.0375 0.0453125
0 0.97890625 0.628125 0.0421875 0.046875
0 0.89765625 0.553125 0.0328125 0.0375
0 0.9859375 0.5078125 0.028125 0.04375
0 0.96328125 0.4125 0.0609375 0.05625
0 0.7390625 0.42109375 0.034375 0.0359375
0 0.5890625 0.45546875 0.05 0.0453125
0 0.08828125 0.31484375 0.0359375 0.0390625
0 0.1296875 0.34140625 0.025 0.0265625
0 0.18515625 0.365625 0.0484375 0.05625
0 0.4359375 0.284375 0.040625 0.05
0 0.53515625 0.26171875 0.0515625 0.0640625
0 0.603125 0.1875 0.046875 0.05625
0 0.6171875 0.25625 0.053125 0.040625
0 0.8359375 0.23359375 0.05 0.0515625
0 0.96640625 0.11015625 0.0546875 0.0453125
0 0.890625 0.03046875 0.046875 0.0421875
0 0.61875 0.08671875 0.053125 0.0546875
0 0.4796875 0.13515625 0.05625 0.0484375
0 0.53671875 0.071875 0.0390625 0.053125
0 0.39453125 0.0625 0.0546875 0.04375
0 0.36015625 0.1296875 0.0390625 0.040625
0 0.33203125 0.2515625 0.0265625 0.05
0 0.29765625 0.27578125 0.0296875 0.0421875
0 0.09375 0.22578125 0.046875 0.0328125
0 0.16484375 0.23515625 0.0421875 0.0421875
0 0.13046875 0.13046875 0.0546875 0.0421875
0 0.1578125 0.0828125 0.053125 0.046875
0 0.0234375 0.03359375 0.034375 0.0390625
0 0.4625 0.38359375 0.05 0.0421875