0 0.89609375 0.87734375 0.0484375 0.0625
0 0.9109375 0.92109375 0.0375 0.0578125
0 0.878125 0.9359375 0.0375 0.071875
0 0.77890625 0.95234375 0.0328125 0.065625
0 0.7015625 0.9609375 0.0453125 0.065625
0 0.65859375 0.82578125 0.0421875 0.075
0 0.8546875 0.68046875 0.028125 0.06875
0 0.90390625 0.75859375 0.034375 0.0703125
0 0.84453125 0.77734375 0.0328125 0.05625
0 0.8125 0.84296875 0.0328125 0.053125
0 0.5359375 0.6828125 0.040625 0.059375
0 0.53046875 0.7546875 0.0453125 0.075
0 0.6265625 0.72734375 0.03125 0.04375
0 0.46796875 0.98046875 0.034375 0.0390625
0 0.2796875 0.88359375 0.03125 0.0609375
0 0.2703125 0.9546875 0.034375 0.06875
0 0.2359375 0.8296875 0.025 0.0515625
0 0.2359375 0.70234375 0.040625 0.06875
0 0.37109375 0.65859375 0.0359375 0.0625
0 0.5609375 0.5125 0.053125 0.0671875
0 0.49921875 0.54296875 0.0421875 0.040625
0 0.46953125 0.55234375 0.0390625 0.065625
0 0.4234375 0.5359375 0.040625 0.0734375
0 0.12421875 0.9671875 0.0296875 0.065625
0 0.0859375 0.94296875 0.0453125 0.0625
0 0.171875 0.52734375 0.05 0.05625
0 0.13359375 0.58984375 0.0390625 0.0546875
0 0.0703125 0.5234375 0.0375 0.0671875
0 0.2859375 0.5453125 0.04375 0.0578125
0 0.3953125 0.353125 0.0375 0.065625
0 0.696875 0.4359375 0.046875 0.0609375
0 0.90390625 0.57734375 0.0453125 0.05
0 0.8515625 0.528125 0.034375 0.053125
0 0.81640625 0.590625 0.0421875 0.05
0 0.5703125 0.190625 0.034375 0.0546875
0 0.30234375 0.25546875 0.0203125 0.05
0 0.2734375 0.24140625 0.040625 0.0546875
0 0.53671875 0.2890625 0.0234375 0.046875
0 0.7296875 0.165625 0.0375 0.0515625
0 0.8890625 0.19375 0.028125 0.0609375
0 0.95546875 0.959375 0.034375 0.04375
0 0.15 0.66328125 0.025 0.0609375
0 0.0828125 0.6484375 0.04375 0.0625
0 0.18671875 0.6765625 0.0328125 0.0546875