0 0.0375 0.1890625 0.028125 0.0546875
0 0.0828125 0.2078125 0.021875 0.053125
0 0.08125 0.14921875 0.0171875 0.0296875
0 0.0953125 0.11015625 0.015625 0.0328125
0 0.11171875 0.0703125 0.01875 0.0265625
0 0.15859375 0.04609375 0.025 0.053125
0 0.09609375 0.3359375 0.025 0.05625
0 0.11484375 0.26328125 0.0296875 0.053125
0 0.1234375 0.22578125 0.0328125 0.0625
0 0.1984375 0.16484375 0.0296875 0.053125
0 0.2546875 0.12109375 0.025 0.0296875
0 0.29609375 0.09921875 0.0296875 0.0421875
0 0.38046875 0.078125 0.021875 0.0359375
0 0.40859375 0.02890625 0.0234375 0.04375
0 0.14921875 0.29453125 0.025 0.0390625
0 0.02265625 0.284375 0.0265625 0.0359375
0 0.040625 0.30390625 0.0171875 0.021875
0 0.10234375 0.40625 0.025 0.0609375
0 0.021875 0.43046875 0.01875 0.0328125
0 0.034375 0.45859375 0.0203125 0.0296875
0 0.0515625 0.44140625 0.021875 0.0328125
0 0.04609375 0.4125 0.025 0.0359375
0 0.08125 0.56015625 0.0296875 0.0421875
0 0.0140625 0.56484375 0.028125 0.0515625
0 0.028125 0.6296875 0.028125 0.04375
0 0.18984375 0.68984375 0.0328125 0.0515625
0 0.2171875 0.6265625 0.03125 0.0421875
0 0.1984375 0.58359375 0.0203125 0.0390625
0 0.2609375 0.3734375 0.015625 0.03125
0 0.28359375 0.37421875 0.0234375 0.04375
0 0.3234375 0.35234375 0.028125 0.0390625
0 0.22109375 0.33125 0.0203125 0.028125
0 0.2640625 0.65703125 0.0140625 0.0421875
0 0.28984375 0.65 0.0265625 0.04375
0 0.33828125 0.61640625 0.0296875 0.046875
0 0.3828125 0.578125 0.028125 0.05625
0 0.46015625 0.56171875 0.03125 0.0546875
0 0.565625 0.33203125 0.0265625 0.0390625
0 0.52265625 0.3796875 0.028125 0.0625
0 0.5046875 0.190625 0.03125 0.0421875
0 0.5671875 0.23828125 0.0234375 0.0359375
0 0.57890625 0.1296875 0.0265625 0.034375
0 0.57265625 0.09453125 0.01875 0.0421875
0 0.49609375 0.13125 0.01875 0.028125
0 0.5203125 0.084375 0.01875 0.0359375
0 0.43828125 0.14921875 0.0234375 0.0375
0 0.459375 0.11328125 0.0171875 0.0296875
0 0.6109375 0.36015625 0.0171875 0.0390625
0 0.61484375 0.29453125 0.01875 0.0328125
0 0.63125 0.3703125 0.0203125 0.0359375
0 0.69765625 0.4171875 0.0171875 0.0296875
0 0.665625 0.54140625 0.0234375 0.0484375
0 0.771875 0.4359375 0.0265625 0.04375
0 0.7859375 0.47734375 0.0203125 0.028125
0 0.60390625 0.78125 0.03125 0.046875
0 0.42421875 0.8984375 0.025 0.05625
0 0.7984375 0.15625 0.015625 0.0359375
0 0.8078125 0.25234375 0.0171875 0.0296875
0 0.80234375 0.22421875 0.0171875 0.0359375
0 0.90234375 0.2203125 0.01875 0.040625
0 0.8953125 0.15546875 0.01875 0.0328125
0 0.89296875 0.12890625 0.0234375 0.0359375
0 0.91328125 0.1984375 0.01875 0.034375
0 0.91328125 0.17265625 0.0234375 0.0328125
0 0.84296875 0.3109375 0.0171875 0.0375
0 0.94765625 0.1296875 0.0234375 0.040625
0 0.93984375 0.09375 0.0234375 0.0375
0 0.97578125 0.21484375 0.021875 0.0421875
0 0.98671875 0.16328125 0.0171875 0.040625
0 0.9765625 0.3453125 0.025 0.0375
0 0.98984375 0.64765625 0.01875 0.0390625
0 0.5890625 0.68671875 0.021875 0.028125
0 0.653125 0.6125 0.03125 0.046875
0 0.578125 0.65234375 0.0171875 0.0328125
0 0.57109375 0.62265625 0.015625 0.03125
0 0.528125 0.52421875 0.015625 0.034375
0 0.56015625 0.51953125 0.0109375 0.03125
0 0.50234375 0.48828125 0.015625 0.034375
0 0.521875 0.47734375 0.0140625 0.03125
0 0.42890625 0.778125 0.0171875 0.028125
0 0.4234375 0.7484375 0.0234375 0.0328125
0 0.14140625 0.80859375 0.025 0.0390625
0 0.0921875 0.7453125 0.025 0.0515625
0 0.140625 0.9515625 0.025 0.0484375