0 0.62734375 0.50859375 0.178125 0.334375
0 0.39296875 0.578125 0.14375 0.1984375
0 0.45703125 0.20859375 0.178125 0.21875
0 0.07265625 0.5828125 0.134375 0.275
0 0.22734375 0.496875 0.0921875 0.125
0 0.13515625 0.48515625 0.06875 0.1125
0 0.0625 0.36015625 0.046875 0.0859375
0 0.190625 0.171875 0.0625 0.10625
0 0.1515625 0.08984375 0.0875 0.1171875
0 0.2390625 0.10859375 0.0375 0.0703125
0 0.31328125 0.134375 0.09375 0.128125
0 0.35390625 0.271875 0.0859375 0.1390625
0 0.4203125 0.33671875 0.053125 0.0875
0 0.46796875 0.3875 0.075 0.0921875
0 0.50703125 0.5328125 0.09375 0.1078125
0 0.5609375 0.2359375 0.0875 0.1046875
0 0.6953125 0.3109375 0.15625 0.19375
0 0.6625 0.140625 0.0671875 0.078125
0 0.61953125 0.10078125 0.0640625 0.0859375
0 0.88125 0.4859375 0.1359375 0.165625
0 0.94140625 0.0453125 0.0984375 0.090625
0 0.58203125 0.725 0.0828125 0.075
0 0.45703125 0.765625 0.090625 0.13125
0 0.328125 0.8 0.075 0.0875
0 0.6203125 0.9390625 0.15 0.121875
0 0.45234375 0.9265625 0.084375 0.1046875
0 0.02578125 0.9390625 0.0515625 0.09375
0 0.77265625 0.71171875 0.065625 0.0921875
0 0.696875 0.7625 0.065625 0.0859375
0 0.80234375 0.80078125 0.0515625 0.0859375
0 0.86484375 0.80078125 0.05625 0.06875
0 0.9265625 0.6484375 0.0640625 0.115625
0 0.884375 0.96171875 0.053125 0.0765625
0 0.30078125 0.4328125 0.0609375 0.0703125