0 0.40546875 0.2546875 0.1375 0.215625
0 0.33125 0.35234375 0.0875 0.1125
0 0.21484375 0.15546875 0.11875 0.1359375
0 0.1125 0.06484375 0.109375 0.121875
0 0.11796875 0.4421875 0.1140625 0.1875
0 0.09140625 0.575 0.0875 0.1
0 0.2546875 0.57109375 0.0765625 0.10625
0 0.32890625 0.5296875 0.0921875 0.10625
0 0.2546875 0.44765625 0.0703125 0.115625
0 0.39765625 0.4453125 0.0625 0.0765625
0 0.40546875 0.38671875 0.05 0.0734375
0 0.42734375 0.4890625 0.04375 0.05625
0 0.48515625 0.45703125 0.065625 0.0859375
0 0.465625 0.54765625 0.05 0.065625
0 0.52734375 0.565625 0.059375 0.075
0 0.50078125 0.3546875 0.075 0.09375
0 0.48359375 0.2609375 0.075 0.0859375
0 0.4765625 0.04609375 0.075 0.0921875
0 0.59765625 0.50703125 0.103125 0.159375
0 0.71171875 0.59140625 0.1640625 0.2421875
0 0.73203125 0.81640625 0.096875 0.1421875
0 0.83046875 0.47265625 0.0953125 0.1046875
0 0.953125 0.478125 0.09375 0.134375
0 0.90390625 0.1921875 0.1 0.13125
0 0.81328125 0.0984375 0.0734375 0.10625
0 0.77890625 0.2046875 0.0515625 0.0796875
0 0.81015625 0.2984375 0.065625 0.10625
0 0.75703125 0.30625 0.0515625 0.0703125
0 0.79609375 0.62265625 0.0546875 0.096875