0 0.64375 0.678125 0.0390625 0.0421875
0 0.61171875 0.73359375 0.0640625 0.0546875
0 0.54765625 0.71484375 0.0734375 0.053125
0 0.7703125 0.7671875 0.059375 0.053125
0 0.921875 0.634375 0.0765625 0.0640625
0 0.9703125 0.69921875 0.059375 0.0765625
0 0.9015625 0.709375 0.065625 0.059375
0 0.8046875 0.5296875 0.0453125 0.05625
0 0.71484375 0.8078125 0.0515625 0.0421875
0 0.63671875 0.7953125 0.0453125 0.046875
0 0.5796875 0.790625 0.059375 0.0515625
0 0.57890625 0.51328125 0.0765625 0.0515625
0 0.415625 0.503125 0.0640625 0.0515625
0 0.67890625 0.4203125 0.0671875 0.05625
0 0.959375 0.403125 0.0734375 0.059375
0 0.94921875 0.3109375 0.0515625 0.05
0 0.90859375 0.321875 0.0484375 0.046875
0 0.93046875 0.20625 0.0390625 0.05
0 0.6765625 0.2484375 0.0546875 0.046875
0 0.6328125 0.315625 0.0546875 0.065625
0 0.51328125 0.24140625 0.05 0.059375
0 0.4578125 0.21328125 0.078125 0.0375
0 0.42734375 0.18203125 0.0703125 0.053125
0 0.49453125 0.0890625 0.0625 0.0484375
0 0.2375 0.2 0.059375 0.0703125
0 0.22734375 0.0921875 0.071875 0.0734375
0 0.178125 0.1578125 0.065625 0.065625
0 0.35546875 0.37421875 0.0546875 0.0609375
0 0.18046875 0.35703125 0.053125 0.059375
0 0.19296875 0.4125 0.0640625 0.0515625
0 0.2734375 0.68984375 0.0609375 0.0625
0 0.271875 0.8125 0.059375 0.071875
0 0.10859375 0.78046875 0.0546875 0.06875
0 0.07890625 0.8296875 0.0625 0.059375
0 0.065625 0.5578125 0.05 0.053125
0 0.17109375 0.571875 0.065625 0.06875
0 0.5671875 0.94453125 0.0765625 0.05
0 0.7390625 0.64921875 0.053125 0.046875
0 0.93046875 0.8453125 0.059375 0.0546875
0 0.96328125 0.76015625 0.065625 0.0546875