0 0.10390625 0.12265625 0.0484375 0.0625
0 0.0890625 0.07890625 0.0375 0.0578125
0 0.121875 0.0640625 0.0375 0.071875
0 0.22109375 0.04765625 0.0328125 0.065625
0 0.2984375 0.0390625 0.0453125 0.065625
0 0.34140625 0.17421875 0.0421875 0.075
0 0.1453125 0.31953125 0.028125 0.06875
0 0.09609375 0.24140625 0.034375 0.0703125
0 0.15546875 0.22265625 0.0328125 0.05625
0 0.1875 0.15703125 0.0328125 0.053125
0 0.4640625 0.3171875 0.040625 0.059375
0 0.46953125 0.2453125 0.0453125 0.075
0 0.3734375 0.27265625 0.03125 0.04375
0 0.53203125 0.01953125 0.034375 0.0390625
0 0.7203125 0.11640625 0.03125 0.0609375
0 0.7296875 0.0453125 0.034375 0.06875
0 0.7640625 0.1703125 0.025 0.0515625
0 0.7640625 0.29765625 0.040625 0.06875
0 0.62890625 0.34140625 0.0359375 0.0625
0 0.4390625 0.4875 0.053125 0.0671875
0 0.50078125 0.45703125 0.0421875 0.040625
0 0.53046875 0.44765625 0.0390625 0.065625
0 0.5765625 0.4640625 0.040625 0.0734375
0 0.87578125 0.0328125 0.0296875 0.065625
0 0.9140625 0.05703125 0.0453125 0.0625
0 0.828125 0.47265625 0.05 0.05625
0 0.86640625 0.41015625 0.0390625 0.0546875
0 0.9296875 0.4765625 0.0375 0.0671875
0 0.7140625 0.4546875 0.04375 0.0578125
0 0.6046875 0.646875 0.0375 0.065625
0 0.303125 0.5640625 0.046875 0.0609375
0 0.09609375 0.42265625 0.0453125 0.05
0 0.1484375 0.471875 0.034375 0.053125
0 0.18359375 0.409375 0.0421875 0.05
0 0.4296875 0.809375 0.034375 0.0546875
0 0.69765625 0.74453125 0.0203125 0.05
0 0.7265625 0.75859375 0.040625 0.0546875
0 0.46328125 0.7109375 0.0234375 0.046875
0 0.2703125 0.834375 0.0375 0.0515625
0 0.1109375 0.80625 0.028125 0.0609375
0 0.04453125 0.040625 0.034375 0.04375
0 0.85 0.33671875 0.025 0.0609375
0 0.9171875 0.3515625 0.04375 0.0625
0 0.81328125 0.3234375 0.0328125 0.0546875