0 0.8984375 0.93515625 0.0375 0.0546875
0 0.73828125 0.721875 0.0390625 0.065625
0 0.78984375 0.5671875 0.0265625 0.0453125
0 0.74296875 0.5046875 0.0328125 0.0734375
0 0.74921875 0.578125 0.0484375 0.0515625
0 0.79609375 0.6125 0.0328125 0.06875
0 0.7765625 0.32578125 0.0375 0.0515625
0 0.74921875 0.37890625 0.034375 0.065625
0 0.98203125 0.40625 0.0328125 0.06875
0 0.8609375 0.80390625 0.03125 0.0546875
0 0.8078125 0.90625 0.028125 0.05625
0 0.70234375 0.82578125 0.0265625 0.05625
0 0.621875 0.765625 0.0234375 0.05625
0 0.48984375 0.8703125 0.0359375 0.04375
0 0.59140625 0.54609375 0.0234375 0.0421875
0 0.640625 0.59140625 0.034375 0.04375
0 0.56328125 0.59765625 0.03125 0.0515625
0 0.48125 0.62578125 0.028125 0.078125
0 0.4828125 0.690625 0.025 0.0703125
0 0.5625 0.4484375 0.021875 0.059375
0 0.36484375 0.478125 0.0390625 0.05625
0 0.40078125 0.5109375 0.0296875 0.0609375
0 0.41796875 0.5859375 0.0265625 0.0703125
0 0.43828125 0.65703125 0.0359375 0.06875
0 0.3859375 0.9171875 0.0203125 0.05625
0 0.25390625 0.68359375 0.0328125 0.053125
0 0.2375 0.78515625 0.03125 0.05625
0 0.21171875 0.78515625 0.0359375 0.05625
0 0.18359375 0.80078125 0.0265625 0.0609375
0 0.19296875 0.8671875 0.0296875 0.05
0 0.1765625 0.909375 0.021875 0.05
0 0.1875 0.56484375 0.025 0.0546875
0 0.07265625 0.36875 0.025 0.065625
0 0.271875 0.29453125 0.034375 0.0625
0 0.44296875 0.3296875 0.0328125 0.0515625
0 0.40625 0.25078125 0.03125 0.0546875
0 0.5953125 0.2484375 0.0328125 0.05625
0 0.54609375 0.30078125 0.0390625 0.05
0 0.4421875 0.11484375 0.028125 0.05625
0 0.36640625 0.34609375 0.0296875 0.0671875
0 0.15078125 0.1671875 0.025 0.059375
0 0.32890625 0.04140625 0.03125 0.0546875
0 0.91328125 0.0296875 0.0359375 0.059375
0 0.8953125 0.05703125 0.034375 0.059375