0 0.35625 0.678125 0.0390625 0.0421875
0 0.38828125 0.73359375 0.0640625 0.0546875
0 0.45234375 0.71484375 0.0734375 0.053125
0 0.2296875 0.7671875 0.059375 0.053125
0 0.078125 0.634375 0.0765625 0.0640625
0 0.0296875 0.69921875 0.059375 0.0765625
0 0.0984375 0.709375 0.065625 0.059375
0 0.1953125 0.5296875 0.0453125 0.05625
0 0.28515625 0.8078125 0.0515625 0.0421875
0 0.36328125 0.7953125 0.0453125 0.046875
0 0.4203125 0.790625 0.059375 0.0515625
0 0.42109375 0.51328125 0.0765625 0.0515625
0 0.584375 0.503125 0.0640625 0.0515625
0 0.32109375 0.4203125 0.0671875 0.05625
0 0.040625 0.403125 0.0734375 0.059375
0 0.05078125 0.3109375 0.0515625 0.05
0 0.09140625 0.321875 0.0484375 0.046875
0 0.06953125 0.20625 0.0390625 0.05
0 0.3234375 0.2484375 0.0546875 0.046875
0 0.3671875 0.315625 0.0546875 0.065625
0 0.48671875 0.24140625 0.05 0.059375
0 0.5421875 0.21328125 0.078125 0.0375
0 0.57265625 0.18203125 0.0703125 0.053125
0 0.50546875 0.0890625 0.0625 0.0484375
0 0.7625 0.2 0.059375 0.0703125
0 0.77265625 0.0921875 0.071875 0.0734375
0 0.821875 0.1578125 0.065625 0.065625
0 0.64453125 0.37421875 0.0546875 0.0609375
0 0.81953125 0.35703125 0.053125 0.059375
0 0.80703125 0.4125 0.0640625 0.0515625
0 0.7265625 0.68984375 0.0609375 0.0625
0 0.728125 0.8125 0.059375 0.071875
0 0.89140625 0.78046875 0.0546875 0.06875
0 0.92109375 0.8296875 0.0625 0.059375
0 0.934375 0.5578125 0.05 0.053125
0 0.82890625 0.571875 0.065625 0.06875
0 0.4328125 0.94453125 0.0765625 0.05
0 0.2609375 0.64921875 0.053125 0.046875
0 0.06953125 0.8453125 0.059375 0.0546875
0 0.03671875 0.76015625 0.065625 0.0546875