0 0.1015625 0.06484375 0.0375 0.0546875
0 0.26171875 0.278125 0.0390625 0.065625
0 0.21015625 0.4328125 0.0265625 0.0453125
0 0.25703125 0.4953125 0.0328125 0.0734375
0 0.25078125 0.421875 0.0484375 0.0515625
0 0.20390625 0.3875 0.0328125 0.06875
0 0.2234375 0.67421875 0.0375 0.0515625
0 0.25078125 0.62109375 0.034375 0.065625
0 0.01796875 0.59375 0.0328125 0.06875
0 0.1390625 0.19609375 0.03125 0.0546875
0 0.1921875 0.09375 0.028125 0.05625
0 0.29765625 0.17421875 0.0265625 0.05625
0 0.378125 0.234375 0.0234375 0.05625
0 0.51015625 0.1296875 0.0359375 0.04375
0 0.40859375 0.45390625 0.0234375 0.0421875
0 0.359375 0.40859375 0.034375 0.04375
0 0.43671875 0.40234375 0.03125 0.0515625
0 0.51875 0.37421875 0.028125 0.078125
0 0.5171875 0.309375 0.025 0.0703125
0 0.4375 0.5515625 0.021875 0.059375
0 0.63515625 0.521875 0.0390625 0.05625
0 0.59921875 0.4890625 0.0296875 0.0609375
0 0.58203125 0.4140625 0.0265625 0.0703125
0 0.56171875 0.34296875 0.0359375 0.06875
0 0.6140625 0.0828125 0.0203125 0.05625
0 0.74609375 0.31640625 0.0328125 0.053125
0 0.7625 0.21484375 0.03125 0.05625
0 0.78828125 0.21484375 0.0359375 0.05625
0 0.81640625 0.19921875 0.0265625 0.0609375
0 0.80703125 0.1328125 0.0296875 0.05
0 0.8234375 0.090625 0.021875 0.05
0 0.8125 0.43515625 0.025 0.0546875
0 0.92734375 0.63125 0.025 0.065625
0 0.728125 0.70546875 0.034375 0.0625
0 0.55703125 0.6703125 0.0328125 0.0515625
0 0.59375 0.74921875 0.03125 0.0546875
0 0.4046875 0.7515625 0.0328125 0.05625
0 0.45390625 0.69921875 0.0390625 0.05
0 0.5578125 0.88515625 0.028125 0.05625
0 0.63359375 0.65390625 0.0296875 0.0671875
0 0.84921875 0.8328125 0.025 0.059375
0 0.67109375 0.95859375 0.03125 0.0546875
0 0.08671875 0.9703125 0.0359375 0.059375
0 0.1046875 0.94296875 0.034375 0.059375