0 0.9625 0.1890625 0.028125 0.0546875
0 0.9171875 0.2078125 0.021875 0.053125
0 0.91875 0.14921875 0.0171875 0.0296875
0 0.9046875 0.11015625 0.015625 0.0328125
0 0.88828125 0.0703125 0.01875 0.0265625
0 0.84140625 0.04609375 0.025 0.053125
0 0.90390625 0.3359375 0.025 0.05625
0 0.88515625 0.26328125 0.0296875 0.053125
0 0.8765625 0.22578125 0.0328125 0.0625
0 0.8015625 0.16484375 0.0296875 0.053125
0 0.7453125 0.12109375 0.025 0.0296875
0 0.70390625 0.09921875 0.0296875 0.0421875
0 0.61953125 0.078125 0.021875 0.0359375
0 0.59140625 0.02890625 0.0234375 0.04375
0 0.85078125 0.29453125 0.025 0.0390625
0 0.97734375 0.284375 0.0265625 0.0359375
0 0.959375 0.30390625 0.0171875 0.021875
0 0.89765625 0.40625 0.025 0.0609375
0 0.978125 0.43046875 0.01875 0.0328125
0 0.965625 0.45859375 0.0203125 0.0296875
0 0.9484375 0.44140625 0.021875 0.0328125
0 0.95390625 0.4125 0.025 0.0359375
0 0.91875 0.56015625 0.0296875 0.0421875
0 0.9859375 0.56484375 0.028125 0.0515625
0 0.971875 0.6296875 0.028125 0.04375
0 0.81015625 0.68984375 0.0328125 0.0515625
0 0.7828125 0.6265625 0.03125 0.0421875
0 0.8015625 0.58359375 0.0203125 0.0390625
0 0.7390625 0.3734375 0.015625 0.03125
0 0.71640625 0.37421875 0.0234375 0.04375
0 0.6765625 0.35234375 0.028125 0.0390625
0 0.77890625 0.33125 0.0203125 0.028125
0 0.7359375 0.65703125 0.0140625 0.0421875
0 0.71015625 0.65 0.0265625 0.04375
0 0.66171875 0.61640625 0.0296875 0.046875
0 0.6171875 0.578125 0.028125 0.05625
0 0.53984375 0.56171875 0.03125 0.0546875
0 0.434375 0.33203125 0.0265625 0.0390625
0 0.47734375 0.3796875 0.028125 0.0625
0 0.4953125 0.190625 0.03125 0.0421875
0 0.4328125 0.23828125 0.0234375 0.0359375
0 0.42109375 0.1296875 0.0265625 0.034375
0 0.42734375 0.09453125 0.01875 0.0421875
0 0.50390625 0.13125 0.01875 0.028125
0 0.4796875 0.084375 0.01875 0.0359375
0 0.56171875 0.14921875 0.0234375 0.0375
0 0.540625 0.11328125 0.0171875 0.0296875
0 0.3890625 0.36015625 0.0171875 0.0390625
0 0.38515625 0.29453125 0.01875 0.0328125
0 0.36875 0.3703125 0.0203125 0.0359375
0 0.30234375 0.4171875 0.0171875 0.0296875
0 0.334375 0.54140625 0.0234375 0.0484375
0 0.228125 0.4359375 0.0265625 0.04375
0 0.2140625 0.47734375 0.0203125 0.028125
0 0.39609375 0.78125 0.03125 0.046875
0 0.57578125 0.8984375 0.025 0.05625
0 0.2015625 0.15625 0.015625 0.0359375
0 0.1921875 0.25234375 0.0171875 0.0296875
0 0.19765625 0.22421875 0.0171875 0.0359375
0 0.09765625 0.2203125 0.01875 0.040625
0 0.1046875 0.15546875 0.01875 0.0328125
0 0.10703125 0.12890625 0.0234375 0.0359375
0 0.08671875 0.1984375 0.01875 0.034375
0 0.08671875 0.17265625 0.0234375 0.0328125
0 0.15703125 0.3109375 0.0171875 0.0375
0 0.05234375 0.1296875 0.0234375 0.040625
0 0.06015625 0.09375 0.0234375 0.0375
0 0.02421875 0.21484375 0.021875 0.0421875
0 0.01328125 0.16328125 0.0171875 0.040625
0 0.0234375 0.3453125 0.025 0.0375
0 0.01015625 0.64765625 0.01875 0.0390625
0 0.4109375 0.68671875 0.021875 0.028125
0 0.346875 0.6125 0.03125 0.046875
0 0.421875 0.65234375 0.0171875 0.0328125
0 0.42890625 0.62265625 0.015625 0.03125
0 0.471875 0.52421875 0.015625 0.034375
0 0.43984375 0.51953125 0.0109375 0.03125
0 0.49765625 0.48828125 0.015625 0.034375
0 0.478125 0.47734375 0.0140625 0.03125
0 0.57109375 0.778125 0.0171875 0.028125
0 0.5765625 0.7484375 0.0234375 0.0328125
0 0.85859375 0.80859375 0.025 0.0390625
0 0.9078125 0.7453125 0.025 0.0515625
0 0.859375 0.9515625 0.025 0.0484375