0 0.37265625 0.49140625 0.178125 0.334375
0 0.60703125 0.421875 0.14375 0.1984375
0 0.54296875 0.79140625 0.178125 0.21875
0 0.92734375 0.4171875 0.134375 0.275
0 0.77265625 0.503125 0.0921875 0.125
0 0.86484375 0.51484375 0.06875 0.1125
0 0.9375 0.63984375 0.046875 0.0859375
0 0.809375 0.828125 0.0625 0.10625
0 0.8484375 0.91015625 0.0875 0.1171875
0 0.7609375 0.89140625 0.0375 0.0703125
0 0.68671875 0.865625 0.09375 0.128125
0 0.64609375 0.728125 0.0859375 0.1390625
0 0.5796875 0.66328125 0.053125 0.0875
0 0.53203125 0.6125 0.075 0.0921875
0 0.49296875 0.4671875 0.09375 0.1078125
0 0.4390625 0.7640625 0.0875 0.1046875
0 0.3046875 0.6890625 0.15625 0.19375
0 0.3375 0.859375 0.0671875 0.078125
0 0.38046875 0.89921875 0.0640625 0.0859375
0 0.11875 0.5140625 0.1359375 0.165625
0 0.05859375 0.9546875 0.0984375 0.090625
0 0.41796875 0.275 0.0828125 0.075
0 0.54296875 0.234375 0.090625 0.13125
0 0.671875 0.2 0.075 0.0875
0 0.3796875 0.0609375 0.15 0.121875
0 0.54765625 0.0734375 0.084375 0.1046875
0 0.97421875 0.0609375 0.0515625 0.09375
0 0.22734375 0.28828125 0.065625 0.0921875
0 0.303125 0.2375 0.065625 0.0859375
0 0.19765625 0.19921875 0.0515625 0.0859375
0 0.13515625 0.19921875 0.05625 0.06875
0 0.0734375 0.3515625 0.0640625 0.115625
0 0.115625 0.03828125 0.053125 0.0765625
0 0.69921875 0.5671875 0.0609375 0.0703125