0 0.4671875 0.3828125 0.09375 0.11875
0 0.6125 0.275 0.0984375 0.1234375
0 0.66328125 0.23359375 0.08125 0.1140625
0 0.5421875 0.14609375 0.090625 0.1296875
0 0.628125 0.06953125 0.09375 0.090625
0 0.6546875 0.38984375 0.0578125 0.09375
0 0.896875 0.07578125 0.0546875 0.109375
0 0.96875 0.16796875 0.0625 0.0890625
0 0.79609375 0.63046875 0.0453125 0.08125
0 0.85078125 0.66640625 0.0484375 0.075
0 0.85 0.5765625 0.046875 0.0796875
0 0.88046875 0.77421875 0.04375 0.084375
0 0.9359375 0.70703125 0.0515625 0.090625
0 0.94375 0.82890625 0.046875 0.075
0 0.77734375 0.74921875 0.0546875 0.090625
0 0.69921875 0.7171875 0.0625 0.0890625
0 0.7875 0.928125 0.0578125 0.0921875
0 0.67109375 0.925 0.0671875 0.0828125
0 0.51328125 0.7796875 0.0359375 0.0609375
0 0.53828125 0.734375 0.0515625 0.075
0 0.7203125 0.603125 0.0515625 0.0625
0 0.3140625 0.16328125 0.065625 0.09375
0 0.14609375 0.27109375 0.06875 0.0796875
0 0.21484375 0.24140625 0.065625 0.065625
0 0.053125 0.27265625 0.059375 0.084375
0 0.0828125 0.20703125 0.0515625 0.0796875
0 0.1359375 0.18984375 0.0515625 0.0859375
0 0.05703125 0.55078125 0.053125 0.071875
0 0.0796875 0.49765625 0.0609375 0.08125
0 0.07578125 0.40703125 0.0671875 0.0875
0 0.1203125 0.38046875 0.05 0.075
0 0.16015625 0.49296875 0.0625 0.103125
0 0.1671875 0.4109375 0.05 0.0703125
0 0.11328125 0.865625 0.06875 0.078125
0 0.17265625 0.96484375 0.059375 0.0703125
0 0.02109375 0.6796875 0.0421875 0.084375
0 0.21015625 0.6890625 0.0453125 0.0671875
0 0.2546875 0.7890625 0.05 0.0578125
0 0.3484375 0.02421875 0.078125 0.0484375