0 0.5328125 0.6171875 0.09375 0.11875
0 0.3875 0.725 0.0984375 0.1234375
0 0.33671875 0.76640625 0.08125 0.1140625
0 0.4578125 0.85390625 0.090625 0.1296875
0 0.371875 0.93046875 0.09375 0.090625
0 0.3453125 0.61015625 0.0578125 0.09375
0 0.103125 0.92421875 0.0546875 0.109375
0 0.03125 0.83203125 0.0625 0.0890625
0 0.20390625 0.36953125 0.0453125 0.08125
0 0.14921875 0.33359375 0.0484375 0.075
0 0.15 0.4234375 0.046875 0.0796875
0 0.11953125 0.22578125 0.04375 0.084375
0 0.0640625 0.29296875 0.0515625 0.090625
0 0.05625 0.17109375 0.046875 0.075
0 0.22265625 0.25078125 0.0546875 0.090625
0 0.30078125 0.2828125 0.0625 0.0890625
0 0.2125 0.071875 0.0578125 0.0921875
0 0.32890625 0.075 0.0671875 0.0828125
0 0.48671875 0.2203125 0.0359375 0.0609375
0 0.46171875 0.265625 0.0515625 0.075
0 0.2796875 0.396875 0.0515625 0.0625
0 0.6859375 0.83671875 0.065625 0.09375
0 0.85390625 0.72890625 0.06875 0.0796875
0 0.78515625 0.75859375 0.065625 0.065625
0 0.946875 0.72734375 0.059375 0.084375
0 0.9171875 0.79296875 0.0515625 0.0796875
0 0.8640625 0.81015625 0.0515625 0.0859375
0 0.94296875 0.44921875 0.053125 0.071875
0 0.9203125 0.50234375 0.0609375 0.08125
0 0.92421875 0.59296875 0.0671875 0.0875
0 0.8796875 0.61953125 0.05 0.075
0 0.83984375 0.50703125 0.0625 0.103125
0 0.8328125 0.5890625 0.05 0.0703125
0 0.88671875 0.134375 0.06875 0.078125
0 0.82734375 0.03515625 0.059375 0.0703125
0 0.97890625 0.3203125 0.0421875 0.084375
0 0.78984375 0.3109375 0.0453125 0.0671875
0 0.7453125 0.2109375 0.05 0.0578125
0 0.6515625 0.97578125 0.078125 0.0484375