0 0.571875 0.46640625 0.1265625 0.259375
0 0.459375 0.22421875 0.140625 0.225
0 0.2515625 0.11484375 0.15625 0.228125
0 0.05078125 0.26328125 0.1015625 0.2046875
0 0.046875 0.4890625 0.09375 0.1828125
0 0.24140625 0.83984375 0.184375 0.3203125
0 0.47421875 0.69453125 0.121875 0.184375
0 0.734375 0.77890625 0.1375 0.234375
0 0.7453125 0.12421875 0.184375 0.2484375
0 0.740625 0.3015625 0.1109375 0.1578125
0 0.9 0.45625 0.1015625 0.2046875
0 0.9578125 0.81953125 0.084375 0.2140625
0 0.68203125 0.94921875 0.0890625 0.1015625
0 0.28203125 0.3078125 0.0828125 0.1453125
0 0.55390625 0.08828125 0.078125 0.1359375