0 0.428125 0.53359375 0.1265625 0.259375
0 0.540625 0.77578125 0.140625 0.225
0 0.7484375 0.88515625 0.15625 0.228125
0 0.94921875 0.73671875 0.1015625 0.2046875
0 0.953125 0.5109375 0.09375 0.1828125
0 0.75859375 0.16015625 0.184375 0.3203125
0 0.52578125 0.30546875 0.121875 0.184375
0 0.265625 0.22109375 0.1375 0.234375
0 0.2546875 0.87578125 0.184375 0.2484375
0 0.259375 0.6984375 0.1109375 0.1578125
0 0.1 0.54375 0.1015625 0.2046875
0 0.0421875 0.18046875 0.084375 0.2140625
0 0.31796875 0.05078125 0.0890625 0.1015625
0 0.71796875 0.6921875 0.0828125 0.1453125
0 0.44609375 0.91171875 0.078125 0.1359375