0 0.36953125 0.809375 0.0640625 0.1578125
0 0.3421875 0.603125 0.053125 0.2
0 0.503125 0.5984375 0.0515625 0.190625
0 0.39609375 0.128125 0.0625 0.25625
0 0.57421875 0.76796875 0.0546875 0.11875
0 0.5859375 0.875 0.0734375 0.1265625
0 0.76640625 0.8125 0.0359375 0.090625
0 0.90234375 0.81875 0.0546875 0.103125
0 0.96171875 0.403125 0.040625 0.10625
0 0.61953125 0.428125 0.046875 0.10625
0 0.6203125 0.2703125 0.0484375 0.09375
0 0.084375 0.73046875 0.028125 0.10625
0 0.10859375 0.24765625 0.0359375 0.071875
0 0.15078125 0.0765625 0.059375 0.0953125
0 0.1515625 0.1734375 0.0375 0.0921875
0 0.23671875 0.10234375 0.0390625 0.090625
0 0.20234375 0.8203125 0.046875 0.1
0 0.215625 0.66484375 0.04375 0.1140625
0 0.6875 0.6515625 0.05 0.1046875
0 0.675 0.42578125 0.028125 0.0984375
0 0.46328125 0.240625 0.040625 0.0984375
0 0.353125 0.2671875 0.075 0.1
0 0.4078125 0.865625 0.05625 0.1015625
0 0.709375 0.415625 0.0359375 0.0875