0 0.7140625 0.25234375 0.046875 0.059375
0 0.8125 0.29609375 0.0359375 0.05
0 0.9734375 0.02265625 0.0234375 0.03125
0 0.91484375 0.0171875 0.03125 0.034375
0 0.86875 0.01796875 0.0359375 0.0359375
0 0.80546875 0.0359375 0.01875 0.0390625
0 0.7640625 0.03125 0.0265625 0.0390625
0 0.7453125 0.0421875 0.0234375 0.0328125
0 0.971875 0.0890625 0.0234375 0.0265625
0 0.94140625 0.071875 0.0390625 0.0359375
0 0.91484375 0.0515625 0.03125 0.034375
0 0.8703125 0.05625 0.0375 0.0328125
0 0.84609375 0.05390625 0.021875 0.028125
0 0.83515625 0.075 0.034375 0.04375
0 0.80703125 0.0765625 0.0234375 0.028125
0 0.78359375 0.078125 0.0296875 0.0390625
0 0.740625 0.08984375 0.0265625 0.028125
0 0.98671875 0.20078125 0.0265625 0.0609375
0 0.93515625 0.14296875 0.040625 0.0421875
0 0.89609375 0.0875 0.040625 0.0359375
0 0.85625 0.14609375 0.03125 0.046875
0 0.778125 0.1390625 0.0265625 0.040625
0 0.7515625 0.13515625 0.03125 0.0421875
0 0.86796875 0.215625 0.0375 0.0484375
0 0.83125 0.2125 0.0328125 0.046875
0 0.9859375 0.3265625 0.028125 0.046875
0 0.98671875 0.403125 0.0265625 0.046875
0 0.94140625 0.34609375 0.0328125 0.0359375
0 0.9 0.37890625 0.0453125 0.0578125
0 0.83515625 0.42421875 0.040625 0.0484375
0 0.79921875 0.390625 0.034375 0.0390625
0 0.746875 0.34140625 0.0546875 0.05625
0 0.70234375 0.4046875 0.03125 0.0453125
0 0.77421875 0.4390625 0.03125 0.046875
0 0.7453125 0.4171875 0.0296875 0.04375
0 0.93984375 0.503125 0.0421875 0.0421875
0 0.8734375 0.61171875 0.04375 0.0734375
0 0.9859375 0.83046875 0.028125 0.0484375
0 0.98203125 0.8921875 0.0359375 0.034375
0 0.9296875 0.91875 0.0421875 0.0484375
0 0.965625 0.94921875 0.0375 0.05
0 0.9203125 0.775 0.034375 0.040625
0 0.846875 0.7859375 0.046875 0.0515625
0 0.8140625 0.68125 0.04375 0.0671875
0 0.74375 0.596875 0.0265625 0.0515625
0 0.69765625 0.5375 0.034375 0.046875
0 0.878125 0.984375 0.0390625 0.03125
0 0.80703125 0.87109375 0.0296875 0.0359375
0 0.76953125 0.86484375 0.0234375 0.03125
0 0.57265625 0.20625 0.04375 0.0640625
0 0.57578125 0.0546875 0.046875 0.0515625
0 0.4109375 0.05859375 0.0375 0.0421875
0 0.42265625 0.103125 0.034375 0.034375
0 0.30234375 0.0234375 0.0359375 0.040625
0 0.16640625 0.0375 0.040625 0.040625
0 0.128125 0.040625 0.0375 0.040625
0 0.13359375 0.14453125 0.0421875 0.0515625
0 0.03046875 0.25703125 0.034375 0.046875
0 0.18984375 0.328125 0.0484375 0.0734375
0 0.28125 0.30546875 0.0515625 0.0515625
0 0.28125 0.215625 0.05625 0.0546875
0 0.115625 0.33125 0.0375 0.0546875
0 0.18203125 0.42578125 0.0390625 0.04375
0 0.153125 0.42734375 0.0328125 0.0359375
0 0.11328125 0.43359375 0.0234375 0.025
0 0.1375 0.459375 0.0328125 0.0390625
0 0.20859375 0.4625 0.03125 0.0390625
0 0.2890625 0.375 0.05 0.0453125
0 0.42421875 0.41484375 0.034375 0.0390625
0 0.384375 0.225 0.0359375 0.046875
0 0.3125 0.13359375 0.03125 0.0390625
0 0.48984375 0.28203125 0.034375 0.05
0 0.43203125 0.30546875 0.0390625 0.04375
0 0.38671875 0.359375 0.034375 0.0421875
0 0.484375 0.3703125 0.040625 0.05
0 0.43046875 0.34921875 0.0328125 0.0359375
0 0.58671875 0.33515625 0.03125 0.0359375
0 0.534375 0.3890625 0.04375 0.04375
0 0.58515625 0.53984375 0.0421875 0.0578125
0 0.54609375 0.4984375 0.0359375 0.04375
0 0.4546875 0.5078125 0.0359375 0.0421875
0 0.4078125 0.58671875 0.034375 0.046875
0 0.2578125 0.546875 0.0359375 0.04375
0 0.190625 0.53359375 0.0328125 0.034375
0 0.159375 0.603125 0.040625 0.04375
0 0.12265625 0.6390625 0.040625 0.0421875
0 0.06328125 0.66484375 0.034375 0.046875
0 0.125 0.75234375 0.040625 0.0546875
0 0.60625 0.7359375 0.0515625 0.0484375
0 0.6109375 0.8109375 0.0515625 0.071875
0 0.83984375 0.52578125 0.05 0.046875
0 0.61875 0.41953125 0.025 0.0390625
0 0.61015625 0.46484375 0.0359375 0.0421875
0 0.4828125 0.596875 0.034375 0.040625
0 0.45078125 0.58046875 0.0390625 0.0390625
0 0.4546875 0.640625 0.046875 0.0421875
0 0.41484375 0.6453125 0.0421875 0.0546875
0 0.428125 0.7171875 0.0390625 0.05
0 0.35546875 0.74296875 0.0484375 0.0671875
0 0.2671875 0.746875 0.04375 0.05625
0 0.221875 0.71640625 0.05 0.0484375
0 0.146875 0.88203125 0.05 0.078125
0 0.11171875 0.97265625 0.0375 0.0421875
0 0.3171875 0.85859375 0.0375 0.046875
0 0.30234375 0.9703125 0.0390625 0.0515625
0 0.57109375 0.97578125 0.046875 0.0484375
0 0.5109375 0.9296875 0.0515625 0.0546875
0 0.4734375 0.93359375 0.0359375 0.0375
0 0.45546875 0.90234375 0.03125 0.04375
0 0.4375 0.81015625 0.046875 0.0484375
0 0.38046875 0.85 0.03125 0.0484375
0 0.384375 0.9578125 0.0265625 0.040625
0 0.46796875 0.98515625 0.028125 0.0296875