0 0.909375 0.06640625 0.053125 0.0671875
0 0.840625 0.14453125 0.0515625 0.071875
0 0.384375 0.16875 0.065625 0.0921875
0 0.22734375 0.18046875 0.0390625 0.059375
0 0.06171875 0.175 0.04375 0.0546875
0 0.18671875 0.58984375 0.0546875 0.075
0 0.2515625 0.76015625 0.065625 0.075
0 0.15703125 0.85625 0.0515625 0.0609375
0 0.29375 0.97265625 0.05 0.0546875
0 0.41171875 0.98828125 0.0578125 0.0234375
0 0.42421875 0.83828125 0.05 0.071875
0 0.40234375 0.66875 0.065625 0.078125
0 0.29765625 0.54375 0.0578125 0.065625
0 0.253125 0.3953125 0.046875 0.0515625
0 0.21015625 0.32890625 0.0390625 0.0546875
0 0.16875 0.28359375 0.0359375 0.04375
0 0.103125 0.2140625 0.040625 0.0484375
0 0.04140625 0.31171875 0.04375 0.04375
0 0.08125 0.55859375 0.040625 0.06875
0 0.05234375 0.634375 0.0484375 0.0546875
0 0.053125 0.70703125 0.0546875 0.05
0 0.97734375 0.9671875 0.0453125 0.0609375
0 0.7203125 0.715625 0.05 0.071875
0 0.565625 0.5875 0.0484375 0.05625
0 0.63125 0.3265625 0.046875 0.08125
0 0.42890625 0.33671875 0.0328125 0.0578125
0 0.484375 0.3796875 0.0375 0.046875
0 0.5390625 0.103125 0.046875 0.0453125
0 0.48359375 0.0265625 0.0453125 0.053125
0 0.8421875 0.81640625 0.0375 0.0859375
0 0.7625 0.7984375 0.034375 0.0671875
0 0.81015625 0.89375 0.0515625 0.0703125
0 0.7671875 0.8890625 0.0484375 0.05625
0 0.4734375 0.828125 0.0546875 0.0703125
0 0.6296875 0.7015625 0.04375 0.075
0 0.56171875 0.778125 0.04375 0.075
0 0.76328125 0.3765625 0.0578125 0.09375
0 0.60078125 0.059375 0.0484375 0.0703125
0 0.9390625 0.25390625 0.04375 0.075
0 0.840625 0.27890625 0.034375 0.0609375
0 0.74921875 0.24765625 0.0484375 0.0625
0 0.70703125 0.15703125 0.0328125 0.053125
0 0.7765625 0.68046875 0.05 0.075
0 0.92734375 0.74375 0.040625 0.071875
0 0.98046875 0.78203125 0.0390625 0.0578125
0 0.9328125 0.35078125 0.0359375 0.071875
0 0.43515625 0.4796875 0.0390625 0.046875
0 0.47734375 0.509375 0.0375 0.065625
0 0.54921875 0.296875 0.0390625 0.0578125
0 0.496875 0.2734375 0.0328125 0.0390625
0 0.29375 0.04921875 0.04375 0.0546875
0 0.10234375 0.11875 0.0359375 0.0609375
0 0.0453125 0.09765625 0.0453125 0.040625
0 0.03515625 0.03828125 0.03125 0.046875
0 0.1875 0.68203125 0.0359375 0.0953125
0 0.27109375 0.86171875 0.03125 0.046875
0 0.23125 0.8328125 0.0171875 0.05625
0 0.753125 0.47421875 0.0375 0.065625