0 0.090625 0.06640625 0.053125 0.0671875
0 0.159375 0.14453125 0.0515625 0.071875
0 0.615625 0.16875 0.065625 0.0921875
0 0.77265625 0.18046875 0.0390625 0.059375
0 0.93828125 0.175 0.04375 0.0546875
0 0.81328125 0.58984375 0.0546875 0.075
0 0.7484375 0.76015625 0.065625 0.075
0 0.84296875 0.85625 0.0515625 0.0609375
0 0.70625 0.97265625 0.05 0.0546875
0 0.58828125 0.98828125 0.0578125 0.0234375
0 0.57578125 0.83828125 0.05 0.071875
0 0.59765625 0.66875 0.065625 0.078125
0 0.70234375 0.54375 0.0578125 0.065625
0 0.746875 0.3953125 0.046875 0.0515625
0 0.78984375 0.32890625 0.0390625 0.0546875
0 0.83125 0.28359375 0.0359375 0.04375
0 0.896875 0.2140625 0.040625 0.0484375
0 0.95859375 0.31171875 0.04375 0.04375
0 0.91875 0.55859375 0.040625 0.06875
0 0.94765625 0.634375 0.0484375 0.0546875
0 0.946875 0.70703125 0.0546875 0.05
0 0.02265625 0.9671875 0.0453125 0.0609375
0 0.2796875 0.715625 0.05 0.071875
0 0.434375 0.5875 0.0484375 0.05625
0 0.36875 0.3265625 0.046875 0.08125
0 0.57109375 0.33671875 0.0328125 0.0578125
0 0.515625 0.3796875 0.0375 0.046875
0 0.4609375 0.103125 0.046875 0.0453125
0 0.51640625 0.0265625 0.0453125 0.053125
0 0.1578125 0.81640625 0.0375 0.0859375
0 0.2375 0.7984375 0.034375 0.0671875
0 0.18984375 0.89375 0.0515625 0.0703125
0 0.2328125 0.8890625 0.0484375 0.05625
0 0.5265625 0.828125 0.0546875 0.0703125
0 0.3703125 0.7015625 0.04375 0.075
0 0.43828125 0.778125 0.04375 0.075
0 0.23671875 0.3765625 0.0578125 0.09375
0 0.39921875 0.059375 0.0484375 0.0703125
0 0.0609375 0.25390625 0.04375 0.075
0 0.159375 0.27890625 0.034375 0.0609375
0 0.25078125 0.24765625 0.0484375 0.0625
0 0.29296875 0.15703125 0.0328125 0.053125
0 0.2234375 0.68046875 0.05 0.075
0 0.07265625 0.74375 0.040625 0.071875
0 0.01953125 0.78203125 0.0390625 0.0578125
0 0.0671875 0.35078125 0.0359375 0.071875
0 0.56484375 0.4796875 0.0390625 0.046875
0 0.52265625 0.509375 0.0375 0.065625
0 0.45078125 0.296875 0.0390625 0.0578125
0 0.503125 0.2734375 0.0328125 0.0390625
0 0.70625 0.04921875 0.04375 0.0546875
0 0.89765625 0.11875 0.0359375 0.0609375
0 0.9546875 0.09765625 0.0453125 0.040625
0 0.96484375 0.03828125 0.03125 0.046875
0 0.8125 0.68203125 0.0359375 0.0953125
0 0.72890625 0.86171875 0.03125 0.046875
0 0.76875 0.8328125 0.0171875 0.05625
0 0.246875 0.47421875 0.0375 0.065625