0 0.3578125 0.25859375 0.03125 0.0515625
0 0.48046875 0.19453125 0.0359375 0.0546875
0 0.31953125 0.13515625 0.0390625 0.05
0 0.084375 0.70390625 0.0265625 0.0546875
0 0.140625 0.66484375 0.0390625 0.025
0 0.15625 0.5390625 0.0390625 0.04375
0 0.034375 0.22890625 0.0328125 0.0625
0 0.63359375 0.67578125 0.0515625 0.0359375
0 0.60234375 0.6328125 0.0390625 0.0578125
0 0.571875 0.534375 0.0359375 0.0390625
0 0.63125 0.48671875 0.0453125 0.0453125
0 0.61328125 0.34609375 0.053125 0.05625
0 0.709375 0.359375 0.04375 0.0484375
0 0.67734375 0.28515625 0.0453125 0.0578125
0 0.753125 0.30703125 0.0359375 0.0609375
0 0.78125 0.17890625 0.0390625 0.0625
0 0.88359375 0.190625 0.0390625 0.05
0 0.9328125 0.203125 0.028125 0.0375
0 0.93671875 0.1140625 0.0390625 0.06875
0 0.98359375 0.028125 0.0328125 0.040625
0 0.0328125 0.3484375 0.0390625 0.04375
0 0.20859375 0.79609375 0.0328125 0.0359375
0 0.1234375 0.925 0.03125 0.0328125
0 0.2390625 0.17421875 0.0296875 0.0390625
0 0.4734375 0.46875 0.0171875 0.0359375
0 0.36328125 0.48125 0.0203125 0.0296875
0 0.49140625 0.5828125 0.03125 0.0359375
0 0.53671875 0.6578125 0.0265625 0.028125
0 0.853125 0.4578125 0.046875 0.04375
0 0.87265625 0.31171875 0.0296875 0.0390625
0 0.459375 0.09296875 0.0421875 0.0484375
0 0.42109375 0.09296875 0.0484375 0.0578125
0 0.5828125 0.07890625 0.028125 0.05
0 0.18515625 0.35703125 0.04375 0.04375
0 0.02109375 0.403125 0.0359375 0.04375
0 0.05625 0.6390625 0.0359375 0.04375
0 0.35625 0.6046875 0.0375 0.04375
0 0.4796875 0.671875 0.0359375 0.0390625
0 0.54765625 0.746875 0.0265625 0.0359375
0 0.30546875 0.66328125 0.0359375 0.03125
0 0.346875 0.33203125 0.040625 0.0328125
0 0.5359375 0.25 0.0375 0.0390625
0 0.6296875 0.5921875 0.028125 0.0375
0 0.8046875 0.69375 0.0296875 0.0359375
0 0.8140625 0.57265625 0.0328125 0.046875
0 0.71640625 0.56015625 0.03125 0.0515625