0 0.6421875 0.74140625 0.03125 0.0515625
0 0.51953125 0.80546875 0.0359375 0.0546875
0 0.68046875 0.86484375 0.0390625 0.05
0 0.915625 0.29609375 0.0265625 0.0546875
0 0.859375 0.33515625 0.0390625 0.025
0 0.84375 0.4609375 0.0390625 0.04375
0 0.965625 0.77109375 0.0328125 0.0625
0 0.36640625 0.32421875 0.0515625 0.0359375
0 0.39765625 0.3671875 0.0390625 0.0578125
0 0.428125 0.465625 0.0359375 0.0390625
0 0.36875 0.51328125 0.0453125 0.0453125
0 0.38671875 0.65390625 0.053125 0.05625
0 0.290625 0.640625 0.04375 0.0484375
0 0.32265625 0.71484375 0.0453125 0.0578125
0 0.246875 0.69296875 0.0359375 0.0609375
0 0.21875 0.82109375 0.0390625 0.0625
0 0.11640625 0.809375 0.0390625 0.05
0 0.0671875 0.796875 0.028125 0.0375
0 0.06328125 0.8859375 0.0390625 0.06875
0 0.01640625 0.971875 0.0328125 0.040625
0 0.9671875 0.6515625 0.0390625 0.04375
0 0.79140625 0.20390625 0.0328125 0.0359375
0 0.8765625 0.075 0.03125 0.0328125
0 0.7609375 0.82578125 0.0296875 0.0390625
0 0.5265625 0.53125 0.0171875 0.0359375
0 0.63671875 0.51875 0.0203125 0.0296875
0 0.50859375 0.4171875 0.03125 0.0359375
0 0.46328125 0.3421875 0.0265625 0.028125
0 0.146875 0.5421875 0.046875 0.04375
0 0.12734375 0.68828125 0.0296875 0.0390625
0 0.540625 0.90703125 0.0421875 0.0484375
0 0.57890625 0.90703125 0.0484375 0.0578125
0 0.4171875 0.92109375 0.028125 0.05
0 0.81484375 0.64296875 0.04375 0.04375
0 0.97890625 0.596875 0.0359375 0.04375
0 0.94375 0.3609375 0.0359375 0.04375
0 0.64375 0.3953125 0.0375 0.04375
0 0.5203125 0.328125 0.0359375 0.0390625
0 0.45234375 0.253125 0.0265625 0.0359375
0 0.69453125 0.33671875 0.0359375 0.03125
0 0.653125 0.66796875 0.040625 0.0328125
0 0.4640625 0.75 0.0375 0.0390625
0 0.3703125 0.4078125 0.028125 0.0375
0 0.1953125 0.30625 0.0296875 0.0359375
0 0.1859375 0.42734375 0.0328125 0.046875
0 0.28359375 0.43984375 0.03125 0.0515625