0 0.5390625 0.51953125 0.08125 0.1125
0 0.71484375 0.6515625 0.0921875 0.1140625
0 0.59296875 0.63515625 0.0546875 0.0734375
0 0.490625 0.653125 0.0671875 0.0875
0 0.45703125 0.7578125 0.0828125 0.0859375
0 0.58203125 0.81484375 0.0859375 0.11875
0 0.66953125 0.8046875 0.08125 0.1171875
0 0.796875 0.8984375 0.06875 0.109375
0 0.4234375 0.8515625 0.0875 0.1203125
0 0.2953125 0.746875 0.0828125 0.0796875
0 0.1953125 0.63671875 0.06875 0.090625
0 0.07578125 0.628125 0.075 0.090625
0 0.06171875 0.7421875 0.1046875 0.1453125
0 0.21796875 0.34765625 0.0796875 0.109375
0 0.16171875 0.48828125 0.096875 0.146875
0 0.26171875 0.54765625 0.0796875 0.096875
0 0.32578125 0.4578125 0.0859375 0.09375
0 0.53203125 0.33828125 0.1015625 0.1234375
0 0.3390625 0.25 0.096875 0.1203125
0 0.44453125 0.29765625 0.1125 0.1265625
0 0.44296875 0.41328125 0.0671875 0.0875
0 0.45234375 0.5125 0.0875 0.1203125
0 0.71015625 0.4875 0.0515625 0.0703125
0 0.88515625 0.47578125 0.0921875 0.096875
0 0.78828125 0.4671875 0.0546875 0.0796875
0 0.63125 0.409375 0.0671875 0.0734375
0 0.58984375 0.20625 0.075 0.08125
0 0.2390625 0.1875 0.08125 0.0796875
0 0.1109375 0.24375 0.0671875 0.0640625
0 0.0984375 0.309375 0.0609375 0.0765625
0 0.084375 0.3734375 0.096875 0.11875
0 0.028125 0.41953125 0.05625 0.1546875
0 0.08359375 0.13203125 0.05625 0.1390625
0 0.86640625 0.778125 0.103125 0.1421875
0 0.778125 0.76328125 0.1046875 0.1140625