0 0.4609375 0.51953125 0.08125 0.1125
0 0.28515625 0.6515625 0.0921875 0.1140625
0 0.40703125 0.63515625 0.0546875 0.0734375
0 0.509375 0.653125 0.0671875 0.0875
0 0.54296875 0.7578125 0.0828125 0.0859375
0 0.41796875 0.81484375 0.0859375 0.11875
0 0.33046875 0.8046875 0.08125 0.1171875
0 0.203125 0.8984375 0.06875 0.109375
0 0.5765625 0.8515625 0.0875 0.1203125
0 0.7046875 0.746875 0.0828125 0.0796875
0 0.8046875 0.63671875 0.06875 0.090625
0 0.92421875 0.628125 0.075 0.090625
0 0.93828125 0.7421875 0.1046875 0.1453125
0 0.78203125 0.34765625 0.0796875 0.109375
0 0.83828125 0.48828125 0.096875 0.146875
0 0.73828125 0.54765625 0.0796875 0.096875
0 0.67421875 0.4578125 0.0859375 0.09375
0 0.46796875 0.33828125 0.1015625 0.1234375
0 0.6609375 0.25 0.096875 0.1203125
0 0.55546875 0.29765625 0.1125 0.1265625
0 0.55703125 0.41328125 0.0671875 0.0875
0 0.54765625 0.5125 0.0875 0.1203125
0 0.28984375 0.4875 0.0515625 0.0703125
0 0.11484375 0.47578125 0.0921875 0.096875
0 0.21171875 0.4671875 0.0546875 0.0796875
0 0.36875 0.409375 0.0671875 0.0734375
0 0.41015625 0.20625 0.075 0.08125
0 0.7609375 0.1875 0.08125 0.0796875
0 0.8890625 0.24375 0.0671875 0.0640625
0 0.9015625 0.309375 0.0609375 0.0765625
0 0.915625 0.3734375 0.096875 0.11875
0 0.971875 0.41953125 0.05625 0.1546875
0 0.91640625 0.13203125 0.05625 0.1390625
0 0.13359375 0.778125 0.103125 0.1421875
0 0.221875 0.76328125 0.1046875 0.1140625