0 0.26796875 0.7921875 0.05625 0.0625
0 0.225 0.82265625 0.0390625 0.0546875
0 0.40625 0.83984375 0.0515625 0.040625
0 0.40390625 0.91875 0.0328125 0.0546875
0 0.45 0.9671875 0.0359375 0.0609375
0 0.7984375 0.84453125 0.0640625 0.071875
0 0.60234375 0.975 0.05 0.0484375
0 0.6296875 0.82578125 0.04375 0.059375
0 0.91953125 0.4390625 0.046875 0.046875
0 0.76015625 0.465625 0.065625 0.0578125
0 0.43046875 0.4859375 0.0578125 0.0546875
0 0.25859375 0.5359375 0.0515625 0.0578125
0 0.1359375 0.51875 0.0515625 0.0578125
0 0.04609375 0.55390625 0.05625 0.0546875
0 0.0625 0.68359375 0.0671875 0.06875
0 0.19375 0.6578125 0.0546875 0.0515625
0 0.146875 0.74609375 0.0515625 0.0453125
0 0.19453125 0.78125 0.065625 0.06875
0 0.0734375 0.8734375 0.0640625 0.046875
0 0.01640625 0.83125 0.0328125 0.0578125
0 0.3640625 0.05625 0.059375 0.0734375
0 0.28828125 0.08671875 0.053125 0.065625
0 0.225 0.11796875 0.04375 0.0484375