0 0.73203125 0.7921875 0.05625 0.0625
0 0.775 0.82265625 0.0390625 0.0546875
0 0.59375 0.83984375 0.0515625 0.040625
0 0.59609375 0.91875 0.0328125 0.0546875
0 0.55 0.9671875 0.0359375 0.0609375
0 0.2015625 0.84453125 0.0640625 0.071875
0 0.39765625 0.975 0.05 0.0484375
0 0.3703125 0.82578125 0.04375 0.059375
0 0.08046875 0.4390625 0.046875 0.046875
0 0.23984375 0.465625 0.065625 0.0578125
0 0.56953125 0.4859375 0.0578125 0.0546875
0 0.74140625 0.5359375 0.0515625 0.0578125
0 0.8640625 0.51875 0.0515625 0.0578125
0 0.95390625 0.55390625 0.05625 0.0546875
0 0.9375 0.68359375 0.0671875 0.06875
0 0.80625 0.6578125 0.0546875 0.0515625
0 0.853125 0.74609375 0.0515625 0.0453125
0 0.80546875 0.78125 0.065625 0.06875
0 0.9265625 0.8734375 0.0640625 0.046875
0 0.98359375 0.83125 0.0328125 0.0578125
0 0.6359375 0.05625 0.059375 0.0734375
0 0.71171875 0.08671875 0.053125 0.065625
0 0.775 0.11796875 0.04375 0.0484375