0 0.58515625 0.6171875 0.065625 0.071875
0 0.42578125 0.45 0.065625 0.0828125
0 0.2671875 0.4984375 0.0484375 0.0703125
0 0.59375 0.51484375 0.071875 0.065625
0 0.34140625 0.51875 0.0640625 0.0546875
0 0.3421875 0.2734375 0.0625 0.0671875
0 0.1640625 0.32734375 0.04375 0.0546875
0 0.18671875 0.45234375 0.046875 0.0484375
0 0.04453125 0.43515625 0.046875 0.0546875
0 0.0171875 0.52421875 0.034375 0.0671875
0 0.06015625 0.55546875 0.05 0.0625
0 0.1265625 0.58984375 0.0484375 0.0515625
0 0.2078125 0.60390625 0.0375 0.040625
0 0.54921875 0.28984375 0.06875 0.046875
0 0.53515625 0.1375 0.0625 0.04375
0 0.5296875 0.075 0.0671875 0.0453125
0 0.34453125 0.128125 0.0421875 0.059375
0 0.1234375 0.21484375 0.05 0.0453125
0 0.059375 0.2 0.04375 0.0546875
0 0.0296875 0.159375 0.046875 0.0484375
0 0.56015625 0.01171875 0.0671875 0.0234375
0 0.5484375 0.215625 0.0515625 0.0375
0 0.403125 0.31484375 0.046875 0.04375
0 0.40234375 0.36171875 0.04375 0.059375
0 0.3296875 0.4421875 0.0359375 0.0421875
0 0.20625 0.3875 0.05 0.0328125
0 0.07734375 0.3640625 0.04375 0.053125