0 0.1921875 0.03125 0.0609375 0.059375
0 0.3890625 0.06015625 0.0546875 0.0734375
0 0.73828125 0.046875 0.053125 0.0828125
0 0.5421875 0.1421875 0.0578125 0.0609375
0 0.73203125 0.17109375 0.040625 0.053125
0 0.884375 0.334375 0.046875 0.0640625
0 0.95703125 0.45078125 0.04375 0.0703125
0 0.96015625 0.3734375 0.0453125 0.05
0 0.70078125 0.43828125 0.0515625 0.1015625
0 0.771875 0.4421875 0.0703125 0.10625
0 0.70234375 0.33984375 0.0890625 0.1328125
0 0.60234375 0.34140625 0.071875 0.059375
0 0.415625 0.47265625 0.096875 0.178125
0 0.2796875 0.39921875 0.0765625 0.0703125
0 0.19375 0.51875 0.046875 0.05
0 0.28359375 0.590625 0.0578125 0.0859375
0 0.28515625 0.53671875 0.059375 0.0625
0 0.33203125 0.675 0.05 0.09375
0 0.48515625 0.85546875 0.09375 0.1171875
0 0.82734375 0.803125 0.103125 0.165625
0 0.70703125 0.615625 0.0546875 0.0703125
0 0.55703125 0.484375 0.059375 0.0609375