0 0.040625 0.0703125 0.0625 0.084375
0 0.3484375 0.0578125 0.0640625 0.0734375
0 0.46640625 0.046875 0.046875 0.0609375
0 0.7640625 0.05234375 0.053125 0.1
0 0.875 0.07421875 0.0375 0.06875
0 0.78125 0.2578125 0.0515625 0.0984375
0 0.85078125 0.2328125 0.0484375 0.096875
0 0.928125 0.12734375 0.0484375 0.084375
0 0.9859375 0.17890625 0.028125 0.071875
0 0.69140625 0.25625 0.040625 0.0875
0 0.50546875 0.18984375 0.059375 0.09375
0 0.1265625 0.3359375 0.05 0.08125
0 0.14609375 0.246875 0.0390625 0.0546875
0 0.04765625 0.31484375 0.0390625 0.06875
0 0.18671875 0.3640625 0.0453125 0.0796875
0 0.35859375 0.33046875 0.0375 0.059375
0 0.45390625 0.33203125 0.05625 0.09375
0 0.44296875 0.51484375 0.0734375 0.0859375
0 0.51015625 0.434375 0.059375 0.0984375
0 0.57109375 0.41875 0.0671875 0.1234375
0 0.8140625 0.49296875 0.0578125 0.0828125
0 0.796875 0.41015625 0.053125 0.1046875
0 0.9796875 0.3203125 0.040625 0.06875
0 0.9546875 0.44921875 0.04375 0.0875
0 0.83515625 0.5640625 0.0578125 0.0984375
0 0.95625 0.60234375 0.0390625 0.0828125
0 0.58125 0.55546875 0.05 0.06875
0 0.240625 0.49453125 0.078125 0.1109375
0 0.03203125 0.46796875 0.053125 0.109375
0 0.08125 0.48828125 0.0515625 0.0828125
0 0.01875 0.78671875 0.0375 0.0984375
0 0.01328125 0.70625 0.0265625 0.08125
0 0.04609375 0.63984375 0.0421875 0.0859375
0 0.1828125 0.67421875 0.0390625 0.078125
0 0.1875 0.81796875 0.05625 0.1046875
0 0.10546875 0.84765625 0.05625 0.078125
0 0.08515625 0.7765625 0.04375 0.0671875
0 0.21796875 0.7359375 0.046875 0.0796875
0 0.2484375 0.93984375 0.05 0.09375
0 0.4015625 0.696875 0.0640625 0.0875
0 0.40546875 0.63359375 0.046875 0.0828125
0 0.428125 0.859375 0.046875 0.10625
0 0.5828125 0.82421875 0.04375 0.0875
0 0.69375 0.8546875 0.0640625 0.10625
0 0.76484375 0.9125 0.0546875 0.0796875
0 0.7375 0.6609375 0.0390625 0.0703125
0 0.84765625 0.93515625 0.08125 0.1046875
0 0.94140625 0.95078125 0.0765625 0.0953125