0 0.0703125 0.26953125 0.040625 0.0453125
0 0.12578125 0.17734375 0.0546875 0.0765625
0 0.3109375 0.25703125 0.05 0.0703125
0 0.6265625 0.021875 0.034375 0.04375
0 0.6875 0.1546875 0.0328125 0.0609375
0 0.7453125 0.17890625 0.046875 0.0734375
0 0.65859375 0.44140625 0.0640625 0.090625
0 0.46796875 0.384375 0.053125 0.084375
0 0.50625 0.47890625 0.05 0.0578125
0 0.56875 0.5375 0.05 0.05625
0 0.2484375 0.3703125 0.0484375 0.0546875
0 0.23203125 0.61015625 0.0328125 0.0515625
0 0.303125 0.58671875 0.046875 0.0578125
0 0.08515625 0.8703125 0.0359375 0.075
0 0.146875 0.8609375 0.0546875 0.0859375
0 0.5140625 0.66015625 0.040625 0.075
0 0.56484375 0.66796875 0.0328125 0.059375
0 0.9203125 0.8484375 0.0609375 0.096875
0 0.9296875 0.4234375 0.040625 0.0703125
0 0.48515625 0.85234375 0.0390625 0.078125
0 0.3828125 0.9203125 0.0484375 0.05
0 0.23125 0.95625 0.0484375 0.065625
0 0.30625 0.853125 0.0453125 0.04375
0 0.40625 0.75 0.0453125 0.059375
0 0.02578125 0.1875 0.040625 0.065625
0 0.06796875 0.0859375 0.0359375 0.053125