0 0.0703125 0.73046875 0.040625 0.0453125
0 0.12578125 0.82265625 0.0546875 0.0765625
0 0.3109375 0.74296875 0.05 0.0703125
0 0.6265625 0.978125 0.034375 0.04375
0 0.6875 0.8453125 0.0328125 0.0609375
0 0.7453125 0.82109375 0.046875 0.0734375
0 0.65859375 0.55859375 0.0640625 0.090625
0 0.46796875 0.615625 0.053125 0.084375
0 0.50625 0.52109375 0.05 0.0578125
0 0.56875 0.4625 0.05 0.05625
0 0.2484375 0.6296875 0.0484375 0.0546875
0 0.23203125 0.38984375 0.0328125 0.0515625
0 0.303125 0.41328125 0.046875 0.0578125
0 0.08515625 0.1296875 0.0359375 0.075
0 0.146875 0.1390625 0.0546875 0.0859375
0 0.5140625 0.33984375 0.040625 0.075
0 0.56484375 0.33203125 0.0328125 0.059375
0 0.9203125 0.1515625 0.0609375 0.096875
0 0.9296875 0.5765625 0.040625 0.0703125
0 0.48515625 0.14765625 0.0390625 0.078125
0 0.3828125 0.0796875 0.0484375 0.05
0 0.23125 0.04375 0.0484375 0.065625
0 0.30625 0.146875 0.0453125 0.04375
0 0.40625 0.25 0.0453125 0.059375
0 0.02578125 0.8125 0.040625 0.065625
0 0.06796875 0.9140625 0.0359375 0.053125