0 0.03984375 0.06015625 0.0328125 0.0390625
0 0.12890625 0.1296875 0.0265625 0.053125
0 0.11328125 0.36953125 0.03125 0.053125
0 0.165625 0.440625 0.0328125 0.046875
0 0.1765625 0.57734375 0.0359375 0.046875
0 0.1234375 0.8734375 0.0265625 0.0484375
0 0.13125 0.79609375 0.028125 0.0421875
0 0.23359375 0.40625 0.0265625 0.0453125
0 0.23671875 0.325 0.0359375 0.0625
0 0.190625 0.28984375 0.0328125 0.046875
0 0.209375 0.59453125 0.025 0.0515625
0 0.2140625 0.8375 0.028125 0.0640625
0 0.20703125 0.95859375 0.025 0.046875
0 0.2390625 0.2015625 0.01875 0.0390625
0 0.31015625 0.3109375 0.021875 0.0515625
0 0.296875 0.2234375 0.01875 0.053125
0 0.3203125 0.44921875 0.021875 0.059375
0 0.275 0.56015625 0.028125 0.0546875
0 0.33671875 0.4703125 0.0234375 0.053125
0 0.33359375 0.771875 0.0296875 0.046875
0 0.33203125 0.68203125 0.0328125 0.059375
0 0.33046875 0.57890625 0.03125 0.0484375
0 0.30859375 0.890625 0.0265625 0.0453125
0 0.353125 0.9375 0.034375 0.0421875
0 0.359375 0.8390625 0.025 0.05625
0 0.38671875 0.96796875 0.03125 0.05625
0 0.3703125 0.3796875 0.021875 0.059375
0 0.37265625 0.209375 0.0234375 0.0546875
0 0.40859375 0.2203125 0.034375 0.0375
0 0.465625 0.12734375 0.0265625 0.04375
0 0.471875 0.0484375 0.0203125 0.0484375
0 0.47265625 0.32890625 0.034375 0.0625
0 0.4078125 0.725 0.025 0.0484375
0 0.45390625 0.89609375 0.0234375 0.05625
0 0.478125 0.840625 0.0328125 0.065625
0 0.54375 0.34140625 0.0359375 0.04375
0 0.584375 0.7953125 0.025 0.0515625
0 0.54140625 0.9390625 0.028125 0.0515625
0 0.61328125 0.9453125 0.021875 0.053125
0 0.57578125 0.22578125 0.0265625 0.0390625
0 0.59375 0.20703125 0.0265625 0.0546875
0 0.61484375 0.17578125 0.03125 0.0484375
0 0.60703125 0.078125 0.0203125 0.0421875
0 0.6734375 0.5359375 0.0296875 0.059375
0 0.659375 0.846875 0.028125 0.053125
0 0.7140625 0.965625 0.03125 0.0515625
0 0.70703125 0.5453125 0.0234375 0.0640625
0 0.725 0.32421875 0.025 0.0390625
0 0.83671875 0.38828125 0.025 0.040625
0 0.82734375 0.62578125 0.0390625 0.046875
0 0.8484375 0.60625 0.0359375 0.046875
0 0.84921875 0.52265625 0.0296875 0.0515625
0 0.8984375 0.95390625 0.0296875 0.075
0 0.90078125 0.86875 0.025 0.0484375
0 0.95546875 0.56328125 0.0296875 0.0625
0 0.89609375 0.3 0.025 0.04375
0 0.9484375 0.2890625 0.03125 0.0609375
0 0.971875 0.234375 0.034375 0.0609375
0 0.896875 0.12421875 0.0296875 0.046875
0 0.85625 0.0609375 0.0296875 0.0546875
0 0.9734375 0.09921875 0.025 0.0484375