0 0.06171875 0.93828125 0.0703125 0.0984375
0 0.2390625 0.93125 0.053125 0.071875
0 0.30234375 0.9109375 0.0625 0.0859375
0 0.6515625 0.91171875 0.0859375 0.125
0 0.88125 0.9640625 0.08125 0.0703125
0 0.9484375 0.90859375 0.0828125 0.090625
0 0.97890625 0.80078125 0.0421875 0.10625
0 0.88125 0.8609375 0.0578125 0.065625
0 0.7328125 0.796875 0.065625 0.1015625
0 0.59453125 0.7734375 0.05625 0.096875
0 0.3796875 0.79140625 0.0484375 0.075
0 0.2328125 0.66484375 0.0578125 0.08125
0 0.27890625 0.75 0.071875 0.1109375
0 0.0890625 0.63046875 0.0546875 0.0734375
0 0.109375 0.73125 0.046875 0.0609375
0 0.1765625 0.78359375 0.0640625 0.0859375
0 0.10390625 0.8078125 0.05625 0.078125
0 0.29765625 0.56953125 0.0734375 0.1
0 0.33203125 0.65 0.0484375 0.0734375
0 0.378125 0.6828125 0.0546875 0.0703125
0 0.7875 0.63671875 0.0828125 0.0859375
0 0.934375 0.690625 0.0921875 0.109375
0 0.9578125 0.5828125 0.0484375 0.0734375
0 0.98515625 0.6375 0.0296875 0.078125
0 0.88203125 0.55625 0.0796875 0.08125
0 0.81328125 0.50546875 0.0546875 0.0859375
0 0.74140625 0.5078125 0.0609375 0.0859375
0 0.63359375 0.4953125 0.075 0.10625
0 0.65859375 0.603125 0.065625 0.0875
0 0.38125 0.58671875 0.065625 0.084375
0 0.0625 0.509375 0.06875 0.0984375
0 0.14140625 0.52109375 0.06875 0.0671875
0 0.27421875 0.409375 0.090625 0.1515625
0 0.390625 0.45859375 0.0828125 0.1015625
0 0.7578125 0.36171875 0.090625 0.1359375
0 0.8546875 0.42421875 0.05625 0.090625
0 0.9640625 0.36484375 0.071875 0.1359375
0 0.8828125 0.29296875 0.0671875 0.1046875
0 0.9078125 0.36328125 0.0703125 0.078125
0 0.9640625 0.2015625 0.071875 0.14375
0 0.69375 0.17109375 0.0796875 0.128125
0 0.34921875 0.28125 0.0734375 0.096875
0 0.35703125 0.1578125 0.0765625 0.1125
0 0.225 0.215625 0.0703125 0.0796875