0 0.94453125 0.85625 0.0671875 0.084375
0 0.46015625 0.82578125 0.1046875 0.1578125
0 0.7296875 0.81484375 0.0765625 0.071875
0 0.89765625 0.6390625 0.078125 0.1
0 0.97734375 0.54140625 0.0453125 0.1140625
0 0.95703125 0.425 0.0859375 0.078125
0 0.68828125 0.14921875 0.08125 0.1125
0 0.73359375 0.35859375 0.0515625 0.078125
0 0.6765625 0.384375 0.0546875 0.0875
0 0.7234375 0.5125 0.046875 0.0734375
0 0.83828125 0.61328125 0.0671875 0.109375
0 0.46015625 0.45625 0.1203125 0.16875
0 0.27734375 0.34609375 0.0921875 0.171875
0 0.35234375 0.459375 0.0546875 0.0859375
0 0.3578125 0.5375 0.06875 0.1
0 0.39609375 0.3328125 0.0484375 0.090625
0 0.31640625 0.140625 0.0640625 0.090625
0 0.32265625 0.225 0.0515625 0.090625
0 0.38984375 0.11015625 0.0578125 0.0703125
0 0.28359375 0.8125 0.0515625 0.08125
0 0.365625 0.89921875 0.059375 0.0890625
0 0.1890625 0.5421875 0.059375 0.0859375
0 0.159375 0.61484375 0.04375 0.0703125
0 0.1171875 0.5328125 0.0578125 0.0703125
0 0.1875 0.4 0.05 0.0765625
0 0.22421875 0.25625 0.0421875 0.075
0 0.15546875 0.31328125 0.0484375 0.0859375
0 0.1875 0.1640625 0.065625 0.090625
0 0.13984375 0.24765625 0.04375 0.065625
0 0.1 0.31484375 0.0484375 0.0828125
0 0.27265625 0.19375 0.04375 0.0671875
0 0.06875 0.16484375 0.0484375 0.0765625
0 0.52734375 0.7 0.0578125 0.09375
0 0.46484375 0.71953125 0.0796875 0.1015625
0 0.32421875 0.6484375 0.0578125 0.08125
0 0.54296875 0.5796875 0.0515625 0.08125
0 0.70703125 0.71796875 0.04375 0.084375
0 0.91328125 0.78046875 0.0609375 0.071875
0 0.7984375 0.72421875 0.053125 0.0765625
0 0.76484375 0.9 0.0453125 0.078125