0 0.92734375 0.61484375 0.040625 0.053125
0 0.9296875 0.6546875 0.046875 0.0546875
0 0.94375 0.76328125 0.028125 0.059375
0 0.87890625 0.7046875 0.03125 0.0828125
0 0.9390625 0.4765625 0.0375 0.0640625
0 0.9 0.490625 0.0359375 0.0921875
0 0.9421875 0.153125 0.0359375 0.06875
0 0.84375 0.91796875 0.0265625 0.065625
0 0.81015625 0.63828125 0.0390625 0.0625
0 0.840625 0.68515625 0.0328125 0.0546875
0 0.81875 0.73125 0.025 0.05625
0 0.7796875 0.8578125 0.028125 0.0625
0 0.7703125 0.60625 0.04375 0.0703125
0 0.82109375 0.259375 0.040625 0.0671875
0 0.740625 0.034375 0.0328125 0.0671875
0 0.70625 0.16796875 0.03125 0.046875
0 0.665625 0.1625 0.0328125 0.0640625
0 0.73046875 0.278125 0.0421875 0.071875
0 0.72578125 0.49453125 0.034375 0.065625
0 0.73046875 0.56953125 0.046875 0.0703125
0 0.74609375 0.7046875 0.0390625 0.0703125
0 0.69609375 0.64140625 0.0421875 0.0671875
0 0.73828125 0.9734375 0.046875 0.053125
0 0.68515625 0.928125 0.03125 0.06875
0 0.66015625 0.81484375 0.03125 0.05625
0 0.60625 0.86328125 0.03125 0.0515625
0 0.56640625 0.8453125 0.0375 0.09375
0 0.575 0.86796875 0.0328125 0.0671875
0 0.6640625 0.41953125 0.0390625 0.0734375
0 0.64453125 0.309375 0.0453125 0.059375
0 0.6203125 0.38671875 0.046875 0.065625
0 0.60078125 0.4640625 0.0453125 0.090625
0 0.58671875 0.5828125 0.065625 0.08125
0 0.59609375 0.25625 0.0328125 0.0671875
0 0.59921875 0.30703125 0.0453125 0.0515625
0 0.575 0.1046875 0.040625 0.0671875
0 0.50703125 0.0359375 0.059375 0.071875
0 0.53046875 0.465625 0.053125 0.08125
0 0.540625 0.56875 0.0390625 0.090625
0 0.465625 0.55703125 0.059375 0.0890625
0 0.52890625 0.6296875 0.046875 0.0796875
0 0.41875 0.60390625 0.025 0.040625
0 0.42890625 0.63515625 0.034375 0.04375
0 0.3671875 0.66875 0.046875 0.09375
0 0.3828125 0.521875 0.0359375 0.059375
0 0.36640625 0.21953125 0.040625 0.0546875
0 0.37890625 0.32421875 0.03125 0.0671875
0 0.321875 0.31953125 0.04375 0.0703125
0 0.3140625 0.1984375 0.025 0.059375
0 0.27734375 0.25078125 0.0390625 0.0953125
0 0.27109375 0.05546875 0.03125 0.08125
0 0.29375 0.46953125 0.0375 0.084375
0 0.3265625 0.7578125 0.03125 0.0828125
0 0.26953125 0.79453125 0.034375 0.0828125
0 0.228125 0.56171875 0.0390625 0.0671875
0 0.2171875 0.64609375 0.0296875 0.059375
0 0.21484375 0.2078125 0.028125 0.0828125
0 0.17734375 0.19765625 0.053125 0.0734375
0 0.1546875 0.13125 0.0421875 0.071875
0 0.10234375 0.18671875 0.05625 0.1078125
0 0.159375 0.6078125 0.0390625 0.0734375
0 0.1078125 0.76171875 0.0453125 0.06875
0 0.0734375 0.84453125 0.0453125 0.08125
0 0.01328125 0.94453125 0.0265625 0.1109375
0 0.1015625 0.5921875 0.05 0.0859375
0 0.02265625 0.40390625 0.0421875 0.0984375
0 0.040625 0.4859375 0.0359375 0.0828125
0 0.02265625 0.621875 0.0453125 0.0671875
0 0.0203125 0.70390625 0.0390625 0.1
0 0.021875 0.79375 0.04375 0.096875
0 0.015625 0.31484375 0.03125 0.0984375