0 0.153125 0.11484375 0.146875 0.14375
0 0.24609375 0.04453125 0.096875 0.0890625
0 0.35546875 0.13828125 0.0953125 0.075
0 0.51328125 0.275 0.1140625 0.1125
0 0.67734375 0.0734375 0.0984375 0.084375
0 0.8640625 0.04765625 0.084375 0.06875
0 0.97109375 0.06875 0.0578125 0.0796875
0 0.875 0.190625 0.0890625 0.08125
0 0.94453125 0.171875 0.0734375 0.0765625
0 0.70703125 0.196875 0.0796875 0.0703125
0 0.1 0.3234375 0.1109375 0.1015625
0 0.30625 0.43984375 0.1125 0.1421875
0 0.6125 0.446875 0.096875 0.115625
0 0.50078125 0.6453125 0.121875 0.1125
0 0.73046875 0.7109375 0.1375 0.1359375
0 0.9109375 0.80859375 0.1140625 0.1140625
0 0.76875 0.83359375 0.09375 0.096875
0 0.67109375 0.8296875 0.1171875 0.121875
0 0.31953125 0.81328125 0.11875 0.1140625
0 0.08046875 0.74375 0.109375 0.1046875
0 0.08515625 0.865625 0.0859375 0.071875
0 0.125 0.50078125 0.09375 0.06875
0 0.0734375 0.4328125 0.0875 0.0734375