0 0.034375 0.06640625 0.06875 0.1328125
0 0.0984375 0.1078125 0.0703125 0.090625
0 0.1875 0.0671875 0.05625 0.128125
0 0.2578125 0.0625 0.0734375 0.125
0 0.040625 0.17734375 0.078125 0.084375
0 0.09140625 0.26484375 0.0890625 0.13125
0 0.140625 0.2359375 0.0671875 0.1203125
0 0.18125 0.3671875 0.0875 0.1265625
0 0.24453125 0.253125 0.0515625 0.1
0 0.31796875 0.2671875 0.0609375 0.1078125
0 0.33984375 0.19765625 0.046875 0.0796875
0 0.4 0.21015625 0.0609375 0.1375
0 0.4625 0.221875 0.0796875 0.15
0 0.4484375 0.1109375 0.0484375 0.090625
0 0.50625 0.11484375 0.0359375 0.121875
0 0.5578125 0.1125 0.0515625 0.096875
0 0.60625 0.15546875 0.0609375 0.0859375
0 0.675 0.184375 0.0703125 0.1
0 0.62265625 0.2578125 0.040625 0.11875
0 0.715625 0.103125 0.06875 0.1046875
0 0.76328125 0.16796875 0.065625 0.0953125
0 0.82890625 0.1359375 0.09375 0.11875
0 0.90546875 0.12265625 0.06875 0.1125
0 0.8625 0.05625 0.0640625 0.1125
0 0.871875 0.2328125 0.0828125 0.121875
0 0.93515625 0.24453125 0.0796875 0.1109375
0 0.95078125 0.1390625 0.03125 0.0953125
0 0.9765625 0.19609375 0.046875 0.071875
0 0.98046875 0.371875 0.0296875 0.078125
0 0.85 0.37265625 0.0671875 0.140625
0 0.77578125 0.35 0.0421875 0.1046875
0 0.74296875 0.4875 0.0515625 0.1265625
0 0.7859375 0.43515625 0.075 0.0828125
0 0.61875 0.4203125 0.0671875 0.128125
0 0.57890625 0.34296875 0.0515625 0.0875
0 0.5078125 0.33671875 0.0796875 0.13125
0 0.32265625 0.3828125 0.0625 0.071875
0 0.25859375 0.3640625 0.0640625 0.10625
0 0.0265625 0.5546875 0.0453125 0.1015625
0 0.09921875 0.50859375 0.084375 0.1140625
0 0.38984375 0.50859375 0.046875 0.09375
0 0.4578125 0.4 0.0484375 0.08125
0 0.3203125 0.48671875 0.05625 0.071875
0 0.24609375 0.584375 0.071875 0.1046875
0 0.1890625 0.65546875 0.0609375 0.1046875
0 0.14453125 0.7125 0.065625 0.0859375
0 0.1328125 0.81484375 0.0640625 0.0984375
0 0.04453125 0.846875 0.05625 0.09375
0 0.209375 0.8390625 0.06875 0.11875
0 0.26875 0.765625 0.059375 0.1
0 0.3828125 0.75859375 0.046875 0.0796875
0 0.4796875 0.6046875 0.0453125 0.075
0 0.584375 0.54765625 0.046875 0.071875
0 0.65234375 0.63515625 0.0609375 0.10625
0 0.7265625 0.6890625 0.078125 0.090625
0 0.809375 0.61796875 0.0578125 0.0984375
0 0.95859375 0.5734375 0.06875 0.1625
0 0.89375 0.73203125 0.0515625 0.1046875
0 0.975 0.71484375 0.05 0.1046875
0 0.9609375 0.84921875 0.05625 0.14375
0 0.8984375 0.84140625 0.0515625 0.0765625
0 0.7734375 0.83828125 0.059375 0.109375
0 0.7015625 0.89140625 0.0703125 0.1046875
0 0.79140625 0.940625 0.0546875 0.084375
0 0.884375 0.94453125 0.0640625 0.090625
0 0.83359375 0.69765625 0.05625 0.0828125
0 0.55546875 0.92109375 0.0703125 0.1078125
0 0.45 0.93125 0.053125 0.10625
0 0.49375 0.75234375 0.05 0.08125
0 0.5265625 0.6078125 0.046875 0.096875
0 0.31640625 0.83125 0.0546875 0.0859375
0 0.33515625 0.9140625 0.046875 0.0796875
0 0.39453125 0.94453125 0.046875 0.0546875