0 0.7859375 0.07890625 0.0484375 0.0265625
0 0.8046875 0.21640625 0.02265625 0.01640625
0 0.71953125 0.2015625 0.04296875 0.02421875
0 0.66328125 0.228125 0.03671875 0.0234375
0 0.67109375 0.065625 0.03125 0.0265625
0 0.62734375 0.065625 0.02265625 0.021875
0 0.52421875 0.19765625 0.0375 0.0375
0 0.49296875 0.28359375 0.03359375 0.02734375
0 0.49609375 0.2484375 0.02734375 0.02265625
0 0.44375 0.23671875 0.0390625 0.0375
0 0.73984375 0.334375 0.0140625 0.0234375
0 0.7015625 0.33359375 0.02578125 0.01484375
0 0.44375 0.396875 0.01875 0.02578125
0 0.6484375 0.35390625 0.03203125 0.01796875
0 0.63515625 0.4203125 0.02578125 0.02265625
0 0.7890625 0.41171875 0.025 0.0125
0 0.8015625 0.50390625 0.0203125 0.01484375
0 0.78671875 0.684375 0.01640625 0.01328125
0 0.77109375 0.64296875 0.03828125 0.03203125
0 0.75390625 0.68671875 0.021875 0.02265625
0 0.76953125 0.8703125 0.03671875 0.0171875
0 0.76171875 0.8390625 0.0296875 0.0265625
0 0.56484375 0.69375 0.03046875 0.03203125
0 0.6375 0.61875 0.021875 0.03359375
0 0.54296875 0.58359375 0.04609375 0.01640625
0 0.50234375 0.66875 0.03515625 0.0296875
0 0.42734375 0.76875 0.03515625 0.03359375
0 0.53828125 0.8859375 0.0234375 0.0109375
0 0.5453125 0.86640625 0.021875 0.01875
0 0.4421875 0.628125 0.04140625 0.0203125
0 0.3640625 0.6265625 0.03046875 0.0296875
0 0.36875 0.596875 0.03125 0.02421875
0 0.4734375 0.51796875 0.03984375 0.02109375
0 0.43984375 0.525 0.0265625 0.01953125
0 0.22109375 0.41171875 0.04765625 0.03359375
0 0.1875 0.23828125 0.03515625 0.03125
0 0.3546875 0.18515625 0.0234375 0.0125
0 0.36796875 0.14921875 0.0296875 0.01640625
0 0.17109375 0.0734375 0.05703125 0.02265625
0 0.12734375 0.02421875 0.04296875 0.02578125
0 0.21171875 0.5 0.02421875 0.03046875
0 0.284375 0.64296875 0.03671875 0.028125
0 0.83828125 0.040625 0.03046875 0.0234375