0 0.58046875 0.83828125 0.0359375 0.0265625
0 0.565625 0.85859375 0.0328125 0.025
0 0.496875 0.878125 0.015625 0.01875
0 0.42890625 0.90390625 0.04453125 0.0359375
0 0.70625 0.7875 0.0203125 0.01953125
0 0.66796875 0.76171875 0.021875 0.01484375
0 0.66640625 0.78515625 0.021875 0.02421875
0 0.83359375 0.721875 0.028125 0.0203125
0 0.8296875 0.7390625 0.0171875 0.0234375
0 0.79453125 0.54453125 0.03203125 0.03046875
0 0.72734375 0.575 0.04375 0.0296875
0 0.7 0.65703125 0.0203125 0.01796875
0 0.5703125 0.703125 0.028125 0.02890625
0 0.503125 0.64296875 0.04375 0.0359375
0 0.4375 0.709375 0.03984375 0.0375
0 0.4640625 0.7578125 0.04140625 0.0265625
0 0.371875 0.6515625 0.0265625 0.03515625
0 0.309375 0.6421875 0.02734375 0.03671875
0 0.51171875 0.5109375 0.02890625 0.0265625
0 0.7875 0.2421875 0.0328125 0.028125
0 0.79765625 0.28359375 0.04296875 0.02265625
0 0.803125 0.3140625 0.034375 0.02265625
0 0.66640625 0.13984375 0.02421875 0.02265625
0 0.61796875 0.16640625 0.02578125 0.02734375
0 0.58046875 0.20703125 0.0421875 0.028125
0 0.5609375 0.23515625 0.025 0.0203125
0 0.45 0.228125 0.03125 0.02265625
0 0.4546875 0.25390625 0.0484375 0.0359375
0 0.5265625 0.01953125 0.02265625 0.0171875
0 0.43671875 0.03359375 0.03828125 0.034375
0 0.4484375 0.0640625 0.02421875 0.01796875
0 0.39921875 0.075 0.0234375 0.03125
0 0.28125 0.7484375 0.03203125 0.0375
0 0.2890625 0.79453125 0.04140625 0.0359375
0 0.296875 0.85625 0.03515625 0.03359375
0 0.325 0.86796875 0.01875 0.01953125
0 0.30234375 0.9875 0.02421875 0.02421875
0 0.553125 0.9296875 0.01484375 0.0140625
0 0.49140625 0.95078125 0.0421875 0.0359375
0 0.52890625 0.96015625 0.02734375 0.021875
0 0.671875 0.95703125 0.025 0.01640625
0 0.62890625 0.97890625 0.03203125 0.02109375
0 0.46484375 0.521875 0.02109375 0.0265625
0 0.465625 0.56015625 0.034375 0.02109375
0 0.4703125 0.58359375 0.0171875 0.01796875
0 0.47421875 0.6125 0.021875 0.02265625
0 0.28125 0.5328125 0.01953125 0.02421875
0 0.2703125 0.56015625 0.0265625 0.02265625
0 0.284375 0.48125 0.0203125 0.0078125
0 0.384375 0.3875 0.0234375 0.021875
0 0.3546875 0.35546875 0.0265625 0.01796875
0 0.35078125 0.3984375 0.03671875 0.02421875
0 0.39375 0.2796875 0.02734375 0.02109375
0 0.41640625 0.2921875 0.01875 0.0140625
0 0.30546875 0.01953125 0.0328125 0.0171875
0 0.27734375 0.01484375 0.0234375 0.0234375
0 0.6078125 0.5734375 0.021875 0.0234375
0 0.6234375 0.5921875 0.01484375 0.0125