0 0.41953125 0.16171875 0.0359375 0.0265625
0 0.434375 0.14140625 0.0328125 0.025
0 0.503125 0.121875 0.015625 0.01875
0 0.57109375 0.09609375 0.04453125 0.0359375
0 0.29375 0.2125 0.0203125 0.01953125
0 0.33203125 0.23828125 0.021875 0.01484375
0 0.33359375 0.21484375 0.021875 0.02421875
0 0.16640625 0.278125 0.028125 0.0203125
0 0.1703125 0.2609375 0.0171875 0.0234375
0 0.20546875 0.45546875 0.03203125 0.03046875
0 0.27265625 0.425 0.04375 0.0296875
0 0.3 0.34296875 0.0203125 0.01796875
0 0.4296875 0.296875 0.028125 0.02890625
0 0.496875 0.35703125 0.04375 0.0359375
0 0.5625 0.290625 0.03984375 0.0375
0 0.5359375 0.2421875 0.04140625 0.0265625
0 0.628125 0.3484375 0.0265625 0.03515625
0 0.690625 0.3578125 0.02734375 0.03671875
0 0.48828125 0.4890625 0.02890625 0.0265625
0 0.2125 0.7578125 0.0328125 0.028125
0 0.20234375 0.71640625 0.04296875 0.02265625
0 0.196875 0.6859375 0.034375 0.02265625
0 0.33359375 0.86015625 0.02421875 0.02265625
0 0.38203125 0.83359375 0.02578125 0.02734375
0 0.41953125 0.79296875 0.0421875 0.028125
0 0.4390625 0.76484375 0.025 0.0203125
0 0.55 0.771875 0.03125 0.02265625
0 0.5453125 0.74609375 0.0484375 0.0359375
0 0.4734375 0.98046875 0.02265625 0.0171875
0 0.56328125 0.96640625 0.03828125 0.034375
0 0.5515625 0.9359375 0.02421875 0.01796875
0 0.60078125 0.925 0.0234375 0.03125
0 0.71875 0.2515625 0.03203125 0.0375
0 0.7109375 0.20546875 0.04140625 0.0359375
0 0.703125 0.14375 0.03515625 0.03359375
0 0.675 0.13203125 0.01875 0.01953125
0 0.69765625 0.0125 0.02421875 0.02421875
0 0.446875 0.0703125 0.01484375 0.0140625
0 0.50859375 0.04921875 0.0421875 0.0359375
0 0.47109375 0.03984375 0.02734375 0.021875
0 0.328125 0.04296875 0.025 0.01640625
0 0.37109375 0.02109375 0.03203125 0.02109375
0 0.53515625 0.478125 0.02109375 0.0265625
0 0.534375 0.43984375 0.034375 0.02109375
0 0.5296875 0.41640625 0.0171875 0.01796875
0 0.52578125 0.3875 0.021875 0.02265625
0 0.71875 0.4671875 0.01953125 0.02421875
0 0.7296875 0.43984375 0.0265625 0.02265625
0 0.715625 0.51875 0.0203125 0.0078125
0 0.615625 0.6125 0.0234375 0.021875
0 0.6453125 0.64453125 0.0265625 0.01796875
0 0.64921875 0.6015625 0.03671875 0.02421875
0 0.60625 0.7203125 0.02734375 0.02109375
0 0.58359375 0.7078125 0.01875 0.0140625
0 0.69453125 0.98046875 0.0328125 0.0171875
0 0.72265625 0.98515625 0.0234375 0.0234375
0 0.3921875 0.4265625 0.021875 0.0234375
0 0.3765625 0.4078125 0.01484375 0.0125