0 0.2484375 0.853125 0.04609375 0.04296875
0 0.203125 0.88359375 0.01796875 0.0203125
0 0.2234375 0.77890625 0.0328125 0.0265625
0 0.23125 0.70703125 0.02890625 0.0296875
0 0.278125 0.64921875 0.02265625 0.03203125
0 0.30625 0.59375 0.01875 0.01328125
0 0.29921875 0.6390625 0.0234375 0.0140625
0 0.34375 0.55625 0.0296875 0.0265625
0 0.24375 0.39453125 0.01484375 0.01484375
0 0.2359375 0.43671875 0.01328125 0.01015625
0 0.284375 0.36796875 0.02578125 0.025
0 0.2546875 0.26484375 0.0171875 0.01640625
0 0.27421875 0.296875 0.01484375 0.01640625
0 0.29453125 0.24453125 0.00859375 0.01640625
0 0.29921875 0.26796875 0.02109375 0.0140625
0 0.2515625 0.18984375 0.02265625 0.0140625
0 0.2640625 0.1578125 0.01875 0.01953125
0 0.23359375 0.0625 0.015625 0.0171875
0 0.23046875 0.0953125 0.01484375 0.01484375
0 0.26328125 0.01171875 0.0234375 0.015625
0 0.36484375 0.90390625 0.021875 0.0265625
0 0.37734375 0.940625 0.03203125 0.02890625
0 0.40390625 0.8359375 0.015625 0.01875
0 0.3703125 0.77734375 0.02421875 0.015625
0 0.396875 0.7796875 0.02890625 0.0140625
0 0.38984375 0.703125 0.025 0.01875
0 0.38125 0.72890625 0.0125 0.0109375
0 0.3609375 0.6421875 0.01796875 0.02421875
0 0.39296875 0.6484375 0.015625 0.01328125
0 0.37578125 0.5984375 0.0171875 0.01796875
0 0.35 0.2828125 0.0203125 0.021875
0 0.49140625 0.91640625 0.02578125 0.015625
0 0.521875 0.83046875 0.01328125 0.01640625
0 0.5171875 0.8640625 0.0203125 0.02109375
0 0.51953125 0.89765625 0.01953125 0.0125
0 0.52109375 0.93984375 0.01328125 0.015625
0 0.51328125 0.9703125 0.01875 0.01484375
0 0.51484375 0.98671875 0.0203125 0.0171875
0 0.4828125 0.659375 0.03046875 0.03203125
0 0.4734375 0.684375 0.02265625 0.02578125
0 0.4546875 0.56796875 0.02265625 0.01640625
0 0.46953125 0.5328125 0.01796875 0.01640625
0 0.4796875 0.571875 0.01328125 0.01484375
0 0.4984375 0.603125 0.02421875 0.02109375
0 0.50546875 0.63828125 0.0234375 0.0171875
0 0.49453125 0.6765625 0.01953125 0.01796875
0 0.43203125 0.4484375 0.01640625 0.0125
0 0.415625 0.05625 0.0265625 0.0203125
0 0.43046875 0.08359375 0.02265625 0.01484375
0 0.471875 0.2625 0.0140625 0.0171875
0 0.45390625 0.1984375 0.0203125 0.025
0 0.51640625 0.20625 0.028125 0.01796875
0 0.45703125 0.14296875 0.02890625 0.01484375
0 0.46953125 0.0640625 0.01796875 0.0140625
0 0.56484375 0.95859375 0.03515625 0.02734375
0 0.63359375 0.9625 0.03828125 0.03359375
0 0.5921875 0.890625 0.02265625 0.0171875
0 0.6390625 0.84453125 0.05234375 0.02734375
0 0.56796875 0.709375 0.0171875 0.01484375
0 0.61640625 0.715625 0.03984375 0.0296875
0 0.55625 0.6328125 0.03984375 0.0296875
0 0.5609375 0.50390625 0.0265625 0.025
0 0.6265625 0.4890625 0.0125 0.0203125
0 0.60078125 0.29765625 0.03125 0.02890625
0 0.56171875 0.14453125 0.0265625 0.0234375
0 0.6140625 0.1734375 0.0296875 0.02578125
0 0.58828125 0.0515625 0.02421875 0.01484375
0 0.59765625 0.08359375 0.025 0.01875
0 0.6296875 0.090625 0.0171875 0.0140625
0 0.64765625 0.10625 0.01875 0.01640625
0 0.603125 0.02109375 0.025 0.0140625
0 0.6609375 0.01015625 0.02578125 0.01328125
0 0.6484375 0.028125 0.0171875 0.02265625
0 0.70546875 0.0390625 0.01875 0.0140625
0 0.7421875 0.95859375 0.01875 0.01796875
0 0.7640625 0.98984375 0.02265625 0.01953125
0 0.7296875 0.828125 0.01328125 0.0203125
0 0.73203125 0.8625 0.01796875 0.0234375
0 0.8046875 0.865625 0.021875 0.0265625
0 0.80390625 0.91328125 0.0234375 0.0265625
0 0.77109375 0.671875 0.028125 0.0203125
0 0.78125 0.684375 0.01953125 0.0234375
0 0.7453125 0.58515625 0.01484375 0.01484375
0 0.765625 0.47890625 0.0328125 0.01875
0 0.8046875 0.4921875 0.01015625 0.01640625
0 0.73046875 0.3890625 0.0203125 0.01796875
0 0.6984375 0.2546875 0.01484375 0.01328125
0 0.6625 0.27109375 0.0203125 0.021875
0 0.78125 0.2609375 0.0140625 0.02109375