0 0.14375 0.2515625 0.02578125 0.03671875
0 0.19453125 0.21484375 0.03671875 0.02734375
0 0.1453125 0.32265625 0.03203125 0.015625
0 0.27421875 0.2609375 0.0265625 0.02109375
0 0.15625 0.38828125 0.021875 0.0140625
0 0.14921875 0.45625 0.021875 0.01015625
0 0.21015625 0.4765625 0.0203125 0.0140625
0 0.2203125 0.434375 0.02265625 0.0140625
0 0.215625 0.38984375 0.0234375 0.01328125
0 0.25234375 0.46875 0.0265625 0.0171875
0 0.1921875 0.64453125 0.03203125 0.02109375
0 0.1625 0.61875 0.015625 0.015625
0 0.16484375 0.72578125 0.0140625 0.01171875
0 0.190625 0.7 0.01796875 0.0125
0 0.140625 0.865625 0.0125 0.01328125
0 0.1453125 0.85078125 0.01171875 0.0109375
0 0.15078125 0.825 0.01171875 0.0140625
0 0.15546875 0.79765625 0.0234375 0.02109375
0 0.16875 0.828125 0.02109375 0.01484375
0 0.17734375 0.79296875 0.015625 0.0140625
0 0.15546875 0.96328125 0.01953125 0.02109375
0 0.1328125 0.91328125 0.01875 0.015625
0 0.27890625 0.134375 0.03125 0.021875
0 0.2890625 0.0984375 0.01796875 0.02265625
0 0.28671875 0.06328125 0.025 0.021875
0 0.2796875 0.028125 0.01953125 0.02421875
0 0.3015625 0.15546875 0.015625 0.01484375
0 0.31484375 0.20234375 0.02109375 0.0171875
0 0.30859375 0.2875 0.015625 0.01171875
0 0.3078125 0.26328125 0.0171875 0.01796875
0 0.321875 0.2734375 0.02109375 0.01484375
0 0.2765625 0.38828125 0.01953125 0.01953125
0 0.29296875 0.4578125 0.01796875 0.0125
0 0.30078125 0.42734375 0.0203125 0.015625
0 0.3 0.40703125 0.021875 0.021875
0 0.31015625 0.38515625 0.021875 0.01640625
0 0.26796875 0.54375 0.01171875 0.0140625
0 0.27890625 0.53203125 0.0171875 0.00859375
0 0.2875 0.5078125 0.01796875 0.0140625
0 0.26328125 0.65546875 0.01640625 0.0125
0 0.2515625 0.71875 0.02109375 0.0171875
0 0.4359375 0.040625 0.0171875 0.0140625
0 0.44375 0.0109375 0.028125 0.02109375
0 0.48515625 0.090625 0.0203125 0.01953125
0 0.565625 0.04921875 0.05 0.03359375
0 0.41328125 0.2890625 0.015625 0.01640625
0 0.42109375 0.26875 0.01875 0.01484375
0 0.39140625 0.37109375 0.0234375 0.02265625
0 0.403125 0.4359375 0.0203125 0.0203125
0 0.41640625 0.4515625 0.01796875 0.01328125
0 0.41875 0.415625 0.021875 0.01875
0 0.41875 0.3984375 0.02734375 0.0140625
0 0.45859375 0.4015625 0.015625 0.01875
0 0.4609375 0.52890625 0.021875 0.025
0 0.490625 0.59609375 0.0359375 0.0296875
0 0.38046875 0.640625 0.02421875 0.01640625
0 0.37734375 0.7125 0.025 0.0171875
0 0.40078125 0.79921875 0.025 0.01953125
0 0.4375 0.85703125 0.02265625 0.021875
0 0.4859375 0.83515625 0.02265625 0.0265625
0 0.45859375 0.9109375 0.0296875 0.01796875
0 0.5125 0.89609375 0.02109375 0.0140625
0 0.6390625 0.13359375 0.0203125 0.01015625
0 0.6609375 0.09609375 0.0203125 0.021875
0 0.68515625 0.06640625 0.034375 0.025
0 0.734375 0.07734375 0.01796875 0.01796875
0 0.725 0.13671875 0.03671875 0.0328125
0 0.5765625 0.20703125 0.025 0.0265625
0 0.7046875 0.20625 0.01796875 0.0140625
0 0.71796875 0.18671875 0.0234375 0.02265625
0 0.67109375 0.38671875 0.03125 0.0296875
0 0.6828125 0.36875 0.0265625 0.01953125
0 0.5984375 0.5984375 0.0203125 0.0203125
0 0.65703125 0.56796875 0.02734375 0.0265625
0 0.56640625 0.76640625 0.02734375 0.02734375
0 0.540625 0.74296875 0.0171875 0.01953125
0 0.5390625 0.97890625 0.03046875 0.02890625
0 0.55 0.95546875 0.021875 0.0203125