0 0.8 0.17578125 0.021875 0.01875
0 0.80546875 0.1296875 0.03046875 0.0265625
0 0.721875 0.109375 0.03828125 0.034375
0 0.6640625 0.13359375 0.025 0.02265625
0 0.82578125 0.02734375 0.05859375 0.0328125
0 0.7859375 0.28828125 0.03125 0.01796875
0 0.69375 0.24375 0.015625 0.01015625
0 0.48671875 0.21796875 0.0234375 0.0234375
0 0.48515625 0.19140625 0.025 0.0203125
0 0.48671875 0.1546875 0.02734375 0.0265625
0 0.51875 0.1 0.02421875 0.03125
0 0.4296875 0.1390625 0.03203125 0.03125
0 0.43125 0.30234375 0.0234375 0.01796875
0 0.2015625 0.3234375 0.01640625 0.025
0 0.17421875 0.1296875 0.05078125 0.0265625
0 0.2265625 0.1078125 0.015625 0.01328125
0 0.528125 0.5546875 0.02734375 0.0421875
0 0.74921875 0.5625 0.034375 0.03828125
0 0.734375 0.4640625 0.0265625 0.02734375
0 0.78984375 0.4296875 0.02421875 0.01796875
0 0.771875 0.3328125 0.02734375 0.01640625
0 0.6375 0.2671875 0.03125 0.01640625
0 0.6265625 0.33125 0.040625 0.02734375
0 0.34765625 0.546875 0.0296875 0.02578125
0 0.35234375 0.52109375 0.0296875 0.02890625
0 0.54609375 0.62109375 0.02890625 0.0296875
0 0.4796875 0.596875 0.028125 0.01953125
0 0.68515625 0.71953125 0.02578125 0.0265625
0 0.72890625 0.60703125 0.021875 0.01796875
0 0.40703125 0.6921875 0.02890625 0.02890625
0 0.34765625 0.08046875 0.02421875 0.02265625