0 0.7609375 0.10546875 0.03125 0.01640625
0 0.7640625 0.07890625 0.0234375 0.021875
0 0.76015625 0.04609375 0.01796875 0.015625
0 0.7140625 0.12265625 0.0390625 0.0265625
0 0.71171875 0.0765625 0.0171875 0.015625
0 0.7171875 0.040625 0.03828125 0.028125
0 0.69296875 0.01875 0.028125 0.025
0 0.68828125 0.08984375 0.0265625 0.0109375
0 0.64453125 0.046875 0.05 0.03125
0 0.6390625 0.103125 0.028125 0.021875
0 0.7328125 0.240625 0.03046875 0.0171875
0 0.6796875 0.21796875 0.01875 0.01640625
0 0.67734375 0.19296875 0.03203125 0.01953125
0 0.809375 0.2015625 0.0296875 0.02109375
0 0.74296875 0.17734375 0.03828125 0.02734375
0 0.915625 0.10703125 0.03046875 0.01484375
0 0.90390625 0.18828125 0.0265625 0.02421875
0 0.90859375 0.3078125 0.0328125 0.02421875
0 0.859375 0.359375 0.0390625 0.03125
0 0.95859375 0.47109375 0.04296875 0.03984375
0 0.8953125 0.490625 0.02578125 0.02265625
0 0.9671875 0.6109375 0.0203125 0.0171875
0 0.92421875 0.6515625 0.03125 0.02109375
0 0.93046875 0.6171875 0.02890625 0.02578125
0 0.878125 0.63671875 0.028125 0.0203125
0 0.9859375 0.81015625 0.01796875 0.02265625
0 0.96015625 0.86953125 0.0328125 0.02578125
0 0.96015625 0.85234375 0.02109375 0.01875
0 0.88046875 0.95546875 0.03046875 0.02421875
0 0.784375 0.93046875 0.03828125 0.0203125
0 0.71796875 0.33515625 0.028125 0.02265625
0 0.71484375 0.2890625 0.0359375 0.01953125
0 0.63828125 0.3109375 0.0421875 0.02421875
0 0.6453125 0.2828125 0.02578125 0.01796875
0 0.615625 0.3734375 0.03671875 0.03046875
0 0.58046875 0.4 0.0296875 0.0140625
0 0.69765625 0.43203125 0.02890625 0.02421875
0 0.66875 0.57109375 0.03515625 0.02421875
0 0.67734375 0.54609375 0.0296875 0.02109375
0 0.68359375 0.52109375 0.04140625 0.02578125
0 0.60859375 0.49609375 0.03828125 0.03515625
0 0.62421875 0.5546875 0.03203125 0.02265625
0 0.73046875 0.6265625 0.028125 0.02578125
0 0.653125 0.609375 0.02265625 0.01796875
0 0.6125 0.58984375 0.02109375 0.01796875
0 0.65078125 0.6796875 0.02734375 0.0234375
0 0.6078125 0.66484375 0.03515625 0.0296875
0 0.590625 0.62421875 0.01640625 0.0203125
0 0.70234375 0.92734375 0.0265625 0.0265625
0 0.67734375 0.95703125 0.0296875 0.021875
0 0.65390625 0.93046875 0.015625 0.01796875
0 0.60390625 0.85625 0.02265625 0.01328125
0 0.61640625 0.97734375 0.028125 0.01796875
0 0.6109375 0.94765625 0.03046875 0.0265625
0 0.4140625 0.0578125 0.040625 0.02734375
0 0.3359375 0.0875 0.05234375 0.0453125
0 0.40078125 0.17265625 0.021875 0.0234375
0 0.3734375 0.1421875 0.0359375 0.01875
0 0.396875 0.22421875 0.02265625 0.01640625
0 0.5171875 0.203125 0.0625 0.03125
0 0.309375 0.2703125 0.01484375 0.03125
0 0.34296875 0.4796875 0.0265625 0.0265625
0 0.38515625 0.45 0.02578125 0.01953125
0 0.52578125 0.42265625 0.01796875 0.01953125
0 0.471875 0.5703125 0.03828125 0.02109375
0 0.46171875 0.52734375 0.0296875 0.01796875
0 0.325 0.6828125 0.03359375 0.02578125
0 0.45703125 0.64921875 0.021875 0.0203125
0 0.4171875 0.9578125 0.02890625 0.0265625
0 0.38203125 0.98125 0.03125 0.01875