0 0.3859375 0.990625 0.028125 0.01875
0 0.43046875 0.99296875 0.0328125 0.0140625
0 0.225 0.73671875 0.03125 0.0296875
0 0.30078125 0.7671875 0.02421875 0.02109375
0 0.35390625 0.759375 0.03671875 0.0234375
0 0.3609375 0.64921875 0.03046875 0.02109375
0 0.40234375 0.640625 0.02109375 0.02109375
0 0.41171875 0.6734375 0.0328125 0.015625
0 0.4546875 0.63203125 0.03359375 0.02265625
0 0.4953125 0.6578125 0.04609375 0.03125
0 0.16953125 0.6234375 0.03125 0.03515625
0 0.49140625 0.578125 0.03203125 0.021875
0 0.62578125 0.97109375 0.03671875 0.03359375
0 0.6296875 0.853125 0.02109375 0.01328125
0 0.6421875 0.878125 0.01953125 0.003125
0 0.6546875 0.92578125 0.01640625 0.0203125
0 0.66015625 0.9640625 0.01796875 0.015625
0 0.64921875 0.53515625 0.02109375 0.02109375
0 0.67578125 0.53359375 0.028125 0.015625
0 0.54375 0.403125 0.04140625 0.0359375
0 0.5296875 0.45703125 0.03515625 0.02265625
0 0.39375 0.49375 0.0234375 0.02109375
0 0.36328125 0.41796875 0.04765625 0.0390625
0 0.23125 0.3515625 0.02890625 0.03046875
0 0.259375 0.33828125 0.02734375 0.021875
0 0.27734375 0.36796875 0.02578125 0.02265625
0 0.22265625 0.38515625 0.0203125 0.021875
0 0.2265625 0.49375 0.02109375 0.0203125
0 0.634375 0.4203125 0.034375 0.02265625
0 0.6703125 0.42421875 0.05078125 0.0328125
0 0.7125 0.4015625 0.0265625 0.02421875
0 0.12578125 0.80859375 0.0265625 0.0203125
0 0.1609375 0.80625 0.0359375 0.02421875
0 0.134375 0.8734375 0.01796875 0.01875