0 0.6546875 0.790625 0.0484375 0.03984375
0 0.61640625 0.8203125 0.06015625 0.0390625
0 0.52109375 0.85234375 0.0515625 0.02578125
0 0.41875 0.8125 0.046875 0.034375
0 0.490625 0.7203125 0.02734375 0.02734375
0 0.52421875 0.740625 0.04296875 0.0203125
0 0.74453125 0.7109375 0.0328125 0.03203125
0 0.68359375 0.46875 0.03515625 0.02734375
0 0.6484375 0.46015625 0.03203125 0.01640625
0 0.675 0.24375 0.03046875 0.03046875
0 0.71953125 0.15234375 0.0375 0.0265625
0 0.69453125 0.03359375 0.03828125 0.021875
0 0.684375 0.0625 0.021875 0.01328125
0 0.6796875 0.10703125 0.0234375 0.028125
0 0.55859375 0.05390625 0.03046875 0.01875
0 0.56171875 0.071875 0.0234375 0.0234375
0 0.5125 0.06171875 0.02578125 0.02109375
0 0.57734375 0.18671875 0.03359375 0.0296875
0 0.4859375 0.20390625 0.02265625 0.02578125
0 0.54140625 0.215625 0.0234375 0.01953125
0 0.58984375 0.27265625 0.02578125 0.01640625
0 0.490625 0.375 0.02890625 0.02421875
0 0.35390625 0.7171875 0.04140625 0.028125
0 0.3515625 0.646875 0.0265625 0.01953125
0 0.30625 0.69453125 0.040625 0.0234375
0 0.52734375 0.64375 0.03359375 0.025
0 0.43984375 0.515625 0.03671875 0.025
0 0.33359375 0.57109375 0.0359375 0.02734375
0 0.30625 0.59453125 0.03671875 0.0296875
0 0.33125 0.46953125 0.03125 0.02421875
0 0.34765625 0.3765625 0.028125 0.02109375
0 0.48671875 0.09765625 0.028125 0.0171875
0 0.434375 0.07578125 0.0296875 0.0171875