0 0.64765625 0.11953125 0.04609375 0.04140625
0 0.8171875 0.21875 0.0234375 0.0171875
0 0.7453125 0.21015625 0.0203125 0.01796875
0 0.7015625 0.22265625 0.028125 0.01875
0 0.75859375 0.32578125 0.03125 0.02578125
0 0.67734375 0.3359375 0.02265625 0.0140625
0 0.7734375 0.490625 0.02578125 0.01796875
0 0.6953125 0.475 0.0484375 0.03046875
0 0.69921875 0.54765625 0.0328125 0.01796875
0 0.778125 0.64375 0.0265625 0.0171875
0 0.7640625 0.62890625 0.025 0.01171875
0 0.59296875 0.634375 0.0265625 0.01875
0 0.753125 0.93359375 0.0453125 0.0234375
0 0.7265625 0.89453125 0.03828125 0.03359375
0 0.77578125 0.890625 0.0265625 0.01640625
0 0.65078125 0.89140625 0.02734375 0.01796875
0 0.6421875 0.859375 0.0203125 0.02109375
0 0.6765625 0.98359375 0.0296875 0.009375
0 0.63046875 0.94609375 0.03203125 0.01640625
0 0.5828125 0.90234375 0.03203125 0.01796875
0 0.46875 0.13671875 0.0265625 0.0265625
0 0.45390625 0.16015625 0.0265625 0.015625
0 0.42890625 0.15234375 0.028125 0.0203125
0 0.41171875 0.18515625 0.03046875 0.01640625
0 0.5453125 0.25625 0.0296875 0.02265625
0 0.5046875 0.290625 0.0328125 0.0203125
0 0.4828125 0.246875 0.0390625 0.028125
0 0.50390625 0.37578125 0.03203125 0.028125
0 0.4515625 0.63828125 0.0328125 0.02890625
0 0.53359375 0.61328125 0.0234375 0.02109375
0 0.47890625 0.6984375 0.03046875 0.02578125
0 0.58125 0.7734375 0.0328125 0.021875
0 0.54375 0.809375 0.0296875 0.01796875
0 0.46875 0.83984375 0.021875 0.01796875
0 0.4734375 0.8921875 0.04765625 0.0234375
0 0.365625 0.884375 0.02421875 0.03203125
0 0.30234375 0.89375 0.0546875 0.028125
0 0.2875 0.93359375 0.0328125 0.0234375
0 0.26953125 0.23828125 0.03359375 0.03046875
0 0.30078125 0.396875 0.05 0.0296875
0 0.36328125 0.271875 0.03046875 0.01484375
0 0.25 0.08203125 0.03359375 0.0265625
0 0.2046875 0.0515625 0.05703125 0.04140625
0 0.7875 0.3890625 0.02421875 0.01640625