0 0.64765625 0.88046875 0.04609375 0.04140625
0 0.8171875 0.78125 0.0234375 0.0171875
0 0.7453125 0.78984375 0.0203125 0.01796875
0 0.7015625 0.77734375 0.028125 0.01875
0 0.75859375 0.67421875 0.03125 0.02578125
0 0.67734375 0.6640625 0.02265625 0.0140625
0 0.7734375 0.509375 0.02578125 0.01796875
0 0.6953125 0.525 0.0484375 0.03046875
0 0.69921875 0.45234375 0.0328125 0.01796875
0 0.778125 0.35625 0.0265625 0.0171875
0 0.7640625 0.37109375 0.025 0.01171875
0 0.59296875 0.365625 0.0265625 0.01875
0 0.753125 0.06640625 0.0453125 0.0234375
0 0.7265625 0.10546875 0.03828125 0.03359375
0 0.77578125 0.109375 0.0265625 0.01640625
0 0.65078125 0.10859375 0.02734375 0.01796875
0 0.6421875 0.140625 0.0203125 0.02109375
0 0.6765625 0.01640625 0.0296875 0.009375
0 0.63046875 0.05390625 0.03203125 0.01640625
0 0.5828125 0.09765625 0.03203125 0.01796875
0 0.46875 0.86328125 0.0265625 0.0265625
0 0.45390625 0.83984375 0.0265625 0.015625
0 0.42890625 0.84765625 0.028125 0.0203125
0 0.41171875 0.81484375 0.03046875 0.01640625
0 0.5453125 0.74375 0.0296875 0.02265625
0 0.5046875 0.709375 0.0328125 0.0203125
0 0.4828125 0.753125 0.0390625 0.028125
0 0.50390625 0.62421875 0.03203125 0.028125
0 0.4515625 0.36171875 0.0328125 0.02890625
0 0.53359375 0.38671875 0.0234375 0.02109375
0 0.47890625 0.3015625 0.03046875 0.02578125
0 0.58125 0.2265625 0.0328125 0.021875
0 0.54375 0.190625 0.0296875 0.01796875
0 0.46875 0.16015625 0.021875 0.01796875
0 0.4734375 0.1078125 0.04765625 0.0234375
0 0.365625 0.115625 0.02421875 0.03203125
0 0.30234375 0.10625 0.0546875 0.028125
0 0.2875 0.06640625 0.0328125 0.0234375
0 0.26953125 0.76171875 0.03359375 0.03046875
0 0.30078125 0.603125 0.05 0.0296875
0 0.36328125 0.728125 0.03046875 0.01484375
0 0.25 0.91796875 0.03359375 0.0265625
0 0.2046875 0.9484375 0.05703125 0.04140625
0 0.7875 0.6109375 0.02421875 0.01640625