0 0.0546875 0.04921875 0.02734375 0.03046875
0 0.3125 0.0578125 0.0578125 0.05
0 0.2671875 0.165625 0.05234375 0.03125
0 0.078125 0.259375 0.03203125 0.0203125
0 0.1296875 0.26015625 0.0578125 0.03828125
0 0.08125 0.1640625 0.03203125 0.0234375
0 0.178125 0.3859375 0.0390625 0.0203125
0 0.30390625 0.4671875 0.040625 0.02890625
0 0.2609375 0.43359375 0.02734375 0.02265625
0 0.1375 0.55859375 0.034375 0.0265625
0 0.22890625 0.540625 0.03671875 0.0359375
0 0.20078125 0.64140625 0.03046875 0.0234375
0 0.23046875 0.64453125 0.0359375 0.028125
0 0.17578125 0.840625 0.02734375 0.0234375
0 0.19765625 0.7796875 0.028125 0.0203125
0 0.265625 0.73125 0.03671875 0.015625
0 0.25 0.81953125 0.03671875 0.01875
0 0.16875 0.91796875 0.02890625 0.02578125
0 0.1796875 0.90390625 0.03515625 0.01953125
0 0.22109375 0.98359375 0.025 0.0171875
0 0.371875 0.09375 0.03984375 0.0359375
0 0.3890625 0.0484375 0.01796875 0.02421875
0 0.43984375 0.08125 0.04609375 0.02890625
0 0.4515625 0.03203125 0.046875 0.01796875
0 0.446875 0.1421875 0.02890625 0.021875
0 0.3484375 0.36640625 0.03671875 0.02265625
0 0.415625 0.30546875 0.04140625 0.01953125
0 0.440625 0.27890625 0.0328125 0.0203125
0 0.43359375 0.23359375 0.03984375 0.02421875
0 0.478125 0.2546875 0.03125 0.0171875
0 0.4359375 0.36015625 0.0265625 0.02265625
0 0.4765625 0.48828125 0.0390625 0.01796875
0 0.4015625 0.46015625 0.0234375 0.0140625
0 0.4546875 0.4515625 0.01875 0.02109375
0 0.4 0.584375 0.034375 0.0171875
0 0.45234375 0.61640625 0.02890625 0.0234375
0 0.4609375 0.58125 0.03125 0.021875
0 0.3671875 0.809375 0.02421875 0.01328125
0 0.35546875 0.896875 0.0203125 0.02109375
0 0.39765625 0.925 0.03125 0.034375
0 0.40546875 0.8828125 0.03359375 0.021875
0 0.4453125 0.93359375 0.03828125 0.028125
0 0.48203125 0.90546875 0.0390625 0.028125
0 0.45703125 0.971875 0.03359375 0.02265625
0 0.45390625 0.6921875 0.02734375 0.01875
0 0.5640625 0.1375 0.03203125 0.0390625
0 0.728125 0.0953125 0.040625 0.0421875
0 0.70703125 0.02265625 0.0515625 0.0234375
0 0.6515625 0.27421875 0.0421875 0.0359375
0 0.70234375 0.309375 0.046875 0.03203125
0 0.66171875 0.36640625 0.02734375 0.01640625
0 0.67890625 0.46171875 0.04296875 0.03671875
0 0.71875 0.44296875 0.03359375 0.03203125
0 0.6734375 0.58203125 0.0265625 0.021875
0 0.6484375 0.715625 0.0234375 0.03984375
0 0.64296875 0.7875 0.02109375 0.01640625