0 0.27578125 0.0859375 0.04375 0.03125
0 0.2390625 0.04765625 0.03515625 0.025
0 0.07578125 0.19921875 0.0328125 0.02421875
0 0.17734375 0.18671875 0.04375 0.0328125
0 0.06015625 0.3109375 0.0234375 0.021875
0 0.2 0.3140625 0.03515625 0.0234375
0 0.25078125 0.34609375 0.04375 0.0140625
0 0.1171875 0.39921875 0.01953125 0.02265625
0 0.15 0.559375 0.0390625 0.0109375
0 0.13671875 0.51875 0.02734375 0.02109375
0 0.1671875 0.51171875 0.03671875 0.0359375
0 0.24453125 0.58203125 0.0359375 0.0265625
0 0.153125 0.67734375 0.04453125 0.01796875
0 0.20703125 0.9765625 0.05 0.0203125
0 0.19453125 0.93515625 0.04296875 0.0328125
0 0.2265625 0.90078125 0.05 0.028125
0 0.33203125 0.88359375 0.04296875 0.0375
0 0.38515625 0.9296875 0.0359375 0.0203125
0 0.62265625 0.93046875 0.0390625 0.01953125
0 0.609375 0.88203125 0.04140625 0.03203125
0 0.69453125 0.953125 0.03046875 0.028125
0 0.37734375 0.80546875 0.034375 0.02265625
0 0.50703125 0.6515625 0.028125 0.03359375
0 0.36484375 0.65625 0.03046875 0.02578125
0 0.428125 0.63046875 0.03515625 0.01484375
0 0.68203125 0.5265625 0.02734375 0.04609375
0 0.69296875 0.6671875 0.01875 0.02734375
0 0.46171875 0.3734375 0.05078125 0.02890625
0 0.45703125 0.27109375 0.03984375 0.034375
0 0.4 0.22890625 0.034375 0.0296875
0 0.4765625 0.2171875 0.0453125 0.028125
0 0.47421875 0.10234375 0.028125 0.028125
0 0.503125 0.13203125 0.04296875 0.03125
0 0.52734375 0.12578125 0.0375 0.02109375
0 0.4015625 0.0765625 0.03125 0.02421875
0 0.45546875 0.0578125 0.02734375 0.01953125
0 0.390625 0.16640625 0.01484375 0.015625
0 0.7140625 0.21953125 0.0296875 0.01953125
0 0.68203125 0.19375 0.04375 0.02890625
0 0.72421875 0.05859375 0.0421875 0.02578125
0 0.7640625 0.1703125 0.02265625 0.02109375
0 0.68984375 0.3984375 0.03125 0.021875