0 0.278125 0.9328125 0.06015625 0.05390625
0 0.05234375 0.8109375 0.0609375 0.0515625
0 0.0171875 0.71328125 0.034375 0.01796875
0 0.0515625 0.76015625 0.03359375 0.02421875
0 0.31875 0.7578125 0.0296875 0.03515625
0 0.56640625 0.7984375 0.034375 0.03828125
0 0.3796875 0.8375 0.034375 0.0203125
0 0.43359375 0.859375 0.034375 0.03203125
0 0.42734375 0.94765625 0.03046875 0.025
0 0.55390625 0.95625 0.046875 0.03515625
0 0.7578125 0.96640625 0.075 0.04609375
0 0.5703125 0.86171875 0.04296875 0.025
0 0.559375 0.6890625 0.02734375 0.028125
0 0.57265625 0.7296875 0.0390625 0.0234375
0 0.62421875 0.775 0.03984375 0.0375
0 0.63203125 0.83359375 0.0265625 0.02578125
0 0.653125 0.8734375 0.034375 0.03125
0 0.56875 0.60234375 0.02421875 0.025
0 0.2890625 0.45390625 0.03515625 0.0515625
0 0.346875 0.4609375 0.03671875 0.034375
0 0.3328125 0.56015625 0.02734375 0.0234375
0 0.2 0.26640625 0.05703125 0.0421875
0 0.28671875 0.24375 0.03984375 0.03046875
0 0.059375 0.221875 0.04375 0.02890625
0 0.18125 0.0765625 0.0484375 0.0234375
0 0.23515625 0.07734375 0.04453125 0.02109375
0 0.3078125 0.05078125 0.02265625 0.025
0 0.26875 0.16171875 0.02421875 0.02109375
0 0.49296875 0.29921875 0.04375 0.0421875
0 0.5515625 0.31875 0.02734375 0.02265625
0 0.54140625 0.39765625 0.034375 0.02265625
0 0.73828125 0.32734375 0.04296875 0.02734375
0 0.54375 0.2234375 0.03125 0.02890625
0 0.6234375 0.03125 0.0484375 0.0234375
0 0.97421875 0.2546875 0.03359375 0.03125
0 0.72109375 0.365625 0.0328125 0.02265625
0 0.9359375 0.61875 0.0453125 0.0328125
0 0.71328125 0.540625 0.028125 0.0234375
0 0.759375 0.590625 0.078125 0.034375
0 0.98671875 0.45390625 0.0265625 0.03515625
0 0.89921875 0.51015625 0.0265625 0.021875