0 0.278125 0.0671875 0.06015625 0.05390625
0 0.05234375 0.1890625 0.0609375 0.0515625
0 0.0171875 0.28671875 0.034375 0.01796875
0 0.0515625 0.23984375 0.03359375 0.02421875
0 0.31875 0.2421875 0.0296875 0.03515625
0 0.56640625 0.2015625 0.034375 0.03828125
0 0.3796875 0.1625 0.034375 0.0203125
0 0.43359375 0.140625 0.034375 0.03203125
0 0.42734375 0.05234375 0.03046875 0.025
0 0.55390625 0.04375 0.046875 0.03515625
0 0.7578125 0.03359375 0.075 0.04609375
0 0.5703125 0.13828125 0.04296875 0.025
0 0.559375 0.3109375 0.02734375 0.028125
0 0.57265625 0.2703125 0.0390625 0.0234375
0 0.62421875 0.225 0.03984375 0.0375
0 0.63203125 0.16640625 0.0265625 0.02578125
0 0.653125 0.1265625 0.034375 0.03125
0 0.56875 0.39765625 0.02421875 0.025
0 0.2890625 0.54609375 0.03515625 0.0515625
0 0.346875 0.5390625 0.03671875 0.034375
0 0.3328125 0.43984375 0.02734375 0.0234375
0 0.2 0.73359375 0.05703125 0.0421875
0 0.28671875 0.75625 0.03984375 0.03046875
0 0.059375 0.778125 0.04375 0.02890625
0 0.18125 0.9234375 0.0484375 0.0234375
0 0.23515625 0.92265625 0.04453125 0.02109375
0 0.3078125 0.94921875 0.02265625 0.025
0 0.26875 0.83828125 0.02421875 0.02109375
0 0.49296875 0.70078125 0.04375 0.0421875
0 0.5515625 0.68125 0.02734375 0.02265625
0 0.54140625 0.60234375 0.034375 0.02265625
0 0.73828125 0.67265625 0.04296875 0.02734375
0 0.54375 0.7765625 0.03125 0.02890625
0 0.6234375 0.96875 0.0484375 0.0234375
0 0.97421875 0.7453125 0.03359375 0.03125
0 0.72109375 0.634375 0.0328125 0.02265625
0 0.9359375 0.38125 0.0453125 0.0328125
0 0.71328125 0.459375 0.028125 0.0234375
0 0.759375 0.409375 0.078125 0.034375
0 0.98671875 0.54609375 0.0265625 0.03515625
0 0.89921875 0.48984375 0.0265625 0.021875