0 0.10703125 0.01875 0.034375 0.03125
0 0.09609375 0.11015625 0.03203125 0.01640625
0 0.12109375 0.18046875 0.021875 0.0234375
0 0.1109375 0.153125 0.02578125 0.0171875
0 0.25546875 0.09921875 0.03359375 0.021875
0 0.28828125 0.0484375 0.02578125 0.02265625
0 0.28515625 0.0203125 0.025 0.0203125
0 0.3 0.14609375 0.01328125 0.0140625
0 0.296875 0.1125 0.02421875 0.01796875
0 0.2953125 0.0890625 0.01484375 0.015625
0 0.34765625 0.0828125 0.02578125 0.021875
0 0.346875 0.053125 0.0234375 0.01953125
0 0.34296875 0.01796875 0.03671875 0.021875
0 0.22890625 0.503125 0.02265625 0.01171875
0 0.2359375 0.47421875 0.0234375 0.01328125
0 0.24140625 0.4546875 0.02109375 0.0109375
0 0.2421875 0.42265625 0.02421875 0.0140625
0 0.23828125 0.403125 0.0234375 0.01484375
0 0.23984375 0.37890625 0.02265625 0.0140625
0 0.23828125 0.36328125 0.02578125 0.0140625
0 0.24140625 0.34296875 0.03125 0.0171875
0 0.240625 0.30859375 0.0171875 0.01171875
0 0.2421875 0.28671875 0.03125 0.0171875
0 0.24375 0.2703125 0.0234375 0.0140625
0 0.2453125 0.24921875 0.01640625 0.01328125
0 0.24765625 0.21953125 0.0203125 0.021875
0 0.1546875 0.3765625 0.0140625 0.0109375
0 0.1515625 0.3578125 0.01796875 0.0109375
0 0.153125 0.3375 0.021875 0.015625
0 0.16640625 0.42421875 0.01171875 0.01328125
0 0.22109375 0.42734375 0.021875 0.0109375
0 0.20234375 0.5453125 0.02734375 0.028125
0 0.16484375 0.5125 0.01640625 0.01015625
0 0.159375 0.4984375 0.01796875 0.0125
0 0.1421875 0.47734375 0.01875 0.009375
0 0.2109375 0.803125 0.0359375 0.03125
0 0.18125 0.921875 0.01796875 0.009375
0 0.17734375 0.90078125 0.015625 0.01015625
0 0.190625 0.86875 0.02265625 0.02265625
0 0.225 0.83984375 0.02734375 0.025
0 0.20234375 0.9015625 0.0203125 0.021875
0 0.2296875 0.97890625 0.02265625 0.01953125
0 0.22890625 0.95625 0.0328125 0.01796875
0 0.296875 0.1984375 0.01796875 0.01328125
0 0.3140625 0.21015625 0.02109375 0.0171875
0 0.3140625 0.1796875 0.02109375 0.01875
0 0.28359375 0.2875 0.028125 0.015625
0 0.328125 0.32578125 0.03203125 0.03203125
0 0.3203125 0.290625 0.03515625 0.025
0 0.35625 0.30546875 0.0234375 0.01796875
0 0.2875 0.42265625 0.0265625 0.02578125
0 0.31796875 0.4125 0.02265625 0.02265625
0 0.26875 0.509375 0.02265625 0.0203125
0 0.29453125 0.56875 0.02578125 0.015625
0 0.30390625 0.5453125 0.01953125 0.01171875
0 0.5171875 0.31328125 0.02265625 0.02109375
0 0.428125 0.134375 0.01953125 0.01328125
0 0.36328125 0.20859375 0.0171875 0.0125
0 0.3890625 0.215625 0.01484375 0.009375
0 0.40859375 0.2953125 0.01953125 0.01640625
0 0.4125 0.2625 0.01484375 0.01015625
0 0.415625 0.23515625 0.015625 0.009375
0 0.41875 0.20390625 0.021875 0.0171875
0 0.42421875 0.17890625 0.021875 0.01796875
0 0.43984375 0.19609375 0.021875 0.01640625
0 0.4421875 0.16796875 0.01484375 0.01796875
0 0.45859375 0.1421875 0.021875 0.0203125
0 0.45546875 0.1078125 0.0171875 0.02265625
0 0.4921875 0.103125 0.0296875 0.0265625
0 0.43671875 0.09375 0.01640625 0.01484375
0 0.43359375 0.06171875 0.02578125 0.0140625
0 0.3984375 0.375 0.02265625 0.01640625
0 0.39765625 0.35 0.01640625 0.01015625
0 0.43125 0.31171875 0.02109375 0.01015625
0 0.4359375 0.29296875 0.01875 0.01484375
0 0.44296875 0.271875 0.015625 0.01171875
0 0.44921875 0.23203125 0.01484375 0.0109375
0 0.41953125 0.38515625 0.01640625 0.01875
0 0.41171875 0.3625 0.015625 0.0125
0 0.3703125 0.48125 0.01875 0.0140625
0 0.3859375 0.5 0.025 0.015625
0 0.3890625 0.46953125 0.01640625 0.01015625
0 0.2875 0.6765625 0.01953125 0.0125
0 0.3265625 0.66796875 0.025 0.0109375
0 0.334375 0.6421875 0.01640625 0.01484375
0 0.34296875 0.61875 0.01640625 0.0125
0 0.38125 0.58046875 0.01953125 0.015625
0 0.4140625 0.58359375 0.01875 0.0171875
0 0.29375 0.6125 0.01171875 0.01015625
0 0.2765625 0.771875 0.015625 0.015625
0 0.31171875 0.72734375 0.03046875 0.01875
0 0.5671875 0.22265625 0.0375 0.034375
0 0.578125 0.2453125 0.02421875 0.01171875
0 0.5140625 0.04453125 0.025 0.0203125
0 0.50859375 0.2125 0.01484375 0.0140625
0 0.49375 0.1890625 0.0109375 0.01484375
0 0.5625 0.3671875 0.028125 0.03046875
0 0.5 0.43125 0.0359375 0.021875
0 0.5203125 0.4640625 0.02734375 0.0171875
0 0.4 0.4375 0.0125 0.01328125
0 0.5296875 0.51015625 0.02265625 0.01875
0 0.4890625 0.55859375 0.02734375 0.0203125
0 0.52890625 0.56953125 0.01875 0.0125
0 0.5390625 0.55 0.01875 0.0171875
0 0.41640625 0.759375 0.025 0.0171875
0 0.4078125 0.74140625 0.01640625 0.015625
0 0.4484375 0.72421875 0.03515625 0.03359375
0 0.45859375 0.753125 0.01875 0.01328125
0 0.371875 0.87265625 0.0359375 0.0421875
0 0.4359375 0.8671875 0.02109375 0.021875
0 0.45390625 0.84921875 0.021875 0.0234375
0 0.3546875 0.93671875 0.02890625 0.01640625
0 0.48671875 0.90390625 0.01875 0.01640625
0 0.4 0.90625 0.04140625 0.0109375
0 0.40546875 0.9859375 0.0203125 0.00859375
0 0.4609375 0.9515625 0.0140625 0.015625
0 0.6671875 0.1109375 0.02421875 0.01796875
0 0.69296875 0.07890625 0.03125 0.01640625
0 0.73515625 0.04296875 0.02578125 0.02734375
0 0.7421875 0.01328125 0.02265625 0.0125
0 0.7171875 0.0984375 0.01640625 0.015625
0 0.75703125 0.06953125 0.021875 0.0140625
0 0.6921875 0.21875 0.02734375 0.02734375
0 0.6609375 0.20390625 0.0265625 0.02421875
0 0.63046875 0.1796875 0.01875 0.0171875
0 0.62265625 0.4234375 0.02578125 0.021875
0 0.690625 0.43046875 0.028125 0.0296875
0 0.6234375 0.68046875 0.0203125 0.01640625
0 0.65390625 0.66796875 0.01796875 0.015625
0 0.65546875 0.70859375 0.025 0.0125
0 0.590625 0.775 0.0171875 0.01796875
0 0.5703125 0.8453125 0.0296875 0.02421875
0 0.5625 0.81796875 0.01953125 0.0171875
0 0.61953125 0.79140625 0.021875 0.0171875
0 0.575 0.9359375 0.0171875 0.01171875
0 0.6265625 0.9921875 0.02734375 0.01484375
0 0.68359375 0.9859375 0.021875 0.021875
0 0.68203125 0.9546875 0.025 0.021875