0 0.215625 0.9734375 0.015625 0.01640625
0 0.2390625 0.94296875 0.01953125 0.01171875
0 0.39765625 0.80625 0.021875 0.0203125
0 0.44140625 0.77421875 0.03203125 0.02890625
0 0.36640625 0.890625 0.02265625 0.01484375
0 0.25546875 0.73671875 0.0296875 0.021875
0 0.2640625 0.759375 0.02421875 0.01875
0 0.4375 0.8125 0.02421875 0.021875
0 0.321875 0.6609375 0.01484375 0.015625
0 0.40390625 0.66875 0.028125 0.0203125
0 0.30390625 0.53203125 0.03828125 0.0328125
0 0.37265625 0.571875 0.0328125 0.03125
0 0.2609375 0.5765625 0.02734375 0.01875
0 0.2578125 0.44453125 0.02421875 0.01875
0 0.290625 0.2375 0.03515625 0.0296875
0 0.2859375 0.2796875 0.02578125 0.01875
0 0.303125 0.359375 0.0234375 0.01484375
0 0.30546875 0.29609375 0.0296875 0.0234375
0 0.43125 0.8484375 0.03125 0.01640625
0 0.43203125 0.87109375 0.01484375 0.0125
0 0.43984375 0.89921875 0.02265625 0.01796875
0 0.5453125 0.8984375 0.03046875 0.02421875
0 0.5546875 0.98359375 0.02421875 0.01015625
0 0.5515625 0.925 0.028125 0.01796875
0 0.5953125 0.97109375 0.028125 0.01796875
0 0.52734375 0.7453125 0.03359375 0.03359375
0 0.528125 0.80078125 0.01328125 0.0171875
0 0.5625 0.80546875 0.021875 0.01796875
0 0.565625 0.83125 0.0171875 0.01484375
0 0.5453125 0.7203125 0.028125 0.021875
0 0.4625 0.55859375 0.05 0.03359375
0 0.6109375 0.51328125 0.034375 0.025
0 0.39140625 0.3765625 0.02578125 0.01875
0 0.44375 0.42265625 0.0390625 0.02109375
0 0.38203125 0.25078125 0.0296875 0.02265625
0 0.3671875 0.27421875 0.0390625 0.0203125
0 0.2703125 0.1734375 0.025 0.02109375
0 0.3015625 0.1984375 0.034375 0.01796875
0 0.2546875 0.11171875 0.0265625 0.0140625
0 0.28359375 0.13046875 0.01875 0.021875
0 0.68828125 0.72890625 0.0328125 0.04375
0 0.6390625 0.7890625 0.02578125 0.01796875
0 0.70859375 0.9375 0.0640625 0.05390625
0 0.7046875 0.8828125 0.059375 0.02890625
0 0.80546875 0.86796875 0.0234375 0.01328125
0 0.8453125 0.89375 0.02265625 0.028125
0 0.80390625 0.90859375 0.01640625 0.0140625
0 0.8484375 0.7734375 0.02265625 0.01875
0 0.76875 0.6625 0.0375 0.028125
0 0.61875 0.65859375 0.0421875 0.0296875
0 0.64609375 0.62265625 0.03125 0.01640625
0 0.64921875 0.56171875 0.03046875 0.0234375
0 0.65546875 0.33984375 0.025 0.02265625
0 0.70390625 0.35078125 0.03046875 0.021875
0 0.515625 0.25 0.03203125 0.0125
0 0.56484375 0.28515625 0.0234375 0.01640625
0 0.44609375 0.08671875 0.02578125 0.0203125
0 0.4875 0.12421875 0.0171875 0.02109375
0 0.53671875 0.16015625 0.03359375 0.02109375
0 0.55 0.18828125 0.02890625 0.01796875
0 0.50390625 0.028125 0.028125 0.0203125
0 0.53671875 0.015625 0.0203125 0.01796875
0 0.83203125 0.65546875 0.03046875 0.0265625
0 0.81484375 0.59609375 0.0375 0.01484375
0 0.78125 0.44140625 0.02421875 0.0171875
0 0.82890625 0.45234375 0.0296875 0.02265625
0 0.790625 0.35 0.0203125 0.01484375
0 0.790625 0.384375 0.0234375 0.01953125
0 0.684375 0.21953125 0.034375 0.01640625
0 0.70703125 0.26328125 0.0265625 0.01875
0 0.7421875 0.2421875 0.02734375 0.0203125