0 0.2484375 0.13515625 0.0265625 0.0234375
0 0.28828125 0.17265625 0.0328125 0.034375
0 0.278125 0.1375 0.0328125 0.01953125
0 0.31796875 0.2421875 0.05 0.040625
0 0.1890625 0.221875 0.03359375 0.01875
0 0.190625 0.19375 0.0390625 0.01953125
0 0.175 0.29609375 0.02265625 0.02421875
0 0.1890625 0.28359375 0.02421875 0.0234375
0 0.24296875 0.2875 0.0171875 0.015625
0 0.240625 0.3890625 0.02890625 0.0390625
0 0.15546875 0.42109375 0.04921875 0.0359375
0 0.403125 0.22890625 0.03125 0.02265625
0 0.384375 0.175 0.03359375 0.025
0 0.3828125 0.0421875 0.02734375 0.021875
0 0.46796875 0.02734375 0.025 0.01875
0 0.4890625 0.04765625 0.02421875 0.01875
0 0.4984375 0.1640625 0.0375 0.03203125
0 0.54296875 0.2140625 0.0390625 0.0390625
0 0.484375 0.2921875 0.05859375 0.03359375
0 0.51328125 0.3234375 0.03671875 0.02109375
0 0.34296875 0.3453125 0.0390625 0.03125
0 0.3625 0.37578125 0.034375 0.0296875
0 0.62734375 0.28203125 0.02890625 0.03046875
0 0.70234375 0.2859375 0.034375 0.02734375
0 0.52734375 0.3828125 0.01875 0.025
0 0.32578125 0.46484375 0.01484375 0.01484375
0 0.36171875 0.46328125 0.01328125 0.01484375
0 0.39921875 0.4640625 0.02421875 0.0171875
0 0.4828125 0.43984375 0.03515625 0.021875
0 0.31640625 0.5375 0.01953125 0.01953125
0 0.184375 0.61171875 0.02265625 0.01640625
0 0.20625 0.6375 0.015625 0.015625
0 0.16171875 0.8 0.025 0.03359375
0 0.19453125 0.77265625 0.03203125 0.025
0 0.17890625 0.7328125 0.02265625 0.025
0 0.59453125 0.76875 0.0359375 0.03125
0 0.5921875 0.77265625 0.02890625 0.02265625
0 0.603125 0.68671875 0.0234375 0.01953125
0 0.64921875 0.703125 0.034375 0.02578125
0 0.6828125 0.728125 0.03671875 0.02265625
0 0.61796875 0.9515625 0.0328125 0.02109375
0 0.665625 0.9359375 0.03515625 0.03203125
0 0.63046875 0.98984375 0.021875 0.0140625
0 0.78671875 0.99296875 0.025 0.0140625
0 0.371875 0.95625 0.02578125 0.0125
0 0.35 0.87109375 0.02578125 0.01953125
0 0.44375 0.79765625 0.03671875 0.02890625
0 0.68828125 0.05 0.03515625 0.03359375