0 0.271875 0.48046875 0.1015625 0.0984375
0 0.2046875 0.6203125 0.0640625 0.0625
0 0.26171875 0.684375 0.096875 0.0828125
0 0.1796875 0.6671875 0.065625 0.078125
0 0.1734375 0.771875 0.0671875 0.075
0 0.07265625 0.796875 0.0625 0.0859375
0 0.08828125 0.9140625 0.075 0.0921875
0 0.19296875 0.96328125 0.090625 0.0734375
0 0.4453125 0.7484375 0.09375 0.096875
0 0.34296875 0.6140625 0.096875 0.0859375
0 0.33125 0.55078125 0.078125 0.0859375
0 0.41484375 0.875 0.075 0.0765625
0 0.30859375 0.7921875 0.06875 0.0890625
0 0.25 0.84921875 0.0703125 0.0671875
0 0.6875 0.78671875 0.1140625 0.1046875
0 0.62890625 0.83046875 0.0859375 0.09375
0 0.60234375 0.89375 0.0671875 0.078125
0 0.71328125 0.9125 0.0984375 0.1125
0 0.853125 0.7125 0.078125 0.09375
0 0.87265625 0.79921875 0.0671875 0.090625
0 0.82265625 0.8765625 0.06875 0.0796875
0 0.7921875 0.73828125 0.065625 0.0734375
0 0.74140625 0.5984375 0.06875 0.0859375
0 0.66640625 0.559375 0.06875 0.0828125
0 0.671875 0.6421875 0.05 0.05625
0 0.5625 0.63984375 0.0953125 0.071875
0 0.47734375 0.665625 0.103125 0.0984375
0 0.73828125 0.4125 0.1078125 0.084375
0 0.72890625 0.4625 0.0671875 0.0796875
0 0.6296875 0.45625 0.0984375 0.0828125
0 0.53671875 0.57421875 0.0671875 0.071875
0 0.53984375 0.5109375 0.0578125 0.0609375
0 0.54765625 0.459375 0.0390625 0.0671875
0 0.45625 0.41875 0.06875 0.0625
0 0.43125 0.459375 0.059375 0.059375
0 0.39765625 0.55234375 0.053125 0.065625
0 0.40078125 0.49609375 0.065625 0.065625
0 0.484375 0.5921875 0.0796875 0.0578125
0 0.80078125 0.54453125 0.09375 0.071875
0 0.84765625 0.52421875 0.06875 0.0671875
0 0.875 0.60234375 0.0609375 0.059375
0 0.9546875 0.84453125 0.0828125 0.0828125
0 0.9484375 0.78125 0.075 0.071875
0 0.9765625 0.41484375 0.046875 0.103125
0 0.91484375 0.26875 0.0765625 0.0890625
0 0.846875 0.39296875 0.0328125 0.0546875
0 0.55625 0.3546875 0.0859375 0.0734375
0 0.63828125 0.3375 0.075 0.084375
0 0.5671875 0.3046875 0.0828125 0.08125
0 0.48984375 0.36328125 0.065625 0.0765625
0 0.39140625 0.34296875 0.0703125 0.05
0 0.3828125 0.29921875 0.078125 0.0734375
0 0.3296875 0.30390625 0.0625 0.0671875
0 0.28671875 0.39609375 0.075 0.075
0 0.28046875 0.34296875 0.0609375 0.0625
0 0.19765625 0.37734375 0.0828125 0.0765625
0 0.1203125 0.43515625 0.0421875 0.05625
0 0.1515625 0.39921875 0.053125 0.0765625
0 0.16875 0.3234375 0.04375 0.053125
0 0.12109375 0.34609375 0.0609375 0.06875
0 0.06796875 0.3984375 0.0484375 0.0640625
0 0.16953125 0.50703125 0.0671875 0.09375
0 0.18046875 0.459375 0.0671875 0.0796875
0 0.06875 0.50546875 0.09375 0.090625
0 0.06015625 0.3015625 0.078125 0.06875
0 0.21875 0.28671875 0.0546875 0.059375
0 0.17578125 0.24765625 0.053125 0.071875
0 0.478125 0.22109375 0.1109375 0.0671875
0 0.4125 0.09140625 0.078125 0.06875
0 0.60703125 0.5828125 0.0484375 0.0625
0 0.45 0.53203125 0.04375 0.0546875
0 0.215625 0.54765625 0.0609375 0.059375
0 0.25234375 0.60703125 0.046875 0.065625
0 0.08046875 0.67578125 0.065625 0.1015625
0 0.35703125 0.43125 0.0390625 0.046875
0 0.95390625 0.696875 0.0359375 0.059375
0 0.95 0.6578125 0.0546875 0.071875
0 0.91875 0.58828125 0.0453125 0.0703125
0 0.90703125 0.51796875 0.05625 0.0671875
0 0.9453125 0.58203125 0.0609375 0.065625