0 0.51171875 0.25 0.084375 0.1203125
0 0.1859375 0.15078125 0.0703125 0.0828125
0 0.26484375 0.31953125 0.0578125 0.071875
0 0.19296875 0.38671875 0.04375 0.0484375
0 0.0625 0.4109375 0.0546875 0.075
0 0.01640625 0.4953125 0.03125 0.040625
0 0.2703125 0.55 0.053125 0.0859375
0 0.26953125 0.6796875 0.078125 0.1015625
0 0.10546875 0.6453125 0.0671875 0.0859375
0 0.09375 0.728125 0.0640625 0.0734375
0 0.3703125 0.6734375 0.0546875 0.071875
0 0.5578125 0.52890625 0.06875 0.090625
0 0.46171875 0.446875 0.05 0.065625
0 0.7015625 0.6015625 0.0671875 0.1015625
0 0.6171875 0.69296875 0.0375 0.065625
0 0.640625 0.6328125 0.05 0.078125
0 0.59765625 0.6078125 0.04375 0.103125
0 0.5203125 0.63984375 0.0421875 0.0625
0 0.446875 0.75234375 0.0296875 0.0828125
0 0.49140625 0.75390625 0.046875 0.078125
0 0.653125 0.8203125 0.0515625 0.078125
0 0.35 0.809375 0.0421875 0.065625
0 0.396875 0.83125 0.040625 0.0734375
0 0.34765625 0.9375 0.05 0.103125
0 0.646875 0.96328125 0.0546875 0.059375
0 0.53671875 0.91171875 0.046875 0.078125
0 0.590625 0.93515625 0.0390625 0.0609375
0 0.79765625 0.9671875 0.05625 0.065625
0 0.7125 0.9484375 0.05 0.0796875
0 0.84140625 0.8734375 0.08125 0.0828125
0 0.74609375 0.8390625 0.0390625 0.065625
0 0.77421875 0.78046875 0.06875 0.0765625
0 0.68671875 0.71796875 0.0546875 0.0859375
0 0.85234375 0.7 0.0578125 0.1015625
0 0.87109375 0.628125 0.05 0.06875
0 0.92265625 0.79609375 0.0359375 0.078125
0 0.74609375 0.365625 0.0421875 0.1
0 0.8078125 0.3359375 0.0390625 0.0515625
0 0.82578125 0.27890625 0.046875 0.084375
0 0.85078125 0.21328125 0.06875 0.0828125
0 0.73828125 0.13359375 0.046875 0.06875
0 0.74921875 0.078125 0.059375 0.0578125
0 0.796875 0.12890625 0.04375 0.090625
0 0.61953125 0.1484375 0.0359375 0.0453125
0 0.621875 0.1046875 0.053125 0.0609375
0 0.62265625 0.0546875 0.046875 0.065625
0 0.68515625 0.13203125 0.040625 0.065625
0 0.63984375 0.19921875 0.0390625 0.0578125
0 0.68984375 0.203125 0.04375 0.0625
0 0.7578125 0.25546875 0.065625 0.0796875
0 0.84296875 0.37890625 0.05 0.0671875
0 0.896875 0.353125 0.0375 0.0703125
0 0.87890625 0.43984375 0.0359375 0.0671875
0 0.78984375 0.42421875 0.04375 0.078125
0 0.65390625 0.4453125 0.0703125 0.071875
0 0.59140625 0.459375 0.0578125 0.090625
0 0.365625 0.253125 0.0515625 0.090625
0 0.19921875 0.271875 0.071875 0.0640625
0 0.06640625 0.2984375 0.06875 0.06875
0 0.38984375 0.51484375 0.0515625 0.0546875
0 0.46875 0.5546875 0.053125 0.06875
0 0.53828125 0.69609375 0.046875 0.05
0 0.23203125 0.7375 0.0484375 0.08125
0 0.1171875 0.9609375 0.0578125 0.0609375
0 0.25234375 0.4515625 0.0546875 0.078125
0 0.4359375 0.08984375 0.05 0.065625
0 0.54296875 0.0921875 0.046875 0.0515625
0 0.82578125 0.553125 0.0609375 0.0640625
0 0.809375 0.6328125 0.046875 0.0546875
0 0.940625 0.91015625 0.0421875 0.0515625
0 0.87109375 0.96640625 0.05 0.0671875
0 0.48515625 0.90703125 0.0421875 0.0578125
0 0.42734375 0.58359375 0.0578125 0.0671875
0 0.4109375 0.428125 0.0390625 0.053125
0 0.4375 0.28046875 0.04375 0.0578125
0 0.44921875 0.23046875 0.0375 0.05625
0 0.37578125 0.0828125 0.0359375 0.0421875
0 0.3890625 0.14921875 0.040625 0.05
0 0.1296875 0.05625 0.053125 0.046875
0 0.58828125 0.27734375 0.04375 0.0546875