0 0.165625 0.8875 0.121875 0.1234375
0 0.1453125 0.65078125 0.0578125 0.075
0 0.1140625 0.71328125 0.090625 0.134375
0 0.1171875 0.56484375 0.059375 0.1
0 0.065625 0.4875 0.0828125 0.10625
0 0.165625 0.4453125 0.0609375 0.0984375
0 0.2296875 0.465625 0.0703125 0.0796875
0 0.471875 0.52578125 0.078125 0.0890625
0 0.65078125 0.71875 0.0640625 0.1140625
0 0.7484375 0.47734375 0.075 0.0859375
0 0.75390625 0.58046875 0.0828125 0.078125
0 0.72734375 0.33046875 0.059375 0.1140625
0 0.57734375 0.49765625 0.0671875 0.0984375
0 0.4578125 0.6828125 0.078125 0.1046875
0 0.55390625 0.6625 0.06875 0.1078125
0 0.83046875 0.7515625 0.0546875 0.0953125
0 0.64609375 0.88671875 0.078125 0.0796875
0 0.25 0.2359375 0.075 0.096875
0 0.07734375 0.2375 0.090625 0.1078125
0 0.0734375 0.13828125 0.0734375 0.09375
0 0.19609375 0.06171875 0.059375 0.0890625
0 0.390625 0.3 0.05625 0.0890625
0 0.36328125 0.1734375 0.05 0.0796875
0 0.63203125 0.325 0.053125 0.06875
0 0.61328125 0.3921875 0.059375 0.075
0 0.771875 0.928125 0.075 0.10625
0 0.92578125 0.5484375 0.0453125 0.071875
0 0.97734375 0.4515625 0.0453125 0.0671875
0 0.89921875 0.4390625 0.0390625 0.046875
0 0.86015625 0.55078125 0.0484375 0.0703125
0 0.8203125 0.38125 0.0453125 0.075
0 0.759375 0.25 0.0453125 0.075
0 0.8328125 0.178125 0.046875 0.05625
0 0.87109375 0.225 0.040625 0.065625
0 0.6375 0.22421875 0.046875 0.065625
0 0.5765625 0.1984375 0.046875 0.0703125
0 0.57421875 0.10625 0.0484375 0.053125
0 0.55390625 0.03359375 0.0625 0.0671875
0 0.528125 0.284375 0.0453125 0.071875
0 0.50390625 0.18984375 0.0359375 0.075
0 0.4625 0.165625 0.0359375 0.0515625
0 0.5328125 0.4296875 0.0390625 0.0578125
0 0.509375 0.353125 0.0359375 0.0484375
0 0.4703125 0.37578125 0.0359375 0.0390625
0 0.4828125 0.45390625 0.040625 0.065625
0 0.85703125 0.83359375 0.0359375 0.05625
0 0.8296875 0.88046875 0.0515625 0.0765625
0 0.76640625 0.79375 0.0421875 0.090625
0 0.84765625 0.68515625 0.0453125 0.05625
0 0.80625 0.640625 0.0453125 0.059375
0 0.5703125 0.8234375 0.0375 0.0671875
0 0.54375 0.86640625 0.059375 0.0765625
0 0.56484375 0.73671875 0.0515625 0.071875
0 0.26328125 0.87578125 0.0484375 0.0859375
0 0.41484375 0.9734375 0.046875 0.053125
0 0.27578125 0.5078125 0.0578125 0.0671875
0 0.27265625 0.5765625 0.0625 0.071875
0 0.2515625 0.640625 0.05625 0.08125
0 0.21875 0.56328125 0.0390625 0.065625
0 0.19453125 0.59765625 0.040625 0.06875
0 0.06796875 0.58359375 0.0453125 0.078125
0 0.034375 0.853125 0.046875 0.0875
0 0.19296875 0.35859375 0.05 0.078125
0 0.1125 0.3265625 0.059375 0.075
0 0.20234375 0.284375 0.0375 0.059375
0 0.16171875 0.2875 0.0453125 0.08125
0 0.10078125 0.0375 0.0609375 0.075