0 0.5921875 0.40390625 0.04375 0.059375
0 0.8828125 0.4609375 0.071875 0.046875
0 0.73046875 0.59375 0.05625 0.05
0 0.6828125 0.62265625 0.0703125 0.053125
0 0.6890625 0.559375 0.0609375 0.0390625
0 0.596875 0.56953125 0.0625 0.0515625
0 0.4734375 0.584375 0.046875 0.040625
0 0.403125 0.60859375 0.0625 0.0546875
0 0.359375 0.575 0.0578125 0.046875
0 0.3640625 0.378125 0.05 0.04375
0 0.490625 0.353125 0.0515625 0.046875
0 0.33671875 0.51484375 0.0546875 0.0421875
0 0.53359375 0.49375 0.05 0.05
0 0.5953125 0.28125 0.04375 0.034375
0 0.690625 0.203125 0.059375 0.0484375
0 0.75234375 0.08359375 0.06875 0.05
0 0.3953125 0.4171875 0.03125 0.03125
0 0.36640625 0.428125 0.028125 0.021875
0 0.43359375 0.36328125 0.0296875 0.0296875
0 0.2828125 0.546875 0.03125 0.028125
0 0.22734375 0.57890625 0.0265625 0.0203125
0 0.2015625 0.5796875 0.021875 0.01875
0 0.10078125 0.575 0.025 0.03125
0 0.16640625 0.634375 0.028125 0.028125
0 0.20859375 0.67421875 0.0421875 0.0390625
0 0.2390625 0.64140625 0.0234375 0.028125
0 0.2390625 0.4609375 0.0265625 0.021875
0 0.3046875 0.35390625 0.03125 0.03125
0 0.39453125 0.3171875 0.028125 0.028125
0 0.38671875 0.271875 0.028125 0.028125
0 0.3984375 0.1984375 0.0265625 0.0265625
0 0.36484375 0.20625 0.028125 0.025
0 0.2828125 0.2390625 0.03125 0.025
0 0.22265625 0.2359375 0.034375 0.0296875
0 0.22109375 0.20703125 0.028125 0.03125
0 0.1171875 0.3109375 0.03125 0.0296875
0 0.20078125 0.3203125 0.0234375 0.021875
0 0.2375 0.3 0.0203125 0.0234375
0 0.196875 0.35078125 0.0203125 0.0171875
0 0.12109375 0.41328125 0.01875 0.021875
0 0.10546875 0.4234375 0.0171875 0.0171875
0 0.0734375 0.40390625 0.0234375 0.0203125
0 0.00859375 0.41640625 0.0171875 0.025
0 0.07578125 0.3453125 0.0296875 0.0296875
0 0.04375 0.325 0.0265625 0.01875
0 0.20546875 0.4140625 0.0234375 0.0203125
0 0.55078125 0.3078125 0.034375 0.034375
0 0.22578125 0.0984375 0.028125 0.028125
0 0.26484375 0.0421875 0.028125 0.028125
0 0.334375 0.09375 0.0203125 0.025
0 0.3078125 0.07421875 0.0265625 0.0296875
0 0.18125 0.02109375 0.028125 0.021875
0 0.1875 0.0859375 0.021875 0.0234375
0 0.1390625 0.08671875 0.0234375 0.0265625
0 0.48515625 0.0328125 0.028125 0.0234375
0 0.54375 0.065625 0.0265625 0.0265625
0 0.45703125 0.134375 0.0265625 0.0234375