0 0.8609375 0.8765625 0.0234375 0.0328125
0 0.865625 0.9234375 0.028125 0.0421875
0 0.95703125 0.87109375 0.0234375 0.046875
0 0.92578125 0.77421875 0.01875 0.0453125
0 0.96171875 0.65546875 0.0171875 0.0453125
0 0.93359375 0.55078125 0.025 0.071875
0 0.9296875 0.63203125 0.021875 0.0375
0 0.90078125 0.615625 0.0265625 0.0453125
0 0.91328125 0.53046875 0.0234375 0.0515625
0 0.83359375 0.340625 0.0203125 0.04375
0 0.815625 0.37109375 0.025 0.053125
0 0.89296875 0.29609375 0.0328125 0.0390625
0 0.93046875 0.1234375 0.0296875 0.0484375
0 0.9265625 0.190625 0.0203125 0.0609375
0 0.884375 0.2015625 0.021875 0.0515625
0 0.77734375 0.365625 0.01875 0.0421875
0 0.765625 0.4171875 0.01875 0.034375
0 0.746875 0.37421875 0.028125 0.034375
0 0.665625 0.44140625 0.0234375 0.028125
0 0.67421875 0.4765625 0.03125 0.04375
0 0.6765625 0.58984375 0.0203125 0.0453125
0 0.63046875 0.57890625 0.03125 0.0546875
0 0.6234375 0.64296875 0.021875 0.0375
0 0.63203125 0.684375 0.0171875 0.03125
0 0.58359375 0.5796875 0.0171875 0.034375
0 0.53828125 0.64453125 0.021875 0.0484375
0 0.59453125 0.64140625 0.0234375 0.0296875
0 0.58671875 0.70234375 0.0171875 0.028125
0 0.5578125 0.75546875 0.01875 0.04375
0 0.615625 0.76015625 0.0203125 0.034375
0 0.6 0.80390625 0.0203125 0.0296875
0 0.528125 0.29921875 0.01875 0.03125
0 0.525 0.34140625 0.0234375 0.0328125
0 0.5125 0.39140625 0.0296875 0.0671875
0 0.5421875 0.4546875 0.0265625 0.046875
0 0.5421875 0.5234375 0.0265625 0.05
0 0.534375 0.5625 0.0203125 0.0453125
0 0.5953125 0.309375 0.0328125 0.0484375
0 0.575 0.146875 0.0328125 0.04375
0 0.68046875 0.034375 0.03125 0.040625
0 0.5203125 0.04296875 0.03125 0.0328125
0 0.4765625 0.05 0.0296875 0.0390625
0 0.4671875 0.16328125 0.034375 0.0703125
0 0.465625 0.26171875 0.0234375 0.03125
0 0.43125 0.25625 0.0265625 0.0421875
0 0.40546875 0.42265625 0.0234375 0.04375
0 0.42578125 0.3578125 0.021875 0.034375
0 0.37578125 0.41171875 0.025 0.0515625
0 0.37890625 0.53359375 0.0203125 0.0484375
0 0.315625 0.52578125 0.0234375 0.0453125
0 0.27421875 0.50546875 0.021875 0.053125
0 0.346875 0.3546875 0.0203125 0.034375
0 0.32890625 0.3921875 0.01875 0.0359375
0 0.29921875 0.40078125 0.0203125 0.0546875
0 0.25078125 0.31953125 0.0296875 0.065625
0 0.2984375 0.17109375 0.03125 0.0640625
0 0.2734375 0.18125 0.034375 0.0609375
0 0.26328125 0.240625 0.025 0.0421875
0 0.2265625 0.0640625 0.0296875 0.0421875
0 0.18203125 0.06640625 0.028125 0.05
0 0.13671875 0.11953125 0.025 0.05625
0 0.24140625 0.090625 0.0265625 0.034375
0 0.24375 0.12890625 0.0328125 0.046875
0 0.2453125 0.1609375 0.0359375 0.05
0 0.175 0.3515625 0.034375 0.05
0 0.21875 0.28125 0.0203125 0.034375
0 0.215625 0.20546875 0.021875 0.0328125
0 0.20078125 0.15546875 0.0171875 0.0390625
0 0.1828125 0.1734375 0.0171875 0.0234375
0 0.1890625 0.19375 0.025 0.0390625
0 0.0640625 0.1390625 0.034375 0.0671875
0 0.1 0.04375 0.0203125 0.040625
0 0.0859375 0.0515625 0.0203125 0.0515625
0 0.0703125 0.31875 0.015625 0.0421875
0 0.0421875 0.32421875 0.01875 0.053125
0 0.11796875 0.471875 0.021875 0.04375
0 0.11171875 0.49609375 0.0234375 0.0375
0 0.1921875 0.66953125 0.028125 0.0609375
0 0.17578125 0.696875 0.0171875 0.0484375
0 0.33515625 0.62421875 0.015625 0.0296875
0 0.309375 0.66484375 0.028125 0.0609375
0 0.46015625 0.609375 0.01875 0.03125
0 0.43828125 0.6265625 0.0265625 0.0546875
0 0.43359375 0.5390625 0.0296875 0.0375
0 0.44296875 0.67265625 0.015625 0.03125
0 0.4109375 0.6671875 0.021875 0.04375
0 0.4859375 0.87890625 0.0265625 0.0375
0 0.490625 0.81171875 0.0203125 0.0359375
0 0.48046875 0.825 0.0203125 0.0328125
0 0.46328125 0.83515625 0.01875 0.03125
0 0.4359375 0.85390625 0.0234375 0.0515625
0 0.69609375 0.7359375 0.0234375 0.0390625
0 0.778125 0.9203125 0.01875 0.034375
0 0.80546875 0.9359375 0.0140625 0.034375
0 0.778125 0.95703125 0.0203125 0.03125
0 0.82421875 0.946875 0.0171875 0.03125
0 0.84140625 0.865625 0.015625 0.025
0 0.82734375 0.88984375 0.01875 0.03125
0 0.86328125 0.9609375 0.0109375 0.025
0 0.88046875 0.97265625 0.0125 0.025
0 0.925 0.928125 0.0140625 0.028125
0 0.95 0.96953125 0.01875 0.0296875
0 0.9125 0.95546875 0.015625 0.028125
0 0.8875 0.82109375 0.015625 0.0328125
0 0.8671875 0.7609375 0.0140625 0.01875
0 0.85390625 0.73828125 0.0140625 0.0296875
0 0.853125 0.7765625 0.0140625 0.021875
0 0.85390625 0.809375 0.0140625 0.03125
0 0.8375 0.81484375 0.0125 0.025
0 0.8234375 0.78125 0.0140625 0.034375
0 0.8265625 0.821875 0.009375 0.021875
0 0.81171875 0.809375 0.01875 0.028125
0 0.89765625 0.728125 0.015625 0.0328125
0 0.92890625 0.70546875 0.0171875 0.03125
0 0.87578125 0.67578125 0.0296875 0.0453125
0 0.8234375 0.69296875 0.0140625 0.0265625
0 0.78359375 0.8296875 0.0140625 0.028125
0 0.73828125 0.834375 0.0171875 0.0265625
0 0.74296875 0.8734375 0.0078125 0.021875
0 0.73984375 0.90546875 0.0125 0.0234375
0 0.71875 0.8671875 0.0109375 0.025
0 0.7078125 0.85234375 0.0125 0.0203125
0 0.69296875 0.87265625 0.015625 0.025
0 0.7296875 0.9671875 0.0140625 0.028125
0 0.64375 0.96875 0.015625 0.028125
0 0.746875 0.75078125 0.015625 0.03125
0 0.7265625 0.78125 0.015625 0.0296875
0 0.75078125 0.628125 0.015625 0.0265625
0 0.74296875 0.59609375 0.01875 0.040625
0 0.7328125 0.625 0.0125 0.0265625
0 0.83515625 0.60703125 0.0140625 0.0203125
0 0.79453125 0.59140625 0.0140625 0.028125
0 0.98984375 0.60859375 0.0203125 0.0359375
0 0.965625 0.5828125 0.025 0.0453125
0 0.88515625 0.42421875 0.01875 0.0515625
0 0.85390625 0.47265625 0.0203125 0.0390625
0 0.85078125 0.49921875 0.0140625 0.0328125
0 0.82890625 0.515625 0.0171875 0.0359375
0 0.77109375 0.47109375 0.0234375 0.0328125
0 0.85625 0.5453125 0.0125 0.03125
0 0.8421875 0.553125 0.0171875 0.0359375
0 0.8890625 0.33359375 0.0203125 0.0375
0 0.86640625 0.3453125 0.01875 0.046875
0 0.9078125 0.36953125 0.0203125 0.040625
0 0.9046875 0.4328125 0.0171875 0.0375
0 0.85390625 0.396875 0.0234375 0.0421875
0 0.809375 0.1734375 0.0234375 0.0453125
0 0.809375 0.20859375 0.025 0.040625
0 0.79296875 0.225 0.01875 0.0515625
0 0.77109375 0.25703125 0.0171875 0.03125
0 0.76953125 0.28671875 0.021875 0.0421875
0 0.81484375 0.06328125 0.03125 0.0484375
0 0.8671875 0.04140625 0.03125 0.0546875
0 0.7875 0.08203125 0.025 0.046875
0 0.71875 0.14453125 0.0203125 0.0375
0 0.72265625 0.19609375 0.021875 0.0421875
0 0.66640625 0.13046875 0.0171875 0.040625
0 0.72578125 0.303125 0.0203125 0.034375
0 0.6265625 0.25 0.015625 0.0359375
0 0.67734375 0.184375 0.0171875 0.028125
0 0.6421875 0.0953125 0.015625 0.0265625
0 0.6375 0.1328125 0.0171875 0.0375
0 0.57890625 0.01796875 0.0234375 0.0359375
0 0.5703125 0.06953125 0.0203125 0.040625
0 0.78359375 0.0234375 0.021875 0.046875
0 0.7484375 0.23046875 0.015625 0.0328125
0 0.66484375 0.225 0.0203125 0.0390625
0 0.66875 0.2640625 0.015625 0.0265625
0 0.6609375 0.309375 0.0125 0.0296875
0 0.72734375 0.5 0.0140625 0.0265625
0 0.76875 0.4984375 0.01875 0.0265625
0 0.74375 0.51171875 0.0171875 0.0234375
0 0.5953125 0.4234375 0.015625 0.03125
0 0.6015625 0.4640625 0.0171875 0.03125
0 0.6109375 0.40078125 0.0140625 0.028125
0 0.5953125 0.3859375 0.0203125 0.034375
0 0.621875 0.81875 0.0125 0.0265625
0 0.59765625 0.928125 0.0109375 0.025
0 0.53359375 0.9453125 0.0171875 0.028125
0 0.48671875 0.91484375 0.0234375 0.0375
0 0.43359375 0.91953125 0.0234375 0.0390625
0 0.4640625 0.9515625 0.0140625 0.028125
0 0.47578125 0.6890625 0.01875 0.0328125
0 0.46953125 0.71328125 0.015625 0.03125
0 0.4765625 0.75390625 0.015625 0.025
0 0.4484375 0.76875 0.015625 0.034375
0 0.4265625 0.775 0.01875 0.028125
0 0.54765625 0.71328125 0.015625 0.03125
0 0.44296875 0.7109375 0.0125 0.021875
0 0.396875 0.7015625 0.01875 0.03125
0 0.5453125 0.8328125 0.015625 0.028125
0 0.56171875 0.9625 0.0171875 0.0234375
0 0.6984375 0.76953125 0.015625 0.028125
0 0.71796875 0.646875 0.0140625 0.0234375
0 0.70859375 0.6625 0.015625 0.0296875
0 0.68828125 0.6859375 0.0140625 0.0234375
0 0.3578125 0.89609375 0.0203125 0.0390625
0 0.3375 0.7671875 0.0171875 0.0421875
0 0.3640625 0.71015625 0.0171875 0.0359375
0 0.3125 0.7625 0.01875 0.04375
0 0.29453125 0.75546875 0.015625 0.03125
0 0.29453125 0.70078125 0.0234375 0.03125
0 0.27265625 0.74921875 0.01875 0.04375
0 0.2765625 0.69375 0.015625 0.0375
0 0.23359375 0.77109375 0.0203125 0.028125
0 0.253125 0.8125 0.021875 0.03125
0 0.23359375 0.8125 0.0234375 0.05
0 0.31484375 0.8875 0.01875 0.0453125
0 0.390625 0.95703125 0.0203125 0.0375
0 0.35546875 0.95234375 0.0203125 0.0296875
0 0.3234375 0.97109375 0.01875 0.03125
0 0.296875 0.96171875 0.021875 0.040625
0 0.12265625 0.86953125 0.0203125 0.0390625
0 0.13046875 0.91015625 0.01875 0.0375
0 0.2203125 0.92578125 0.021875 0.040625
0 0.1828125 0.8625 0.021875 0.040625
0 0.15546875 0.765625 0.0171875 0.0328125
0 0.13828125 0.78359375 0.01875 0.0296875
0 0.1234375 0.7578125 0.0234375 0.034375
0 0.11953125 0.803125 0.0203125 0.0453125
0 0.2 0.75546875 0.01875 0.0328125
0 0.39140625 0.60234375 0.0203125 0.03125
0 0.334375 0.58203125 0.0125 0.0328125
0 0.30390625 0.62109375 0.0203125 0.034375
0 0.25625 0.5640625 0.0234375 0.0515625
0 0.40546875 0.46640625 0.0203125 0.04375
0 0.27734375 0.409375 0.0140625 0.0265625
0 0.2703125 0.4203125 0.015625 0.028125
0 0.215625 0.3765625 0.0171875 0.028125
0 0.2109375 0.41484375 0.025 0.0390625
0 0.17109375 0.4328125 0.025 0.05
0 0.1875 0.5140625 0.0171875 0.0375
0 0.14765625 0.5046875 0.01875 0.04375
0 0.134375 0.5625 0.0203125 0.0375
0 0.13671875 0.59296875 0.0171875 0.040625
0 0.15625 0.315625 0.0203125 0.0359375
0 0.52890625 0.26484375 0.015625 0.028125
0 0.5125 0.2671875 0.015625 0.028125
0 0.4140625 0.1953125 0.021875 0.0421875
0 0.46328125 0.1125 0.0125 0.0265625
0 0.42734375 0.1234375 0.0203125 0.053125
0 0.40625 0.12734375 0.0234375 0.04375
0 0.39765625 0.1640625 0.0203125 0.028125
0 0.42421875 0.03046875 0.0140625 0.034375
0 0.38984375 0.0265625 0.015625 0.034375
0 0.3625 0.0234375 0.015625 0.040625
0 0.38046875 0.06640625 0.01875 0.0375
0 0.34453125 0.04296875 0.01875 0.0375
0 0.33984375 0.0734375 0.0171875 0.034375
0 0.33828125 0.11484375 0.01875 0.03125
0 0.35234375 0.19453125 0.0140625 0.03125
0 0.3359375 0.1796875 0.015625 0.0296875
0 0.36796875 0.240625 0.0140625 0.03125
0 0.33515625 0.21953125 0.0171875 0.0390625
0 0.35546875 0.27890625 0.0125 0.03125
0 0.3203125 0.26171875 0.021875 0.034375
0 0.4015625 0.3046875 0.015625 0.0359375
0 0.4875 0.2859375 0.015625 0.03125
0 0.45078125 0.3015625 0.0234375 0.03125
0 0.525 0.11484375 0.021875 0.034375
0 0.49921875 0.1296875 0.0203125 0.0453125
0 0.51171875 0.2 0.015625 0.03125
0 0.49453125 0.3125 0.021875 0.0234375
0 0.44609375 0.0140625 0.021875 0.028125
0 0.4375 0.05 0.0140625 0.028125
0 0.421875 0.078125 0.015625 0.028125
0 0.315625 0.0890625 0.01875 0.0390625
0 0.2890625 0.01328125 0.0140625 0.0265625
0 0.26484375 0.0109375 0.0171875 0.021875
0 0.22265625 0.01640625 0.0203125 0.0328125
0 0.19375 0.0125 0.021875 0.025
0 0.1375 0.01875 0.021875 0.0375
0 0.134375 0.06484375 0.0203125 0.040625
0 0.125 0.19140625 0.0140625 0.025
0 0.12421875 0.22109375 0.0140625 0.0265625
0 0.115625 0.2625 0.015625 0.03125
0 0.12578125 0.30078125 0.0125 0.0375
0 0.0921875 0.41171875 0.0265625 0.040625
0 0.10859375 0.0953125 0.021875 0.040625
0 0.0359375 0.103125 0.01875 0.0390625
0 0.01171875 0.12421875 0.0234375 0.0484375
0 0.00703125 0.1859375 0.0140625 0.040625
0 0.040625 0.221875 0.015625 0.0453125
0 0.01640625 0.23984375 0.01875 0.040625
0 0.00703125 0.3859375 0.0140625 0.090625
0 0.009375 0.48828125 0.01875 0.0421875
0 0.0828125 0.4953125 0.021875 0.053125
0 0.06171875 0.34375 0.0140625 0.0359375
0 0.0578125 0.43828125 0.0203125 0.028125
0 0.11171875 0.58984375 0.028125 0.0546875
0 0.0609375 0.646875 0.01875 0.0265625
0 0.0625 0.67890625 0.0203125 0.0359375
0 0.04296875 0.6671875 0.0171875 0.034375
0 0.03515625 0.77421875 0.0203125 0.05
0 0.0203125 0.77890625 0.01875 0.0359375
0 0.75859375 0.05234375 0.0171875 0.034375
0 0.73984375 0.0828125 0.0203125 0.0328125
0 0.6234375 0.09140625 0.0140625 0.025
0 0.7890625 0.15625 0.021875 0.0296875
0 0.65859375 0.18046875 0.0140625 0.03125
0 0.62578125 0.17421875 0.0140625 0.025
0 0.73984375 0.33203125 0.015625 0.0265625
0 0.67109375 0.34140625 0.015625 0.03125
0 0.72734375 0.34140625 0.0109375 0.0265625
0 0.73203125 0.39453125 0.0171875 0.03125