0 0.3015625 0.31171875 0.128125 0.234375
0 0.33828125 0.69296875 0.0453125 0.0671875
0 0.26484375 0.696875 0.0453125 0.0640625
0 0.20859375 0.57734375 0.0421875 0.065625
0 0.01328125 0.6203125 0.0265625 0.0515625
0 0.0453125 0.79453125 0.0671875 0.06875
0 0.090625 0.7125 0.08125 0.078125
0 0.184375 0.8078125 0.075 0.0921875
0 0.02109375 0.9015625 0.0421875 0.0765625
0 0.07265625 0.9015625 0.0390625 0.0640625
0 0.071875 0.96953125 0.065625 0.05625
0 0.25234375 0.91328125 0.109375 0.09375
0 0.4109375 0.60078125 0.1375 0.14375
0 0.365625 0.81171875 0.0890625 0.1171875
0 0.48359375 0.76484375 0.084375 0.0828125
0 0.6296875 0.7796875 0.1015625 0.14375
0 0.53125 0.88046875 0.05625 0.0671875
0 0.58671875 0.9390625 0.1203125 0.084375
0 0.7375 0.83671875 0.0984375 0.1015625
0 0.7609375 0.9296875 0.0578125 0.0765625
0 0.8140625 0.8203125 0.059375 0.08125
0 0.78671875 0.61640625 0.109375 0.225
0 0.8828125 0.675 0.071875 0.125
0 0.8375 0.9125 0.0796875 0.078125
0 0.9609375 0.9328125 0.078125 0.1328125
0 0.815625 0.40625 0.075 0.0703125
0 0.9 0.47890625 0.0828125 0.0875
0 0.68671875 0.3875 0.0671875 0.1296875
0 0.5171875 0.06796875 0.115625 0.1359375
0 0.640625 0.09296875 0.10625 0.1859375
0 0.94921875 0.290625 0.1015625 0.21875
0 0.1765625 0.109375 0.0984375 0.1796875
0 0.01875 0.19296875 0.0375 0.2