0 0.3015625 0.68828125 0.128125 0.234375
0 0.33828125 0.30703125 0.0453125 0.0671875
0 0.26484375 0.303125 0.0453125 0.0640625
0 0.20859375 0.42265625 0.0421875 0.065625
0 0.01328125 0.3796875 0.0265625 0.0515625
0 0.0453125 0.20546875 0.0671875 0.06875
0 0.090625 0.2875 0.08125 0.078125
0 0.184375 0.1921875 0.075 0.0921875
0 0.02109375 0.0984375 0.0421875 0.0765625
0 0.07265625 0.0984375 0.0390625 0.0640625
0 0.071875 0.03046875 0.065625 0.05625
0 0.25234375 0.08671875 0.109375 0.09375
0 0.4109375 0.39921875 0.1375 0.14375
0 0.365625 0.18828125 0.0890625 0.1171875
0 0.48359375 0.23515625 0.084375 0.0828125
0 0.6296875 0.2203125 0.1015625 0.14375
0 0.53125 0.11953125 0.05625 0.0671875
0 0.58671875 0.0609375 0.1203125 0.084375
0 0.7375 0.16328125 0.0984375 0.1015625
0 0.7609375 0.0703125 0.0578125 0.0765625
0 0.8140625 0.1796875 0.059375 0.08125
0 0.78671875 0.38359375 0.109375 0.225
0 0.8828125 0.325 0.071875 0.125
0 0.8375 0.0875 0.0796875 0.078125
0 0.9609375 0.0671875 0.078125 0.1328125
0 0.815625 0.59375 0.075 0.0703125
0 0.9 0.52109375 0.0828125 0.0875
0 0.68671875 0.6125 0.0671875 0.1296875
0 0.5171875 0.93203125 0.115625 0.1359375
0 0.640625 0.90703125 0.10625 0.1859375
0 0.94921875 0.709375 0.1015625 0.21875
0 0.1765625 0.890625 0.0984375 0.1796875
0 0.01875 0.80703125 0.0375 0.2