0 0.525 0.59453125 0.1125 0.1734375
0 0.846875 0.7890625 0.1578125 0.2578125
0 0.853125 0.59375 0.059375 0.0921875
0 0.8203125 0.23203125 0.109375 0.1921875
0 0.9296875 0.284375 0.1125 0.1796875
0 0.853125 0.0765625 0.0859375 0.1453125
0 0.28828125 0.17890625 0.0953125 0.140625
0 0.11796875 0.321875 0.096875 0.1359375
0 0.2890625 0.475 0.0984375 0.1609375
0 0.18828125 0.634375 0.109375 0.140625
0 0.3421875 0.70390625 0.0484375 0.0625
0 0.36796875 0.83515625 0.034375 0.0578125
0 0.24375 0.83046875 0.05 0.05625
0 0.121875 0.88828125 0.0328125 0.059375
0 0.0625 0.71640625 0.0453125 0.0640625
0 0.37890625 0.33359375 0.0515625 0.09375
0 0.6109375 0.31328125 0.0609375 0.0890625
0 0.6859375 0.36796875 0.0625 0.115625
0 0.83984375 0.4328125 0.0578125 0.08125
0 0.68046875 0.47578125 0.0640625 0.0859375
0 0.78359375 0.54453125 0.0546875 0.0765625
0 0.67421875 0.5640625 0.0359375 0.0640625
0 0.67734375 0.6125 0.0453125 0.053125
0 0.71953125 0.52890625 0.0421875 0.05
0 0.9140625 0.6890625 0.0515625 0.0828125
0 0.61328125 0.79296875 0.0453125 0.0765625
0 0.68203125 0.82890625 0.034375 0.0453125
0 0.7578125 0.6484375 0.040625 0.0515625
0 0.721875 0.6859375 0.0390625 0.0453125
0 0.709375 0.7484375 0.0328125 0.0484375
0 0.70703125 0.0421875 0.05625 0.084375
0 0.6015625 0.046875 0.0453125 0.0640625
0 0.61875 0.1234375 0.0484375 0.075
0 0.725 0.15703125 0.040625 0.053125
0 0.3046875 0.046875 0.040625 0.0828125
0 0.3796875 0.09140625 0.034375 0.059375
0 0.4421875 0.13984375 0.028125 0.040625
0 0.396875 0.190625 0.0265625 0.059375
0 0.21171875 0.184375 0.0328125 0.053125
0 0.18828125 0.13359375 0.028125 0.04375
0 0.43828125 0.51484375 0.0359375 0.0453125
0 0.39921875 0.509375 0.0265625 0.0359375
0 0.4890625 0.7484375 0.0203125 0.040625
0 0.446875 0.82421875 0.025 0.0453125
0 0.53125 0.89140625 0.0375 0.046875
0 0.609375 0.91953125 0.034375 0.0453125
0 0.6046875 0.19375 0.028125 0.0421875
0 0.71875 0.25859375 0.0203125 0.0390625
0 0.6765625 0.26328125 0.034375 0.046875
0 0.58046875 0.43828125 0.0203125 0.03125
0 0.6109375 0.45625 0.025 0.034375
0 0.01875 0.21171875 0.0328125 0.04375
0 0.11640625 0.034375 0.0234375 0.0453125
0 0.61015625 0.63828125 0.0328125 0.046875
0 0.63828125 0.53671875 0.0171875 0.03125
0 0.5875 0.5265625 0.0234375 0.0421875
0 0.271875 0.63671875 0.03125 0.05
0 0.27421875 0.6875 0.0171875 0.0359375
0 0.290625 0.76484375 0.0328125 0.04375
0 0.22734375 0.98515625 0.0265625 0.0296875
0 0.0296875 0.94296875 0.034375 0.05625
0 0.06875 0.85390625 0.025 0.0453125
0 0.0078125 0.76640625 0.015625 0.0359375
0 0.015625 0.54765625 0.0234375 0.0421875
0 0.01328125 0.42890625 0.021875 0.0390625
0 0.0078125 0.33046875 0.015625 0.046875
0 0.240625 0.24765625 0.03125 0.0359375