0 0.475 0.40546875 0.1125 0.1734375
0 0.153125 0.2109375 0.1578125 0.2578125
0 0.146875 0.40625 0.059375 0.0921875
0 0.1796875 0.76796875 0.109375 0.1921875
0 0.0703125 0.715625 0.1125 0.1796875
0 0.146875 0.9234375 0.0859375 0.1453125
0 0.71171875 0.82109375 0.0953125 0.140625
0 0.88203125 0.678125 0.096875 0.1359375
0 0.7109375 0.525 0.0984375 0.1609375
0 0.81171875 0.365625 0.109375 0.140625
0 0.6578125 0.29609375 0.0484375 0.0625
0 0.63203125 0.16484375 0.034375 0.0578125
0 0.75625 0.16953125 0.05 0.05625
0 0.878125 0.11171875 0.0328125 0.059375
0 0.9375 0.28359375 0.0453125 0.0640625
0 0.62109375 0.66640625 0.0515625 0.09375
0 0.3890625 0.68671875 0.0609375 0.0890625
0 0.3140625 0.63203125 0.0625 0.115625
0 0.16015625 0.5671875 0.0578125 0.08125
0 0.31953125 0.52421875 0.0640625 0.0859375
0 0.21640625 0.45546875 0.0546875 0.0765625
0 0.32578125 0.4359375 0.0359375 0.0640625
0 0.32265625 0.3875 0.0453125 0.053125
0 0.28046875 0.47109375 0.0421875 0.05
0 0.0859375 0.3109375 0.0515625 0.0828125
0 0.38671875 0.20703125 0.0453125 0.0765625
0 0.31796875 0.17109375 0.034375 0.0453125
0 0.2421875 0.3515625 0.040625 0.0515625
0 0.278125 0.3140625 0.0390625 0.0453125
0 0.290625 0.2515625 0.0328125 0.0484375
0 0.29296875 0.9578125 0.05625 0.084375
0 0.3984375 0.953125 0.0453125 0.0640625
0 0.38125 0.8765625 0.0484375 0.075
0 0.275 0.84296875 0.040625 0.053125
0 0.6953125 0.953125 0.040625 0.0828125
0 0.6203125 0.90859375 0.034375 0.059375
0 0.5578125 0.86015625 0.028125 0.040625
0 0.603125 0.809375 0.0265625 0.059375
0 0.78828125 0.815625 0.0328125 0.053125
0 0.81171875 0.86640625 0.028125 0.04375
0 0.56171875 0.48515625 0.0359375 0.0453125
0 0.60078125 0.490625 0.0265625 0.0359375
0 0.5109375 0.2515625 0.0203125 0.040625
0 0.553125 0.17578125 0.025 0.0453125
0 0.46875 0.10859375 0.0375 0.046875
0 0.390625 0.08046875 0.034375 0.0453125
0 0.3953125 0.80625 0.028125 0.0421875
0 0.28125 0.74140625 0.0203125 0.0390625
0 0.3234375 0.73671875 0.034375 0.046875
0 0.41953125 0.56171875 0.0203125 0.03125
0 0.3890625 0.54375 0.025 0.034375
0 0.98125 0.78828125 0.0328125 0.04375
0 0.88359375 0.965625 0.0234375 0.0453125
0 0.38984375 0.36171875 0.0328125 0.046875
0 0.36171875 0.46328125 0.0171875 0.03125
0 0.4125 0.4734375 0.0234375 0.0421875
0 0.728125 0.36328125 0.03125 0.05
0 0.72578125 0.3125 0.0171875 0.0359375
0 0.709375 0.23515625 0.0328125 0.04375
0 0.77265625 0.01484375 0.0265625 0.0296875
0 0.9703125 0.05703125 0.034375 0.05625
0 0.93125 0.14609375 0.025 0.0453125
0 0.9921875 0.23359375 0.015625 0.0359375
0 0.984375 0.45234375 0.0234375 0.0421875
0 0.98671875 0.57109375 0.021875 0.0390625
0 0.9921875 0.66953125 0.015625 0.046875
0 0.759375 0.75234375 0.03125 0.0359375