0 0.56953125 0.7921875 0.078125 0.1546875
0 0.45859375 0.74375 0.0671875 0.10625
0 0.490625 0.48984375 0.0890625 0.1203125
0 0.5 0.57109375 0.0578125 0.1125
0 0.7671875 0.55 0.0953125 0.08125
0 0.8453125 0.73359375 0.0734375 0.1515625
0 0.82578125 0.44296875 0.0546875 0.09375
0 0.6984375 0.34296875 0.0609375 0.078125
0 0.96171875 0.36015625 0.0765625 0.0921875
0 0.8390625 0.8484375 0.0890625 0.115625
0 0.2609375 0.81484375 0.0609375 0.121875
0 0.19921875 0.75 0.0703125 0.109375
0 0.0765625 0.7484375 0.1109375 0.134375
0 0.140625 0.65234375 0.09375 0.1125
0 0.24921875 0.634375 0.0703125 0.0921875
0 0.33046875 0.6453125 0.059375 0.0953125
0 0.18671875 0.40625 0.0765625 0.1015625
0 0.1890625 0.4671875 0.0625 0.1015625
0 0.10859375 0.4609375 0.078125 0.1125
0 0.16328125 0.31171875 0.0703125 0.090625
0 0.125 0.3640625 0.0703125 0.0828125
0 0.3078125 0.2828125 0.08125 0.109375
0 0.1921875 0.1953125 0.0546875 0.1125
0 0.29453125 0.10859375 0.0875 0.11875
0 0.41484375 0.34765625 0.065625 0.0984375
0 0.06953125 0.10625 0.075 0.115625
0 0.60390625 0.23125 0.0609375 0.10625
0 0.55 0.2640625 0.071875 0.1
0 0.94296875 0.05703125 0.0578125 0.0890625
0 0.65703125 0.5109375 0.075 0.08125
0 0.66484375 0.575 0.084375 0.08125
0 0.66796875 0.80703125 0.059375 0.103125
0 0.634375 0.89140625 0.071875 0.115625