0 0.43046875 0.2078125 0.078125 0.1546875
0 0.54140625 0.25625 0.0671875 0.10625
0 0.509375 0.51015625 0.0890625 0.1203125
0 0.5 0.42890625 0.0578125 0.1125
0 0.2328125 0.45 0.0953125 0.08125
0 0.1546875 0.26640625 0.0734375 0.1515625
0 0.17421875 0.55703125 0.0546875 0.09375
0 0.3015625 0.65703125 0.0609375 0.078125
0 0.03828125 0.63984375 0.0765625 0.0921875
0 0.1609375 0.1515625 0.0890625 0.115625
0 0.7390625 0.18515625 0.0609375 0.121875
0 0.80078125 0.25 0.0703125 0.109375
0 0.9234375 0.2515625 0.1109375 0.134375
0 0.859375 0.34765625 0.09375 0.1125
0 0.75078125 0.365625 0.0703125 0.0921875
0 0.66953125 0.3546875 0.059375 0.0953125
0 0.81328125 0.59375 0.0765625 0.1015625
0 0.8109375 0.5328125 0.0625 0.1015625
0 0.89140625 0.5390625 0.078125 0.1125
0 0.83671875 0.68828125 0.0703125 0.090625
0 0.875 0.6359375 0.0703125 0.0828125
0 0.6921875 0.7171875 0.08125 0.109375
0 0.8078125 0.8046875 0.0546875 0.1125
0 0.70546875 0.89140625 0.0875 0.11875
0 0.58515625 0.65234375 0.065625 0.0984375
0 0.93046875 0.89375 0.075 0.115625
0 0.39609375 0.76875 0.0609375 0.10625
0 0.45 0.7359375 0.071875 0.1
0 0.05703125 0.94296875 0.0578125 0.0890625
0 0.34296875 0.4890625 0.075 0.08125
0 0.33515625 0.425 0.084375 0.08125
0 0.33203125 0.19296875 0.059375 0.103125
0 0.365625 0.10859375 0.071875 0.115625