0 0.43046875 0.7921875 0.078125 0.1546875
0 0.54140625 0.74375 0.0671875 0.10625
0 0.509375 0.48984375 0.0890625 0.1203125
0 0.5 0.57109375 0.0578125 0.1125
0 0.2328125 0.55 0.0953125 0.08125
0 0.1546875 0.73359375 0.0734375 0.1515625
0 0.17421875 0.44296875 0.0546875 0.09375
0 0.3015625 0.34296875 0.0609375 0.078125
0 0.03828125 0.36015625 0.0765625 0.0921875
0 0.1609375 0.8484375 0.0890625 0.115625
0 0.7390625 0.81484375 0.0609375 0.121875
0 0.80078125 0.75 0.0703125 0.109375
0 0.9234375 0.7484375 0.1109375 0.134375
0 0.859375 0.65234375 0.09375 0.1125
0 0.75078125 0.634375 0.0703125 0.0921875
0 0.66953125 0.6453125 0.059375 0.0953125
0 0.81328125 0.40625 0.0765625 0.1015625
0 0.8109375 0.4671875 0.0625 0.1015625
0 0.89140625 0.4609375 0.078125 0.1125
0 0.83671875 0.31171875 0.0703125 0.090625
0 0.875 0.3640625 0.0703125 0.0828125
0 0.6921875 0.2828125 0.08125 0.109375
0 0.8078125 0.1953125 0.0546875 0.1125
0 0.70546875 0.10859375 0.0875 0.11875
0 0.58515625 0.34765625 0.065625 0.0984375
0 0.93046875 0.10625 0.075 0.115625
0 0.39609375 0.23125 0.0609375 0.10625
0 0.45 0.2640625 0.071875 0.1
0 0.05703125 0.05703125 0.0578125 0.0890625
0 0.34296875 0.5109375 0.075 0.08125
0 0.33515625 0.575 0.084375 0.08125
0 0.33203125 0.80703125 0.059375 0.103125
0 0.365625 0.89140625 0.071875 0.115625