0 0.4765625 0.43984375 0.0921875 0.1453125
0 0.42890625 0.22890625 0.0765625 0.103125
0 0.57421875 0.13984375 0.06875 0.1671875
0 0.575 0.334375 0.053125 0.10625
0 0.64375 0.4140625 0.0578125 0.0859375
0 0.565625 0.48046875 0.0609375 0.10625
0 0.56875 0.59765625 0.0546875 0.1078125
0 0.584375 0.76796875 0.0625 0.10625
0 0.62578125 0.69375 0.0625 0.0828125
0 0.49296875 0.72734375 0.1375 0.1203125
0 0.37421875 0.55078125 0.05625 0.1296875
0 0.2515625 0.60234375 0.053125 0.0828125
0 0.14375 0.65703125 0.0859375 0.109375
0 0.04765625 0.6859375 0.0421875 0.0671875
0 0.040625 0.34765625 0.075 0.2359375
0 0.79609375 0.07109375 0.034375 0.1078125
0 0.79765625 0.29375 0.0375 0.0859375
0 0.83359375 0.4859375 0.05 0.0796875
0 0.8296875 0.9234375 0.046875 0.0796875
0 0.565625 0.8984375 0.0421875 0.0796875
0 0.32890625 0.78671875 0.0625 0.084375
0 0.41875 0.82109375 0.0453125 0.0875
0 0.47734375 0.09140625 0.0328125 0.053125