0 0.05 0.13671875 0.0171875 0.03125
0 0.05390625 0.0765625 0.0265625 0.0265625
0 0.01328125 0.17734375 0.01328125 0.0328125
0 0.0921875 0.18203125 0.0203125 0.03125
0 0.134375 0.3453125 0.01640625 0.02421875
0 0.2046875 0.303125 0.0140625 0.02578125
0 0.20234375 0.30546875 0.01875 0.0234375
0 0.225 0.26328125 0.02578125 0.0375
0 0.0609375 0.3328125 0.0125 0.0171875
0 0.07734375 0.27734375 0.01640625 0.028125
0 0.090625 0.26953125 0.01875 0.01875
0 0.15546875 0.16484375 0.01953125 0.02109375
0 0.17734375 0.1921875 0.0171875 0.01875
0 0.1234375 0.14921875 0.01328125 0.021875
0 0.17265625 0.1609375 0.0171875 0.0234375
0 0.21171875 0.1375 0.0234375 0.03359375
0 0.29375 0.34453125 0.0140625 0.025
0 0.33515625 0.328125 0.01796875 0.034375
0 0.3234375 0.2875 0.01875 0.01875
0 0.3640625 0.271875 0.0140625 0.02578125
0 0.39765625 0.2140625 0.01640625 0.02578125
0 0.66015625 0.0640625 0.040625 0.0546875
0 0.73046875 0.0859375 0.028125 0.04140625
0 0.56796875 0.2265625 0.0265625 0.03125
0 0.61015625 0.23828125 0.0171875 0.01328125
0 0.6578125 0.2375 0.01875 0.021875
0 0.56796875 0.221875 0.01796875 0.028125
0 0.60703125 0.20234375 0.01953125 0.02421875
0 0.66875 0.1828125 0.01875 0.02578125
0 0.67890625 0.16015625 0.01640625 0.01875
0 0.5421875 0.42265625 0.01875 0.0296875
0 0.5921875 0.365625 0.0234375 0.0296875
0 0.6609375 0.35703125 0.02265625 0.02890625
0 0.70859375 0.2125 0.01328125 0.021875
0 0.728125 0.215625 0.01171875 0.028125
0 0.7546875 0.15078125 0.01796875 0.03515625
0 0.321875 0.09140625 0.02109375 0.0328125
0 0.2578125 0.1921875 0.01796875 0.025
0 0.28203125 0.28125 0.01953125 0.03203125
0 0.296875 0.21171875 0.0125 0.0234375
0 0.38125 0.19296875 0.01484375 0.0171875
0 0.39765625 0.13984375 0.01953125 0.02890625
0 0.43984375 0.06171875 0.01875 0.02734375
0 0.45390625 0.0375 0.0171875 0.02109375
0 0.51015625 0.021875 0.0234375 0.0375
0 0.27734375 0.54140625 0.0171875 0.0234375
0 0.29296875 0.4921875 0.01953125 0.03125
0 0.1734375 0.41796875 0.0203125 0.0328125
0 0.225 0.39375 0.01796875 0.02265625
0 0.2453125 0.46796875 0.0125 0.02265625
0 0.25078125 0.4046875 0.01875 0.02578125
0 0.39765625 0.371875 0.01640625 0.02265625
0 0.38828125 0.34296875 0.01640625 0.01953125
0 0.41640625 0.31328125 0.01875 0.02890625
0 0.44453125 0.58515625 0.0234375 0.040625
0 0.3609375 0.5984375 0.02890625 0.03203125
0 0.378125 0.553125 0.01796875 0.0234375
0 0.35625 0.47578125 0.0171875 0.028125
0 0.428125 0.50859375 0.01875 0.02109375
0 0.47421875 0.303125 0.01953125 0.03125
0 0.415625 0.42109375 0.01796875 0.04296875
0 0.484375 0.375 0.02578125 0.03203125
0 0.57734375 0.44140625 0.02109375 0.03125
0 0.6296875 0.44921875 0.021875 0.02578125
0 0.5890625 0.53125 0.0125 0.01875
0 0.45234375 0.49140625 0.0140625 0.01796875
0 0.48671875 0.49375 0.01171875 0.01953125
0 0.546875 0.184375 0.00703125 0.01953125
0 0.81328125 0.20234375 0.0140625 0.02421875
0 0.7140625 0.41484375 0.0203125 0.0203125
0 0.740625 0.36953125 0.02265625 0.03046875
0 0.78515625 0.3 0.01875 0.025
0 0.7328125 0.28828125 0.01875 0.0203125
0 0.71015625 0.5015625 0.02421875 0.0296875
0 0.76171875 0.44765625 0.0203125 0.02890625
0 0.4421875 0.4609375 0.015625 0.0171875
0 0.171875 0.1 0.0171875 0.02578125
0 0.23984375 0.05703125 0.0203125 0.03046875
0 0.59765625 0.115625 0.0265625 0.034375
0 0.41484375 0.25703125 0.01796875 0.01171875
0 0.16640625 0.3765625 0.01328125 0.01953125
0 0.8640625 0.32421875 0.0296875 0.02890625
0 0.92734375 0.3359375 0.0265625 0.03125
0 0.83359375 0.078125 0.0203125 0.0234375
0 0.8375 0.1921875 0.0140625 0.01875
0 0.92734375 0.11796875 0.04140625 0.03828125
0 0.95859375 0.20546875 0.028125 0.0328125
0 0.26796875 0.71875 0.02421875 0.025
0 0.27890625 0.6671875 0.021875 0.0265625
0 0.50859375 0.625 0.021875 0.03125
0 0.5078125 0.6234375 0.025 0.02890625
0 0.47421875 0.60234375 0.01953125 0.02421875
0 0.6078125 0.5640625 0.02109375 0.0265625