0 0.45546875 0.91015625 0.3203125 0.1796875
0 0.33046875 0.71015625 0.23125 0.175
0 0.31953125 0.425 0.228125 0.21875
0 0.29375 0.17578125 0.19375 0.175
0 0.703125 0.39609375 0.21875 0.1515625
0 0.653125 0.159375 0.1609375 0.1375
0 0.48828125 0.290625 0.1203125 0.0953125
0 0.496875 0.478125 0.1515625 0.1296875
0 0.7484375 0.2453125 0.1390625 0.0953125
0 0.89375 0.2265625 0.103125 0.0765625
0 0.87578125 0.3 0.115625 0.0953125
0 0.909375 0.6171875 0.1578125 0.115625
0 0.6953125 0.54921875 0.190625 0.140625
0 0.6671875 0.690625 0.1765625 0.1453125
0 0.86953125 0.8015625 0.109375 0.0921875
0 0.96171875 0.79140625 0.0765625 0.115625
0 0.75390625 0.84296875 0.1078125 0.1
0 0.8375 0.8984375 0.1140625 0.0890625
0 0.915625 0.9625 0.16875 0.075
0 0.740625 0.94765625 0.1125 0.078125
0 0.14296875 0.78828125 0.1625 0.1375
0 0.075 0.665625 0.1140625 0.1
0 0.1125 0.4984375 0.1359375 0.1
0 0.16796875 0.57109375 0.1375 0.1078125
0 0.12421875 0.20859375 0.128125 0.1
0 0.85 0.084375 0.065625 0.071875
0 0.95859375 0.06015625 0.0828125 0.06875
0 0.56171875 0.04453125 0.1375 0.0890625
0 0.48671875 0.134375 0.08125 0.0734375