0 0.15546875 0.6984375 0.05 0.0703125
0 0.06640625 0.3453125 0.084375 0.1359375
0 0.14296875 0.52265625 0.0765625 0.125
0 0.19375 0.5453125 0.053125 0.059375
0 0.4328125 0.5625 0.0984375 0.15
0 0.3421875 0.68125 0.040625 0.0875
0 0.2703125 0.71953125 0.059375 0.071875
0 0.2109375 0.8 0.05625 0.0828125
0 0.28046875 0.93046875 0.06875 0.06875
0 0.371875 0.92109375 0.0515625 0.05
0 0.4953125 0.7828125 0.09375 0.1109375
0 0.52734375 0.7203125 0.0453125 0.059375
0 0.609375 0.6 0.0578125 0.0953125
0 0.71171875 0.521875 0.046875 0.0890625
0 0.746875 0.4546875 0.046875 0.071875
0 0.85 0.40703125 0.0734375 0.096875
0 0.78984375 0.26171875 0.0453125 0.0765625
0 0.7 0.35703125 0.028125 0.04375
0 0.64609375 0.29609375 0.0359375 0.0703125
0 0.5421875 0.38046875 0.046875 0.0625
0 0.4859375 0.29453125 0.0328125 0.046875
0 0.7328125 0.19453125 0.0328125 0.046875
0 0.6359375 0.075 0.0359375 0.05
0 0.6921875 0.04609375 0.034375 0.075
0 0.38984375 0.209375 0.0984375 0.13125
0 0.33515625 0.33828125 0.0453125 0.0765625
0 0.24140625 0.2453125 0.059375 0.0765625
0 0.22109375 0.10703125 0.153125 0.19375
0 0.4109375 0.04140625 0.09375 0.0828125
0 0.7546875 0.709375 0.0515625 0.08125
0 0.78984375 0.575 0.034375 0.075
0 0.93828125 0.52890625 0.11875 0.090625
0 0.84609375 0.69375 0.0578125 0.0828125
0 0.8 0.86484375 0.0375 0.0578125
0 0.71484375 0.89921875 0.0578125 0.0859375
0 0.71015625 0.81640625 0.0546875 0.0578125
0 0.64921875 0.72578125 0.05625 0.109375
0 0.6859375 0.75234375 0.0453125 0.059375
0 0.6296875 0.96953125 0.06875 0.059375
0 0.60546875 0.9109375 0.040625 0.0625
0 0.52890625 0.978125 0.0453125 0.04375
0 0.4140625 0.98671875 0.059375 0.0265625
0 0.55703125 0.8484375 0.053125 0.0640625