0 0.59609375 0.4140625 0.0671875 0.1875
0 0.52109375 0.49375 0.0375 0.05625
0 0.49453125 0.51640625 0.0625 0.121875
0 0.5421875 0.525 0.0484375 0.0953125
0 0.5296875 0.5765625 0.0390625 0.06875
0 0.534375 0.3375 0.034375 0.0671875
0 0.52578125 0.39609375 0.0375 0.0765625
0 0.5390625 0.0484375 0.071875 0.096875
0 0.7171875 0.08359375 0.059375 0.071875
0 0.6671875 0.06640625 0.0421875 0.071875
0 0.91015625 0.9453125 0.05 0.071875
0 0.815625 0.86953125 0.025 0.0625
0 0.9359375 0.72109375 0.028125 0.053125
0 0.9140625 0.7828125 0.0453125 0.0625
0 0.928125 0.83359375 0.0265625 0.053125
0 0.89609375 0.87578125 0.0453125 0.053125
0 0.98203125 0.83203125 0.0265625 0.0359375
0 0.7296875 0.66875 0.046875 0.059375
0 0.771875 0.65625 0.0359375 0.0546875
0 0.84296875 0.6953125 0.046875 0.0578125
0 0.728125 0.83671875 0.0296875 0.0578125
0 0.790625 0.75078125 0.0328125 0.046875
0 0.7515625 0.7609375 0.0359375 0.05625
0 0.728125 0.74453125 0.03125 0.053125
0 0.5703125 0.72421875 0.0453125 0.084375
0 0.61875 0.77734375 0.0296875 0.059375
0 0.59453125 0.7890625 0.040625 0.05
0 0.6390625 0.934375 0.0703125 0.0515625
0 0.61875 0.8265625 0.0359375 0.0640625
0 0.4859375 0.775 0.034375 0.0578125
0 0.5140625 0.80703125 0.0359375 0.06875
0 0.5453125 0.825 0.0296875 0.0484375
0 0.553125 0.8625 0.034375 0.0578125
0 0.44296875 0.91484375 0.046875 0.0875
0 0.44453125 0.78359375 0.0515625 0.0875
0 0.42421875 0.85625 0.04375 0.084375
0 0.3984375 0.809375 0.0609375 0.0671875
0 0.36171875 0.80234375 0.0578125 0.0828125
0 0.2140625 0.7828125 0.059375 0.096875
0 0.2515625 0.92421875 0.071875 0.0890625
0 0.37578125 0.70234375 0.046875 0.0984375
0 0.22890625 0.64453125 0.0484375 0.0796875
0 0.17890625 0.628125 0.05625 0.0703125
0 0.09921875 0.6453125 0.0671875 0.0796875
0 0.2390625 0.43359375 0.053125 0.0625
0 0.23046875 0.48984375 0.040625 0.0890625
0 0.19140625 0.48359375 0.0375 0.0859375
0 0.3505859375 0.5865960593749999 0.3515625 0.5646064890625 0.345703125 0.5499467734375 0.349609375 0.5323551171875 0.345703125 0.5206273453125 0.34765625 0.50596763125 0.337890625 0.4707843171875 0.337890625 0.45612460312499997 0.3515625 0.43853294531250003 0.357421875 0.418009346875 0.34765625 0.3798940890625 0.34765625 0.3535066046875 0.3408203125 0.343244803125 0.3310546875 0.3461767453125 0.328125 0.3417788328125 0.3271484375 0.31978926093750004 0.314453125 0.3212552328125 0.32421875 0.3505746609375 0.333984375 0.3593704890625 0.3359375 0.376962146875 0.341796875 0.38868991875000003 0.34375 0.41214546093750004 0.326171875 0.43560100312500005 0.322265625 0.4502607171875 0.326171875 0.45612460312499997 0.326171875 0.48544403125 0.33203125 0.4942398609375 0.33984375 0.5206273453125 0.337890625 0.535287059375 0.33984375 0.5528787171875 0.3505859375 0.5865960593749999
0 0.3515625 0.40041768906249997 0.34765625 0.3798940890625 0.34765625 0.3505746609375 0.3408203125 0.343244803125 0.32421875 0.34471077499999997 0.32421875 0.3505746609375 0.3359375 0.365234375 0.341796875 0.40041768906249997 0.3466796875 0.40774754687500003 0.3515625 0.40041768906249997
0 0.30078125 0.41015625 0.0390625 0.0890625
0 0.42890625 0.46015625 0.034375 0.0625
0 0.4578125 0.58984375 0.0515625 0.1046875
0 0.46640625 0.2984375 0.046875 0.090625
0 0.046875 0.07734375 0.0390625 0.0984375
0 0.84375 0.03984375 0.075 0.0796875
0 0.96015625 0.228125 0.0609375 0.0640625
0 0.978125 0.32421875 0.04375 0.0515625
0 0.896875 0.23046875 0.04375 0.053125
0 0.3642578125 0.5660724593750001 0.345703125 0.558742603125 0.34765625 0.5821981453125 0.33984375 0.5909939734375 0.34375 0.6320411734375 0.3623046875 0.6569626875 0.3779296875 0.6628265734375 0.380859375 0.658428659375 0.380859375 0.6467008875 0.3759765625 0.6393710296874999 0.3583984375 0.6335071453125 0.3515625 0.6144495156249999 0.3515625 0.5939259171875 0.3681640625 0.5807321734374999 0.369140625 0.573402315625 0.3642578125 0.5660724593750001
0 0.349609375 0.40628157500000006 0.326171875 0.43560100312500005 0.322265625 0.447328775 0.3251953125 0.45465863124999994 0.3349609375 0.45759057500000005 0.3515625 0.43853294531250003 0.357421875 0.418009346875 0.349609375 0.40628157500000006
0 0.0734375 0.31875 0.0390625 0.0703125
0 0.2109375 0.3359375 0.034375 0.0671875
0 0.20546875 0.26328125 0.0546875 0.059375
0 0.81328125 0.3328125 0.015625 0.04375
0 0.7875 0.346875 0.034375 0.0734375
0 0.6890625 0.4140625 0.046875 0.075
0 0.75 0.46796875 0.0625 0.09375
0 0.79609375 0.43828125 0.0484375 0.0953125
0 0.84453125 0.49921875 0.0453125 0.078125
0 0.8765625 0.36953125 0.0171875 0.040625
0 0.7359375 0.259375 0.0453125 0.05
0 0.7796875 0.19296875 0.040625 0.0671875
0 0.86328125 0.1515625 0.0375 0.071875
0 0.95703125 0.13515625 0.03125 0.0546875
0 0.9046875 0.06171875 0.0296875 0.0625
0 0.871875 0.078125 0.0296875 0.059375
0 0.9625 0.02578125 0.0328125 0.0515625
0 0.93359375 0.28046875 0.0203125 0.0359375
0 0.90859375 0.3109375 0.0203125 0.0390625
0 0.96328125 0.27109375 0.028125 0.0359375
0 0.94453125 0.36796875 0.0203125 0.040625
0 0.9734375 0.37265625 0.0265625 0.0328125
0 0.9765625 0.40546875 0.01875 0.028125
0 0.9546875 0.4015625 0.015625 0.028125
0 0.93125 0.4015625 0.015625 0.028125
0 0.99140625 0.45546875 0.0171875 0.0296875
0 0.9734375 0.4875 0.025 0.034375
0 0.96171875 0.61640625 0.0171875 0.0359375
0 0.98515625 0.5578125 0.0203125 0.0265625
0 0.9140625 0.596875 0.0171875 0.0375
0 0.90390625 0.42109375 0.028125 0.0359375
0 0.896875 0.4828125 0.0203125 0.040625
0 0.921875 0.50703125 0.0234375 0.0328125
0 0.94140625 0.62265625 0.0203125 0.03125
0 0.89453125 0.5453125 0.0203125 0.0359375
0 0.88125 0.56484375 0.0171875 0.0328125
0 0.94453125 0.53359375 0.01875 0.0375
0 0.92734375 0.540625 0.0203125 0.0390625
0 0.97734375 0.97265625 0.0453125 0.053125
0 0.97578125 0.934375 0.0296875 0.04375
0 0.85078125 0.97734375 0.04375 0.0453125
0 0.7359375 0.61328125 0.0390625 0.0484375
0 0.665625 0.5984375 0.0390625 0.0375
0 0.69921875 0.5640625 0.0234375 0.0328125
0 0.74140625 0.55078125 0.0203125 0.034375
0 0.76015625 0.56640625 0.0171875 0.040625
0 0.80546875 0.5640625 0.0171875 0.0296875
0 0.80546875 0.628125 0.0234375 0.0375
0 0.75703125 0.9109375 0.01875 0.0296875
0 0.68515625 0.975 0.0234375 0.0359375
0 0.70390625 0.496875 0.0203125 0.0359375
0 0.81953125 0.26953125 0.0390625 0.05
0 0.8578125 0.27734375 0.0359375 0.0625
0 0.86171875 0.2234375 0.0265625 0.0578125
0 0.834375 0.20546875 0.021875 0.0625
0 0.7421875 0.20859375 0.03125 0.05
0 0.7859375 0.28515625 0.021875 0.046875
0 0.75390625 0.309375 0.028125 0.0390625
0 0.74921875 0.36640625 0.0328125 0.059375
0 0.69609375 0.16171875 0.0296875 0.0484375
0 0.64140625 0.14140625 0.03125 0.0515625
0 0.6234375 0.09296875 0.03125 0.0390625
0 0.6328125 0.18046875 0.0328125 0.04375
0 0.66640625 0.196875 0.0234375 0.04375
0 0.6765625 0.2375 0.0234375 0.0421875
0 0.7 0.21640625 0.0296875 0.05625
0 0.6453125 0.23515625 0.025 0.0375
0 0.65 0.2875 0.025 0.059375
0 0.6109375 0.26953125 0.0265625 0.0515625
0 0.628125 0.31875 0.0296875 0.0703125
0 0.68984375 0.3171875 0.025 0.0421875
0 0.71484375 0.37265625 0.025 0.0609375
0 0.4828125 0.15859375 0.0421875 0.0484375
0 0.44609375 0.0296875 0.040625 0.0390625
0 0.52890625 0.2609375 0.025 0.046875
0 0.40703125 0.9796875 0.0328125 0.040625
0 0.31875 0.8890625 0.028125 0.04375
0 0.2828125 0.86015625 0.0265625 0.0609375
0 0.31875 0.753125 0.03125 0.04375
0 0.27265625 0.7796875 0.0296875 0.05625
0 0.29609375 0.65625 0.0328125 0.059375
0 0.3046875 0.60625 0.0484375 0.0390625
0 0.0875 0.35546875 0.0296875 0.046875
0 0.01015625 0.5234375 0.0203125 0.0390625
0 0.14296875 0.78046875 0.03125 0.090625
0 0.11015625 0.79375 0.025 0.059375
0 0.0390625 0.75390625 0.0453125 0.0578125
0 0.053125 0.80859375 0.03125 0.0578125
0 0.02109375 0.82578125 0.0328125 0.071875
0 0.05390625 0.97421875 0.0375 0.0515625
0 0.11484375 0.91796875 0.0328125 0.0640625
0 0.153125 0.86796875 0.034375 0.0578125
0 0.40234375 0.41875 0.015625 0.04375
0 0.38359375 0.3890625 0.0203125 0.0296875
0 0.3890625 0.3640625 0.015625 0.0234375
0 0.3703125 0.34609375 0.01875 0.025
0 0.4046875 0.3359375 0.0203125 0.0375
0 0.440625 0.34765625 0.0234375 0.0265625
0 0.46171875 0.37421875 0.0234375 0.040625
0 0.49375 0.39609375 0.0203125 0.0359375
0 0.49140625 0.3625 0.01875 0.028125
0 0.4984375 0.30390625 0.0296875 0.0296875
0 0.4953125 0.10078125 0.0203125 0.034375
0 0.3 0.28828125 0.0234375 0.0359375
0 0.37578125 0.2890625 0.015625 0.03125
0 0.24296875 0.38046875 0.01875 0.0234375
0 0.2125 0.19609375 0.0171875 0.0390625
0 0.1109375 0.31015625 0.01875 0.0359375
0 0.13125 0.3546875 0.0109375 0.0296875
0 0.14609375 0.38125 0.01875 0.0375
0 0.06796875 0.54296875 0.0265625 0.0203125
0 0.10078125 0.59140625 0.0234375 0.03125
0 0.07578125 0.61484375 0.025 0.0421875
0 0.0453125 0.6703125 0.01875 0.028125
0 0.03671875 0.63515625 0.0125 0.0234375
0 0.04765625 0.6484375 0.0125 0.021875
0 0.10234375 0.56328125 0.0140625 0.0234375
0 0.10234375 0.5 0.0171875 0.025
0 0.096875 0.5171875 0.0140625 0.0234375
0 0.0828125 0.45859375 0.0171875 0.0203125
0 0.09765625 0.43828125 0.021875 0.0265625
0 0.03671875 0.434375 0.0140625 0.028125
0 0.06015625 0.39296875 0.015625 0.0265625
0 0.0265625 0.3828125 0.0140625 0.021875
0 0.04453125 0.35859375 0.0140625 0.0234375
0 0.0578125 0.69765625 0.0171875 0.0359375
0 0.04453125 0.72265625 0.01875 0.025
0 0.128125 0.71015625 0.0234375 0.040625
0 0.02109375 0.665625 0.0109375 0.0234375
0 0.009375 0.72109375 0.0125 0.0203125
0 0.0578125 0.5796875 0.0125 0.021875
0 0.05703125 0.5984375 0.0109375 0.0171875
0 0.05390625 0.55546875 0.015625 0.0234375
0 0.39140625 0.5640625 0.0265625 0.046875
0 0.4359375 0.678125 0.0203125 0.0453125
0 0.56328125 0.61328125 0.0296875 0.0578125
0 0.540625 0.74140625 0.0234375 0.053125
0 0.51484375 0.73984375 0.021875 0.0453125
0 0.50234375 0.70546875 0.0265625 0.040625