0 0.59609375 0.5859375 0.0671875 0.1875
0 0.52109375 0.50625 0.0375 0.05625
0 0.49453125 0.48359375 0.0625 0.121875
0 0.5421875 0.475 0.0484375 0.0953125
0 0.5296875 0.4234375 0.0390625 0.06875
0 0.534375 0.6625 0.034375 0.0671875
0 0.52578125 0.60390625 0.0375 0.0765625
0 0.5390625 0.9515625 0.071875 0.096875
0 0.7171875 0.91640625 0.059375 0.071875
0 0.6671875 0.93359375 0.0421875 0.071875
0 0.91015625 0.0546875 0.05 0.071875
0 0.815625 0.13046875 0.025 0.0625
0 0.9359375 0.27890625 0.028125 0.053125
0 0.9140625 0.2171875 0.0453125 0.0625
0 0.928125 0.16640625 0.0265625 0.053125
0 0.89609375 0.12421875 0.0453125 0.053125
0 0.98203125 0.16796875 0.0265625 0.0359375
0 0.7296875 0.33125 0.046875 0.059375
0 0.771875 0.34375 0.0359375 0.0546875
0 0.84296875 0.3046875 0.046875 0.0578125
0 0.728125 0.16328125 0.0296875 0.0578125
0 0.790625 0.24921875 0.0328125 0.046875
0 0.7515625 0.2390625 0.0359375 0.05625
0 0.728125 0.25546875 0.03125 0.053125
0 0.5703125 0.27578125 0.0453125 0.084375
0 0.61875 0.22265625 0.0296875 0.059375
0 0.59453125 0.2109375 0.040625 0.05
0 0.6390625 0.065625 0.0703125 0.0515625
0 0.61875 0.1734375 0.0359375 0.0640625
0 0.4859375 0.225 0.034375 0.0578125
0 0.5140625 0.19296875 0.0359375 0.06875
0 0.5453125 0.175 0.0296875 0.0484375
0 0.553125 0.1375 0.034375 0.0578125
0 0.44296875 0.08515625 0.046875 0.0875
0 0.44453125 0.21640625 0.0515625 0.0875
0 0.42421875 0.14375 0.04375 0.084375
0 0.3984375 0.190625 0.0609375 0.0671875
0 0.36171875 0.19765625 0.0578125 0.0828125
0 0.2140625 0.2171875 0.059375 0.096875
0 0.2515625 0.07578125 0.071875 0.0890625
0 0.37578125 0.29765625 0.046875 0.0984375
0 0.22890625 0.35546875 0.0484375 0.0796875
0 0.17890625 0.371875 0.05625 0.0703125
0 0.09921875 0.3546875 0.0671875 0.0796875
0 0.2390625 0.56640625 0.053125 0.0625
0 0.23046875 0.51015625 0.040625 0.0890625
0 0.19140625 0.51640625 0.0375 0.0859375
0 0.3359375 0.623037853125 0.333984375 0.6406295109375 0.32421875 0.6494253390625 0.314453125 0.6787447671875 0.3271484375 0.6802107390625001 0.328125 0.6582211671875 0.3310546875 0.6538232546875 0.3408203125 0.6567551968750001 0.34765625 0.6464933953124999 0.34765625 0.6201059109375 0.357421875 0.581990653125 0.3515625 0.5614670546875 0.337890625 0.5438753968750001 0.337890625 0.5292156828125 0.34765625 0.49403236875 0.345703125 0.4793726546875 0.349609375 0.46764488281250005 0.345703125 0.4500532265625 0.3515625 0.43539351093749995 0.3505859375 0.413403940625 0.33984375 0.4471212828125 0.337890625 0.464712940625 0.33984375 0.4793726546875 0.33203125 0.5057601390625 0.326171875 0.51455596875 0.326171875 0.5438753968750001 0.322265625 0.5497392828125001 0.326171875 0.564398996875 0.34375 0.5878545390625 0.341796875 0.61131008125 0.3359375 0.623037853125
0 0.341796875 0.5995823109375 0.3359375 0.634765625 0.32421875 0.6494253390625 0.32421875 0.655289225 0.3408203125 0.6567551968750001 0.34765625 0.6494253390625 0.34765625 0.6201059109375 0.3515625 0.5995823109375 0.3466796875 0.592252453125 0.341796875 0.5995823109375
0 0.30078125 0.58984375 0.0390625 0.0890625
0 0.42890625 0.53984375 0.034375 0.0625
0 0.4578125 0.41015625 0.0515625 0.1046875
0 0.46640625 0.7015625 0.046875 0.090625
0 0.046875 0.92265625 0.0390625 0.0984375
0 0.84375 0.96015625 0.075 0.0796875
0 0.96015625 0.771875 0.0609375 0.0640625
0 0.978125 0.67578125 0.04375 0.0515625
0 0.896875 0.76953125 0.04375 0.053125
0 0.34375 0.3679588265625 0.33984375 0.40900602656249996 0.34765625 0.41780185468750003 0.345703125 0.44125739687500004 0.3642578125 0.43392754062499994 0.369140625 0.426597684375 0.3681640625 0.4192678265625 0.3515625 0.40607408281249996 0.3515625 0.385550484375 0.3583984375 0.36649285468750004 0.3759765625 0.36062897031249996 0.380859375 0.3532991125 0.380859375 0.341571340625 0.3779296875 0.3371734265625 0.3623046875 0.3430373125 0.34375 0.3679588265625
0 0.3251953125 0.54534136875 0.322265625 0.552671225 0.326171875 0.564398996875 0.349609375 0.5937184249999999 0.357421875 0.581990653125 0.3515625 0.5614670546875 0.3349609375 0.542409425 0.3251953125 0.54534136875
0 0.0734375 0.68125 0.0390625 0.0703125
0 0.2109375 0.6640625 0.034375 0.0671875
0 0.20546875 0.73671875 0.0546875 0.059375
0 0.81328125 0.6671875 0.015625 0.04375
0 0.7875 0.653125 0.034375 0.0734375
0 0.6890625 0.5859375 0.046875 0.075
0 0.75 0.53203125 0.0625 0.09375
0 0.79609375 0.56171875 0.0484375 0.0953125
0 0.84453125 0.50078125 0.0453125 0.078125
0 0.8765625 0.63046875 0.0171875 0.040625
0 0.7359375 0.740625 0.0453125 0.05
0 0.7796875 0.80703125 0.040625 0.0671875
0 0.86328125 0.8484375 0.0375 0.071875
0 0.95703125 0.86484375 0.03125 0.0546875
0 0.9046875 0.93828125 0.0296875 0.0625
0 0.871875 0.921875 0.0296875 0.059375
0 0.9625 0.97421875 0.0328125 0.0515625
0 0.93359375 0.71953125 0.0203125 0.0359375
0 0.90859375 0.6890625 0.0203125 0.0390625
0 0.96328125 0.72890625 0.028125 0.0359375
0 0.94453125 0.63203125 0.0203125 0.040625
0 0.9734375 0.62734375 0.0265625 0.0328125
0 0.9765625 0.59453125 0.01875 0.028125
0 0.9546875 0.5984375 0.015625 0.028125
0 0.93125 0.5984375 0.015625 0.028125
0 0.99140625 0.54453125 0.0171875 0.0296875
0 0.9734375 0.5125 0.025 0.034375
0 0.96171875 0.38359375 0.0171875 0.0359375
0 0.98515625 0.4421875 0.0203125 0.0265625
0 0.9140625 0.403125 0.0171875 0.0375
0 0.90390625 0.57890625 0.028125 0.0359375
0 0.896875 0.5171875 0.0203125 0.040625
0 0.921875 0.49296875 0.0234375 0.0328125
0 0.94140625 0.37734375 0.0203125 0.03125
0 0.89453125 0.4546875 0.0203125 0.0359375
0 0.88125 0.43515625 0.0171875 0.0328125
0 0.94453125 0.46640625 0.01875 0.0375
0 0.92734375 0.459375 0.0203125 0.0390625
0 0.97734375 0.02734375 0.0453125 0.053125
0 0.97578125 0.065625 0.0296875 0.04375
0 0.85078125 0.02265625 0.04375 0.0453125
0 0.7359375 0.38671875 0.0390625 0.0484375
0 0.665625 0.4015625 0.0390625 0.0375
0 0.69921875 0.4359375 0.0234375 0.0328125
0 0.74140625 0.44921875 0.0203125 0.034375
0 0.76015625 0.43359375 0.0171875 0.040625
0 0.80546875 0.4359375 0.0171875 0.0296875
0 0.80546875 0.371875 0.0234375 0.0375
0 0.75703125 0.0890625 0.01875 0.0296875
0 0.68515625 0.025 0.0234375 0.0359375
0 0.70390625 0.503125 0.0203125 0.0359375
0 0.81953125 0.73046875 0.0390625 0.05
0 0.8578125 0.72265625 0.0359375 0.0625
0 0.86171875 0.7765625 0.0265625 0.0578125
0 0.834375 0.79453125 0.021875 0.0625
0 0.7421875 0.79140625 0.03125 0.05
0 0.7859375 0.71484375 0.021875 0.046875
0 0.75390625 0.690625 0.028125 0.0390625
0 0.74921875 0.63359375 0.0328125 0.059375
0 0.69609375 0.83828125 0.0296875 0.0484375
0 0.64140625 0.85859375 0.03125 0.0515625
0 0.6234375 0.90703125 0.03125 0.0390625
0 0.6328125 0.81953125 0.0328125 0.04375
0 0.66640625 0.803125 0.0234375 0.04375
0 0.6765625 0.7625 0.0234375 0.0421875
0 0.7 0.78359375 0.0296875 0.05625
0 0.6453125 0.76484375 0.025 0.0375
0 0.65 0.7125 0.025 0.059375
0 0.6109375 0.73046875 0.0265625 0.0515625
0 0.628125 0.68125 0.0296875 0.0703125
0 0.68984375 0.6828125 0.025 0.0421875
0 0.71484375 0.62734375 0.025 0.0609375
0 0.4828125 0.84140625 0.0421875 0.0484375
0 0.44609375 0.9703125 0.040625 0.0390625
0 0.52890625 0.7390625 0.025 0.046875
0 0.40703125 0.0203125 0.0328125 0.040625
0 0.31875 0.1109375 0.028125 0.04375
0 0.2828125 0.13984375 0.0265625 0.0609375
0 0.31875 0.246875 0.03125 0.04375
0 0.27265625 0.2203125 0.0296875 0.05625
0 0.29609375 0.34375 0.0328125 0.059375
0 0.3046875 0.39375 0.0484375 0.0390625
0 0.0875 0.64453125 0.0296875 0.046875
0 0.01015625 0.4765625 0.0203125 0.0390625
0 0.14296875 0.21953125 0.03125 0.090625
0 0.11015625 0.20625 0.025 0.059375
0 0.0390625 0.24609375 0.0453125 0.0578125
0 0.053125 0.19140625 0.03125 0.0578125
0 0.02109375 0.17421875 0.0328125 0.071875
0 0.05390625 0.02578125 0.0375 0.0515625
0 0.11484375 0.08203125 0.0328125 0.0640625
0 0.153125 0.13203125 0.034375 0.0578125
0 0.40234375 0.58125 0.015625 0.04375
0 0.38359375 0.6109375 0.0203125 0.0296875
0 0.3890625 0.6359375 0.015625 0.0234375
0 0.3703125 0.65390625 0.01875 0.025
0 0.4046875 0.6640625 0.0203125 0.0375
0 0.440625 0.65234375 0.0234375 0.0265625
0 0.46171875 0.62578125 0.0234375 0.040625
0 0.49375 0.60390625 0.0203125 0.0359375
0 0.49140625 0.6375 0.01875 0.028125
0 0.4984375 0.69609375 0.0296875 0.0296875
0 0.4953125 0.89921875 0.0203125 0.034375
0 0.3 0.71171875 0.0234375 0.0359375
0 0.37578125 0.7109375 0.015625 0.03125
0 0.24296875 0.61953125 0.01875 0.0234375
0 0.2125 0.80390625 0.0171875 0.0390625
0 0.1109375 0.68984375 0.01875 0.0359375
0 0.13125 0.6453125 0.0109375 0.0296875
0 0.14609375 0.61875 0.01875 0.0375
0 0.06796875 0.45703125 0.0265625 0.0203125
0 0.10078125 0.40859375 0.0234375 0.03125
0 0.07578125 0.38515625 0.025 0.0421875
0 0.0453125 0.3296875 0.01875 0.028125
0 0.03671875 0.36484375 0.0125 0.0234375
0 0.04765625 0.3515625 0.0125 0.021875
0 0.10234375 0.43671875 0.0140625 0.0234375
0 0.10234375 0.5 0.0171875 0.025
0 0.096875 0.4828125 0.0140625 0.0234375
0 0.0828125 0.54140625 0.0171875 0.0203125
0 0.09765625 0.56171875 0.021875 0.0265625
0 0.03671875 0.565625 0.0140625 0.028125
0 0.06015625 0.60703125 0.015625 0.0265625
0 0.0265625 0.6171875 0.0140625 0.021875
0 0.04453125 0.64140625 0.0140625 0.0234375
0 0.0578125 0.30234375 0.0171875 0.0359375
0 0.04453125 0.27734375 0.01875 0.025
0 0.128125 0.28984375 0.0234375 0.040625
0 0.02109375 0.334375 0.0109375 0.0234375
0 0.009375 0.27890625 0.0125 0.0203125
0 0.0578125 0.4203125 0.0125 0.021875
0 0.05703125 0.4015625 0.0109375 0.0171875
0 0.05390625 0.44453125 0.015625 0.0234375
0 0.39140625 0.4359375 0.0265625 0.046875
0 0.4359375 0.321875 0.0203125 0.0453125
0 0.56328125 0.38671875 0.0296875 0.0578125
0 0.540625 0.25859375 0.0234375 0.053125
0 0.51484375 0.26015625 0.021875 0.0453125
0 0.50234375 0.29453125 0.0265625 0.040625