0 0.9765625 0.4234375 0.0453125 0.0796875
0 0.9625 0.01328125 0.0515625 0.0265625
0 0.9046875 0.459375 0.0859375 0.171875
0 0.809375 0.62421875 0.053125 0.0515625
0 0.94765625 0.9125 0.1046875 0.175
0 0.74140625 0.77265625 0.084375 0.1125
0 0.79609375 0.72265625 0.0375 0.053125
0 0.75 0.3875 0.090625 0.115625
0 0.6375 0.1484375 0.046875 0.0671875
0 0.60390625 0.25078125 0.0359375 0.0625
0 0.64375 0.38359375 0.0671875 0.0703125
0 0.515625 0.4484375 0.0515625 0.0875
0 0.52734375 0.29921875 0.10625 0.121875
0 0.4125 0.53125 0.0796875 0.0984375
0 0.5046875 0.69296875 0.059375 0.1015625
0 0.53515625 0.88125 0.0578125 0.115625
0 0.4078125 0.9046875 0.05625 0.1453125
0 0.21796875 0.95234375 0.0859375 0.0953125
0 0.47890625 0.97421875 0.159375 0.0515625
0 0.31953125 0.83046875 0.065625 0.15625
0 0.396875 0.66875 0.059375 0.090625