0 0.59609375 0.66015625 0.0875 0.1
0 0.25859375 0.5453125 0.1046875 0.0921875
0 0.26796875 0.621875 0.06875 0.121875
0 0.1890625 0.4671875 0.053125 0.0859375
0 0.15859375 0.54296875 0.0578125 0.059375
0 0.0515625 0.71171875 0.103125 0.1671875
0 0.13046875 0.41953125 0.0890625 0.103125
0 0.22890625 0.34609375 0.0984375 0.0734375
0 0.3515625 0.29765625 0.1421875 0.1796875
0 0.5375 0.30859375 0.08125 0.08125
0 0.5234375 0.18359375 0.1421875 0.115625
0 0.69921875 0.03984375 0.0640625 0.0796875
0 0.78515625 0.171875 0.0359375 0.04375
0 0.70078125 0.2953125 0.09375 0.121875
0 0.978125 0.1640625 0.0375 0.05
0 0.2328125 0.03984375 0.115625 0.0796875
0 0.13671875 0.24296875 0.0546875 0.0671875
0 0.4328125 0.03203125 0.09375 0.0640625
0 0.10625 0.6359375 0.05625 0.065625
0 0.3875 0.7109375 0.046875 0.06875
0 0.5390625 0.034375 0.0609375 0.06875