0 0.44453125 0.396875 0.0921875 0.19375
0 0.36015625 0.34765625 0.04375 0.0453125
0 0.325 0.478125 0.078125 0.1140625
0 0.25625 0.59140625 0.04375 0.0625
0 0.0546875 0.453125 0.109375 0.234375
0 0.1046875 0.3984375 0.075 0.08125
0 0.20859375 0.134375 0.128125 0.1359375
0 0.76484375 0.446875 0.1546875 0.2265625
0 0.84375 0.38203125 0.084375 0.1359375
0 0.9140625 0.121875 0.16875 0.1609375
0 0.64921875 0.08203125 0.15625 0.1640625
0 0.48984375 0.7203125 0.103125 0.1046875
0 0.4015625 0.61171875 0.196875 0.146875
0 0.41328125 0.653125 0.0484375 0.059375
0 0.42578125 0.778125 0.05625 0.08125
0 0.4859375 0.640625 0.05625 0.0640625
0 0.82265625 0.75859375 0.053125 0.09375
0 0.09375 0.64296875 0.084375 0.1