0 0.44453125 0.603125 0.0921875 0.19375
0 0.36015625 0.65234375 0.04375 0.0453125
0 0.325 0.521875 0.078125 0.1140625
0 0.25625 0.40859375 0.04375 0.0625
0 0.0546875 0.546875 0.109375 0.234375
0 0.1046875 0.6015625 0.075 0.08125
0 0.20859375 0.865625 0.128125 0.1359375
0 0.76484375 0.553125 0.1546875 0.2265625
0 0.84375 0.61796875 0.084375 0.1359375
0 0.9140625 0.878125 0.16875 0.1609375
0 0.64921875 0.91796875 0.15625 0.1640625
0 0.48984375 0.2796875 0.103125 0.1046875
0 0.4015625 0.38828125 0.196875 0.146875
0 0.41328125 0.346875 0.0484375 0.059375
0 0.42578125 0.221875 0.05625 0.08125
0 0.4859375 0.359375 0.05625 0.0640625
0 0.82265625 0.24140625 0.053125 0.09375
0 0.09375 0.35703125 0.084375 0.1