0 0.1421875 0.12421875 0.040625 0.0703125
0 0.1953125 0.1140625 0.0390625 0.05625
0 0.265625 0.13828125 0.034375 0.075
0 0.275 0.190625 0.0390625 0.059375
0 0.30625 0.24609375 0.0390625 0.0671875
0 0.190625 0.321875 0.0234375 0.059375
0 0.209375 0.25390625 0.025 0.0515625
0 0.2421875 0.33125 0.025 0.0609375
0 0.3125 0.321875 0.05625 0.0625
0 0.38203125 0.19609375 0.0359375 0.0828125
0 0.38046875 0.25625 0.03125 0.0515625
0 0.28671875 0.1421875 0.0296875 0.0546875
0 0.03046875 0.16875 0.04375 0.0703125
0 0.14375 0.22421875 0.0453125 0.0546875
0 0.19375 0.209375 0.0328125 0.059375
0 0.14296875 0.30078125 0.0296875 0.05
0 0.1328125 0.41015625 0.025 0.046875
0 0.19921875 0.359375 0.0203125 0.0390625
0 0.2296875 0.4203125 0.0328125 0.0546875
0 0.1609375 0.7671875 0.034375 0.0546875
0 0.15546875 0.82109375 0.0328125 0.0609375
0 0.18125 0.84765625 0.025 0.0875
0 0.32421875 0.825 0.028125 0.0453125
0 0.371875 0.9140625 0.025 0.078125
0 0.3984375 0.8375 0.0265625 0.046875
0 0.39140625 0.9109375 0.028125 0.0546875
0 0.4265625 0.83671875 0.028125 0.05
0 0.43984375 0.70703125 0.0296875 0.0609375
0 0.4765625 0.746875 0.0328125 0.084375
0 0.2734375 0.63828125 0.0359375 0.0515625
0 0.28359375 0.71640625 0.0328125 0.0515625
0 0.18671875 0.70078125 0.0296875 0.0546875
0 0.04765625 0.79296875 0.0234375 0.046875
0 0.4765625 0.8171875 0.0375 0.0609375
0 0.5265625 0.84921875 0.0296875 0.05625
0 0.4359375 0.9125 0.0171875 0.065625
0 0.4734375 0.95625 0.0265625 0.0546875
0 0.4875 0.9296875 0.0265625 0.0328125
0 0.33046875 0.51640625 0.0296875 0.046875
0 0.40703125 0.45625 0.01875 0.0421875
0 0.40859375 0.5078125 0.0328125 0.071875
0 0.5125 0.48671875 0.0375 0.065625
0 0.2984375 0.61171875 0.03125 0.0609375
0 0.43515625 0.3625 0.0546875 0.0578125
0 0.44453125 0.3078125 0.0328125 0.053125
0 0.44296875 0.11484375 0.03125 0.05625
0 0.44296875 0.1453125 0.0296875 0.0578125
0 0.4421875 0.18515625 0.0296875 0.0546875
0 0.46328125 0.1484375 0.0390625 0.0640625
0 0.46953125 0.2046875 0.0296875 0.0578125
0 0.49375 0.11328125 0.034375 0.05
0 0.55 0.13828125 0.0296875 0.0578125
0 0.61015625 0.19609375 0.0265625 0.05625
0 0.675 0.203125 0.04375 0.0546875
0 0.703125 0.2265625 0.0453125 0.084375
0 0.6734375 0.2484375 0.03125 0.040625
0 0.65234375 0.38671875 0.04375 0.078125
0 0.6625 0.60078125 0.046875 0.08125
0 0.5734375 0.609375 0.0296875 0.0546875
0 0.57265625 0.675 0.0359375 0.0703125
0 0.64765625 0.65390625 0.0265625 0.075
0 0.85234375 0.409375 0.0421875 0.1046875
0 0.7265625 0.6921875 0.034375 0.090625
0 0.6078125 0.7890625 0.03125 0.0625
0 0.83125 0.84921875 0.0234375 0.05625
0 0.7015625 0.76015625 0.0234375 0.0609375
0 0.7625 0.18828125 0.03125 0.0625
0 0.553125 0.02890625 0.0421875 0.0578125
0 0.96171875 0.57265625 0.0234375 0.0640625
0 0.90234375 0.92890625 0.0359375 0.0578125
0 0.14921875 0.5203125 0.025 0.0265625
0 0.1234375 0.50859375 0.015625 0.03125
0 0.12421875 0.56796875 0.0109375 0.0390625
0 0.0609375 0.571875 0.0140625 0.03125
0 0.0296875 0.53125 0.0171875 0.03125
0 0.0765625 0.465625 0.0171875 0.0328125
0 0.0875 0.421875 0.0203125 0.0359375
0 0.0609375 0.34453125 0.0171875 0.0375
0 0.05859375 0.3796875 0.01875 0.028125
0 0.0578125 0.409375 0.0140625 0.028125
0 0.23515625 0.51171875 0.01875 0.0359375
0 0.25390625 0.50625 0.0125 0.0328125
0 0.22890625 0.590625 0.0171875 0.0375
0 0.19453125 0.6078125 0.01875 0.0390625
0 0.1953125 0.653125 0.0171875 0.0375
0 0.21640625 0.66015625 0.0171875 0.0421875
0 0.24296875 0.86875 0.0234375 0.05
0 0.5078125 0.6078125 0.0234375 0.04375
0 0.44609375 0.6140625 0.025 0.0515625
0 0.62421875 0.5 0.01875 0.0421875
0 0.64609375 0.50859375 0.0265625 0.0546875
0 0.6203125 0.6296875 0.021875 0.0375
0 0.63125 0.74453125 0.028125 0.0375
0 0.50859375 0.559375 0.03125 0.05625
0 0.4859375 0.1921875 0.025 0.04375
0 0.51015625 0.08046875 0.028125 0.03125
0 0.4328125 0.07578125 0.0328125 0.0390625
0 0.4359375 0.02421875 0.021875 0.0484375
0 0.61953125 0.07109375 0.0234375 0.0421875
0 0.68828125 0.0390625 0.021875 0.0296875
0 0.7609375 0.125 0.0234375 0.0578125
0 0.821875 0.05859375 0.021875 0.04375
0 0.884375 0.02421875 0.03125 0.0484375
0 0.94921875 0.2453125 0.0203125 0.0671875
0 0.9515625 0.32734375 0.0234375 0.075
0 0.89765625 0.33671875 0.028125 0.0546875
0 0.8609375 0.31640625 0.0234375 0.05625
0 0.83125 0.28046875 0.028125 0.0578125
0 0.95078125 0.41953125 0.0359375 0.05
0 0.85625 0.52421875 0.028125 0.05
0 0.85 0.57734375 0.028125 0.0421875
0 0.8703125 0.61953125 0.028125 0.0328125
0 0.88671875 0.70078125 0.028125 0.04375
0 0.66484375 0.88046875 0.025 0.04375
0 0.69609375 0.85703125 0.0234375 0.05
0 0.5765625 0.8328125 0.03125 0.040625
0 0.5671875 0.76328125 0.01875 0.046875
0 0.315625 0.87265625 0.021875 0.034375
0 0.00859375 0.290625 0.0171875 0.0546875