0 0.1421875 0.87578125 0.040625 0.0703125
0 0.1953125 0.8859375 0.0390625 0.05625
0 0.265625 0.86171875 0.034375 0.075
0 0.275 0.809375 0.0390625 0.059375
0 0.30625 0.75390625 0.0390625 0.0671875
0 0.190625 0.678125 0.0234375 0.059375
0 0.209375 0.74609375 0.025 0.0515625
0 0.2421875 0.66875 0.025 0.0609375
0 0.3125 0.678125 0.05625 0.0625
0 0.38203125 0.80390625 0.0359375 0.0828125
0 0.38046875 0.74375 0.03125 0.0515625
0 0.28671875 0.8578125 0.0296875 0.0546875
0 0.03046875 0.83125 0.04375 0.0703125
0 0.14375 0.77578125 0.0453125 0.0546875
0 0.19375 0.790625 0.0328125 0.059375
0 0.14296875 0.69921875 0.0296875 0.05
0 0.1328125 0.58984375 0.025 0.046875
0 0.19921875 0.640625 0.0203125 0.0390625
0 0.2296875 0.5796875 0.0328125 0.0546875
0 0.1609375 0.2328125 0.034375 0.0546875
0 0.15546875 0.17890625 0.0328125 0.0609375
0 0.18125 0.15234375 0.025 0.0875
0 0.32421875 0.175 0.028125 0.0453125
0 0.371875 0.0859375 0.025 0.078125
0 0.3984375 0.1625 0.0265625 0.046875
0 0.39140625 0.0890625 0.028125 0.0546875
0 0.4265625 0.16328125 0.028125 0.05
0 0.43984375 0.29296875 0.0296875 0.0609375
0 0.4765625 0.253125 0.0328125 0.084375
0 0.2734375 0.36171875 0.0359375 0.0515625
0 0.28359375 0.28359375 0.0328125 0.0515625
0 0.18671875 0.29921875 0.0296875 0.0546875
0 0.04765625 0.20703125 0.0234375 0.046875
0 0.4765625 0.1828125 0.0375 0.0609375
0 0.5265625 0.15078125 0.0296875 0.05625
0 0.4359375 0.0875 0.0171875 0.065625
0 0.4734375 0.04375 0.0265625 0.0546875
0 0.4875 0.0703125 0.0265625 0.0328125
0 0.33046875 0.48359375 0.0296875 0.046875
0 0.40703125 0.54375 0.01875 0.0421875
0 0.40859375 0.4921875 0.0328125 0.071875
0 0.5125 0.51328125 0.0375 0.065625
0 0.2984375 0.38828125 0.03125 0.0609375
0 0.43515625 0.6375 0.0546875 0.0578125
0 0.44453125 0.6921875 0.0328125 0.053125
0 0.44296875 0.88515625 0.03125 0.05625
0 0.44296875 0.8546875 0.0296875 0.0578125
0 0.4421875 0.81484375 0.0296875 0.0546875
0 0.46328125 0.8515625 0.0390625 0.0640625
0 0.46953125 0.7953125 0.0296875 0.0578125
0 0.49375 0.88671875 0.034375 0.05
0 0.55 0.86171875 0.0296875 0.0578125
0 0.61015625 0.80390625 0.0265625 0.05625
0 0.675 0.796875 0.04375 0.0546875
0 0.703125 0.7734375 0.0453125 0.084375
0 0.6734375 0.7515625 0.03125 0.040625
0 0.65234375 0.61328125 0.04375 0.078125
0 0.6625 0.39921875 0.046875 0.08125
0 0.5734375 0.390625 0.0296875 0.0546875
0 0.57265625 0.325 0.0359375 0.0703125
0 0.64765625 0.34609375 0.0265625 0.075
0 0.85234375 0.590625 0.0421875 0.1046875
0 0.7265625 0.3078125 0.034375 0.090625
0 0.6078125 0.2109375 0.03125 0.0625
0 0.83125 0.15078125 0.0234375 0.05625
0 0.7015625 0.23984375 0.0234375 0.0609375
0 0.7625 0.81171875 0.03125 0.0625
0 0.553125 0.97109375 0.0421875 0.0578125
0 0.96171875 0.42734375 0.0234375 0.0640625
0 0.90234375 0.07109375 0.0359375 0.0578125
0 0.14921875 0.4796875 0.025 0.0265625
0 0.1234375 0.49140625 0.015625 0.03125
0 0.12421875 0.43203125 0.0109375 0.0390625
0 0.0609375 0.428125 0.0140625 0.03125
0 0.0296875 0.46875 0.0171875 0.03125
0 0.0765625 0.534375 0.0171875 0.0328125
0 0.0875 0.578125 0.0203125 0.0359375
0 0.0609375 0.65546875 0.0171875 0.0375
0 0.05859375 0.6203125 0.01875 0.028125
0 0.0578125 0.590625 0.0140625 0.028125
0 0.23515625 0.48828125 0.01875 0.0359375
0 0.25390625 0.49375 0.0125 0.0328125
0 0.22890625 0.409375 0.0171875 0.0375
0 0.19453125 0.3921875 0.01875 0.0390625
0 0.1953125 0.346875 0.0171875 0.0375
0 0.21640625 0.33984375 0.0171875 0.0421875
0 0.24296875 0.13125 0.0234375 0.05
0 0.5078125 0.3921875 0.0234375 0.04375
0 0.44609375 0.3859375 0.025 0.0515625
0 0.62421875 0.5 0.01875 0.0421875
0 0.64609375 0.49140625 0.0265625 0.0546875
0 0.6203125 0.3703125 0.021875 0.0375
0 0.63125 0.25546875 0.028125 0.0375
0 0.50859375 0.440625 0.03125 0.05625
0 0.4859375 0.8078125 0.025 0.04375
0 0.51015625 0.91953125 0.028125 0.03125
0 0.4328125 0.92421875 0.0328125 0.0390625
0 0.4359375 0.97578125 0.021875 0.0484375
0 0.61953125 0.92890625 0.0234375 0.0421875
0 0.68828125 0.9609375 0.021875 0.0296875
0 0.7609375 0.875 0.0234375 0.0578125
0 0.821875 0.94140625 0.021875 0.04375
0 0.884375 0.97578125 0.03125 0.0484375
0 0.94921875 0.7546875 0.0203125 0.0671875
0 0.9515625 0.67265625 0.0234375 0.075
0 0.89765625 0.66328125 0.028125 0.0546875
0 0.8609375 0.68359375 0.0234375 0.05625
0 0.83125 0.71953125 0.028125 0.0578125
0 0.95078125 0.58046875 0.0359375 0.05
0 0.85625 0.47578125 0.028125 0.05
0 0.85 0.42265625 0.028125 0.0421875
0 0.8703125 0.38046875 0.028125 0.0328125
0 0.88671875 0.29921875 0.028125 0.04375
0 0.66484375 0.11953125 0.025 0.04375
0 0.69609375 0.14296875 0.0234375 0.05
0 0.5765625 0.1671875 0.03125 0.040625
0 0.5671875 0.23671875 0.01875 0.046875
0 0.315625 0.12734375 0.021875 0.034375
0 0.00859375 0.709375 0.0171875 0.0546875