0 0.65 0.921875 0.1046875 0.146875
0 0.88046875 0.84921875 0.0484375 0.08125
0 0.840625 0.7515625 0.0453125 0.065625
0 0.96796875 0.82421875 0.0640625 0.1484375
0 0.95625 0.70546875 0.0328125 0.0640625
0 0.8359375 0.53515625 0.071875 0.0875
0 0.75390625 0.42890625 0.03125 0.053125
0 0.68515625 0.540625 0.059375 0.0734375
0 0.97265625 0.55 0.0546875 0.1671875
0 0.86015625 0.21640625 0.053125 0.0875
0 0.63671875 0.23671875 0.0921875 0.09375
0 0.5578125 0.02734375 0.065625 0.0546875
0 0.28828125 0.190625 0.0828125 0.1265625
0 0.20078125 0.34609375 0.065625 0.078125