0 0.580078125 0.5497392828125001 0.5771484375 0.54534136875 0.568359375 0.5497392828125001 0.5703125 0.564398996875 0.5771484375 0.5658649671875 0.580078125 0.5614670546875 0.580078125 0.5497392828125001
0 0.5361328125 0.542409425 0.529296875 0.5497392828125001 0.529296875 0.55560316875 0.537109375 0.564398996875 0.5419921875 0.5658649671875 0.546875 0.552671225 0.5361328125 0.542409425
0 0.478515625 0.49403236875 0.478515625 0.5116240249999999 0.482421875 0.523351796875 0.494140625 0.53507956875 0.5029296875 0.533613596875 0.509765625 0.523351796875 0.51171875 0.4969643125 0.5029296875 0.48377056874999996 0.4873046875 0.48377056874999996 0.478515625 0.49403236875
0 0.3017578125 0.5687969109375001 0.294921875 0.5761267671875 0.294921875 0.5878545390625 0.3046875 0.59665036875 0.3115234375 0.5981163390625001 0.314453125 0.5937184249999999 0.314453125 0.5790587109375 0.3095703125 0.5717288546875 0.3017578125 0.5687969109375001
0 0.3818359375 0.49256639687500003 0.3720703125 0.48963445468750005 0.365234375 0.4998962546875 0.375 0.51455596875 0.3837890625 0.5160219406250001 0.38671875 0.4998962546875 0.3818359375 0.49256639687500003
0 0.419921875 0.4588490546875 0.4169921875 0.45445114062499997 0.408203125 0.4617809984375 0.41015625 0.4793726546875 0.4150390625 0.4808386265625 0.419921875 0.47350876875000003 0.419921875 0.4588490546875
0 0.3720703125 0.44272336875 0.3671875 0.4500532265625 0.3671875 0.464712940625 0.373046875 0.4764407109375 0.3837890625 0.477906684375 0.388671875 0.46764488281250005 0.388671875 0.4559171125 0.3779296875 0.44272336875 0.3720703125 0.44272336875
0 0.041015625 0.1246075703125 0.04296875 0.1363353421875 0.041015625 0.1539269984375 0.048828125 0.159790884375 0.0654296875 0.1583249140625 0.072265625 0.14806311249999998 0.072265625 0.1334034 0.0595703125 0.12020965624999999 0.0478515625 0.11727771406250001 0.0439453125 0.12020965624999999 0.041015625 0.1246075703125
0 0.0556640625 0.249215140625 0.046875 0.2653408265625 0.048828125 0.2800005421875 0.060546875 0.2917283125 0.0673828125 0.293194284375 0.0751953125 0.2873303984375 0.08203125 0.2712047125 0.080078125 0.262408884375 0.0693359375 0.24628319843750002 0.0556640625 0.249215140625
0 0.0810546875 0.18764434218749998 0.072265625 0.200838084375 0.07421875 0.221361684375 0.078125 0.22722557031249999 0.0888671875 0.22869154218749999 0.095703125 0.21842974062499998 0.09765625 0.1979061421875 0.0908203125 0.18764434218749998 0.0810546875 0.18764434218749998
0 0.2509765625 0.25801097031250003 0.24609375 0.2653408265625 0.24609375 0.2858644265625 0.251953125 0.2917283125 0.2568359375 0.293194284375 0.263671875 0.2800005421875 0.26171875 0.2653408265625 0.2568359375 0.25801097031250003 0.2509765625 0.25801097031250003
0 0.2021484375 0.22282765625 0.1953125 0.2301575125 0.193359375 0.24188528437499998 0.19921875 0.2536130546875 0.2080078125 0.255079028125 0.21484375 0.24774917031250002 0.21484375 0.2301575125 0.2119140625 0.2257595984375 0.2021484375 0.22282765625
0 0.3857421875 0.21696377031249997 0.3759765625 0.21696377031249997 0.373046875 0.23308945625000002 0.380859375 0.244817228125 0.3837890625 0.24628319843750002 0.388671875 0.2389533421875 0.390625 0.22429362656250001 0.3857421875 0.21696377031249997
0 0.3310546875 0.1964401703125 0.32421875 0.200838084375 0.32421875 0.2096339140625 0.328125 0.2154977984375 0.333984375 0.21256585625 0.333984375 0.200838084375 0.3310546875 0.1964401703125
0 0.2841796875 0.152461028125 0.28125 0.159790884375 0.28125 0.17151865625 0.28515625 0.1773825421875 0.2919921875 0.1788485125 0.296875 0.1656547703125 0.2900390625 0.152461028125 0.2841796875 0.152461028125
0 0.375 0.1275395140625 0.3681640625 0.11434577187499999 0.359375 0.118743684375 0.36328125 0.14806311249999998 0.3701171875 0.1465971421875 0.375 0.13926728593749998 0.375 0.1275395140625
0 0.453125 0.1015625 0.021875 0.0375
0 0.4072265625 0.049843028125 0.40234375 0.063036771875 0.40234375 0.0747645421875 0.408203125 0.08356037031249999 0.421875 0.0718326 0.419921875 0.057172885937499994 0.4130859375 0.049843028125 0.4072265625 0.049843028125
0 0.4462890625 0.1260735421875 0.439453125 0.13926728593749998 0.4443359375 0.152461028125 0.451171875 0.1539269984375 0.4619140625 0.1553929703125 0.466796875 0.14806311249999998 0.466796875 0.1334034 0.4580078125 0.1231416 0.4462890625 0.1260735421875
0 0.5185546875 0.20523599843749998 0.513671875 0.21256585625 0.513671875 0.2301575125 0.51953125 0.2389533421875 0.5283203125 0.24041931249999998 0.533203125 0.2301575125 0.53125 0.2154977984375 0.5244140625 0.20523599843749998 0.5185546875 0.20523599843749998
0 0.6015625 0.180314484375 0.5966796875 0.17298462812499998 0.58984375 0.1773825421875 0.58984375 0.19204225625 0.599609375 0.19204225625 0.6015625 0.180314484375
0 0.55078125 0.17151865625 0.55078125 0.1832464265625 0.5556640625 0.19057628437500002 0.5625 0.19204225625 0.5732421875 0.19057628437500002 0.578125 0.1773825421875 0.5751953125 0.16712074062499999 0.5673828125 0.16125685625 0.5595703125 0.16125685625 0.55078125 0.17151865625
0 0.70234375 0.24296875 0.0234375 0.0375
0 0.6748046875 0.1964401703125 0.6640625 0.200838084375 0.6640625 0.21256585625 0.669921875 0.21842974062499998 0.6748046875 0.21989571406250003 0.677734375 0.21256585625 0.677734375 0.200838084375 0.6748046875 0.1964401703125
0 0.6708984375 0.05863885625 0.6669921875 0.05863885625 0.66015625 0.0689006578125 0.6640625 0.08649231406249999 0.6728515625 0.0879582859375 0.677734375 0.080628428125 0.677734375 0.0689006578125 0.6708984375 0.05863885625
0 0.7333984375 0.20523599843749998 0.72265625 0.2154977984375 0.72265625 0.2301575125 0.7265625 0.2360213984375 0.7373046875 0.23748736875 0.748046875 0.22429362656250001 0.7431640625 0.20523599843749998 0.7333984375 0.20523599843749998
0 0.7216796875 0.16712074062499999 0.7138671875 0.16712074062499999 0.708984375 0.17445059999999998 0.7109375 0.19204225625 0.7197265625 0.193508228125 0.724609375 0.1861783703125 0.7265625 0.1773825421875 0.7216796875 0.16712074062499999
0 0.7900390625 0.12900548437499998 0.783203125 0.1363353421875 0.783203125 0.15099505625 0.7890625 0.15685894218750002 0.7978515625 0.1553929703125 0.80078125 0.14806311249999998 0.80078125 0.1334034 0.7978515625 0.12900548437499998 0.7900390625 0.12900548437499998
0 0.9482421875 0 0.939453125 0.00732985625 0.935546875 0.0307854 0.94140625 0.0425131703125 0.9501953125 0.04397914375 0.95703125 0.0337173421875 0.966796875 0.0102618 0.9638671875 0.0029319421875 0.9482421875 0
0 0.9560546875 0.1465971421875 0.9453125 0.162722828125 0.9541015625 0.18178045625 0.9609375 0.1832464265625 0.9677734375 0.1847124 0.978515625 0.17151865625 0.98046875 0.162722828125 0.9755859375 0.1495290859375 0.9638671875 0.1436651984375 0.9560546875 0.1465971421875
0 0.8134765625 0.20523599843749998 0.8037109375 0.20523599843749998 0.798828125 0.21256585625 0.80078125 0.22429362656250001 0.8115234375 0.2257595984375 0.81640625 0.21842974062499998 0.81640625 0.2096339140625 0.8134765625 0.20523599843749998
0 0.9609375 0.28293248437499996 0.9609375 0.2917283125 0.9658203125 0.29905817031250004 0.97265625 0.300524140625 0.9794921875 0.29905817031250004 0.984375 0.2917283125 0.986328125 0.28293248437499996 0.9833984375 0.272670684375 0.9658203125 0.2756026265625 0.9609375 0.28293248437499996
0 0.732421875 0.2800005421875 0.732421875 0.28879636875000003 0.7373046875 0.29905817031250004 0.74609375 0.303456084375 0.7578125 0.2975921984375 0.759765625 0.28879636875000003 0.7578125 0.2770685984375 0.7529296875 0.269738740625 0.7392578125 0.269738740625 0.732421875 0.2800005421875
0 0.7421875 0.3591629984375 0.7421875 0.3738227125 0.7470703125 0.38115256875000003 0.75390625 0.382618540625 0.7626953125 0.38115256875000003 0.76953125 0.3679588265625 0.76953125 0.3562310546875 0.7607421875 0.3459692546875 0.7548828125 0.3459692546875 0.7421875 0.3591629984375
0 0.712890625 0.300524140625 0.7080078125 0.293194284375 0.701171875 0.300524140625 0.705078125 0.3122519125 0.7099609375 0.31371788437500003 0.712890625 0.30931997031249997 0.712890625 0.300524140625
0 0.8310546875 0.36649285468750004 0.82421875 0.3738227125 0.82421875 0.382618540625 0.830078125 0.39141436875 0.8349609375 0.392880340625 0.84375 0.382618540625 0.845703125 0.3738227125 0.8427734375 0.36649285468750004 0.8310546875 0.36649285468750004
0 0.8369140625 0.4456553125 0.82421875 0.4588490546875 0.82421875 0.46764488281250005 0.833984375 0.4764407109375 0.8466796875 0.477906684375 0.8515625 0.47057682500000003 0.8515625 0.4617809984375 0.8447265625 0.4456553125 0.8369140625 0.4456553125
0 0.9716796875 0.4954983390625 0.962890625 0.51455596875 0.96484375 0.523351796875 0.974609375 0.53507956875 0.9873046875 0.530681653125 0.994140625 0.5174879109375 0.994140625 0.5057601390625 0.9833984375 0.49256639687500003 0.9716796875 0.4954983390625
0 0.9716796875 0.60691216875 0.9560546875 0.6098441109375 0.951171875 0.6201059109375 0.955078125 0.6406295109375 0.9677734375 0.6420954828125 0.9765625 0.6289017390625 0.978515625 0.6171739671875 0.9716796875 0.60691216875
0 1 0.69340448125 0.9892578125 0.68900656875 0.9794921875 0.694870453125 0.974609375 0.705132253125 0.98046875 0.7197919671874999 0.9912109375 0.7183259953125 1 0.705132253125 1 0.69340448125
0 0.9677734375 0.768169025 0.962890625 0.7784308249999999 0.962890625 0.7872266531250001 0.96875 0.7930905375 0.9794921875 0.7916245671875 0.984375 0.7842947109375 0.984375 0.7725669390625 0.9794921875 0.768169025 0.9677734375 0.768169025
0 0.4638671875 0.334241484375 0.45703125 0.344503284375 0.458984375 0.3562310546875 0.466796875 0.3650268828125 0.4736328125 0.3635609125 0.4765625 0.3562310546875 0.4765625 0.344503284375 0.4716796875 0.334241484375 0.4638671875 0.334241484375
0 0.6140625 0.3859375 0.0234375 0.04375
0 0.6005859375 0.3225137125 0.5927734375 0.3225137125 0.5830078125 0.331309540625 0.583984375 0.3532991125 0.5966796875 0.3547650828125 0.6025390625 0.3489011984375 0.607421875 0.3386393984375 0.607421875 0.32984356875 0.6005859375 0.3225137125
0 0.7802734375 0.530681653125 0.771484375 0.5438753968750001 0.771484375 0.552671225 0.77734375 0.564398996875 0.7861328125 0.5658649671875 0.796875 0.55560316875 0.798828125 0.5321476265625 0.7958984375 0.5277497109375 0.7802734375 0.530681653125
0 0.7685546875 0.477906684375 0.7578125 0.4911004265625 0.7578125 0.4969643125 0.765625 0.5057601390625 0.7744140625 0.5072261109375 0.779296875 0.502828196875 0.783203125 0.4911004265625 0.7763671875 0.477906684375 0.7685546875 0.477906684375
0 0.7470703125 0.43392754062499994 0.7373046875 0.44272336875 0.734375 0.4500532265625 0.73828125 0.4617809984375 0.7470703125 0.46324696875000004 0.755859375 0.4500532265625 0.755859375 0.44125739687500004 0.7470703125 0.43392754062499994
0 0.724609375 0.3972782546875 0.7138671875 0.392880340625 0.708984375 0.400210196875 0.7109375 0.41193796875000005 0.7236328125 0.41047199843750004 0.724609375 0.3972782546875
0 0.6787109375 0.38115256875000003 0.671875 0.3884824265625 0.669921875 0.3972782546875 0.677734375 0.41486991250000005 0.6865234375 0.4163358828125 0.689453125 0.41193796875000005 0.69140625 0.3943463125 0.6865234375 0.38115256875000003 0.6787109375 0.38115256875000003
0 0.6552734375 0.3371734265625 0.64453125 0.35036717031250003 0.64453125 0.3679588265625 0.650390625 0.3796865984375 0.6611328125 0.38115256875000003 0.669921875 0.3738227125 0.671875 0.3532991125 0.6650390625 0.34010536875 0.6552734375 0.3371734265625
0 0.8232421875 0.49256639687500003 0.814453125 0.5057601390625 0.814453125 0.51455596875 0.818359375 0.5174879109375 0.8271484375 0.5189538828125 0.8349609375 0.5130899984374999 0.837890625 0.4998962546875 0.8330078125 0.49256639687500003 0.8232421875 0.49256639687500003
0 0.8623046875 0.6508913109375001 0.8515625 0.6611531109375 0.8515625 0.6699489390625 0.85546875 0.6758128250000001 0.8623046875 0.677278796875 0.8671875 0.6699489390625 0.8681640625 0.6538232546875 0.8623046875 0.6508913109375001
0 0.8486328125 0.6098441109375 0.8349609375 0.6127760531249999 0.830078125 0.6201059109375 0.83203125 0.634765625 0.8447265625 0.6362315953125 0.8515625 0.623037853125 0.8515625 0.614242025 0.8486328125 0.6098441109375
0 0.8408203125 0.7065982234375 0.830078125 0.7109961390625 0.828125 0.7285877953125001 0.830078125 0.7315197390625 0.8388671875 0.7329857109375 0.84375 0.7256558531249999 0.84375 0.7109961390625 0.8408203125 0.7065982234375
0 0.8056640625 0.6596871390625 0.794921875 0.6699489390625 0.794921875 0.684608653125 0.798828125 0.6904725390625 0.8095703125 0.6919385109375 0.814453125 0.6787447671875 0.814453125 0.6699489390625 0.8056640625 0.6596871390625
0 0.7900390625 0.8238759375000001 0.783203125 0.83706968125 0.783203125 0.8517293953125 0.7890625 0.8605252234374999 0.7958984375 0.8590592515625 0.8046875 0.845865509375 0.8046875 0.8312057953125 0.7998046875 0.8209439953125001 0.7900390625 0.8238759375000001
0 0.8271484375 0.9176981078124999 0.818359375 0.9279599093750001 0.8203125 0.9426196234375 0.828125 0.9514154515625 0.8369140625 0.952881421875 0.845703125 0.9367557375000001 0.84765625 0.9220960234375 0.8447265625 0.9118342234375 0.8271484375 0.9176981078124999
0 0.9541015625 0.9411536515625001 0.94140625 0.9543473953125 0.943359375 0.9719390515624999 0.94921875 0.9778029374999999 0.9560546875 0.9792689093750001 0.966796875 0.966075165625 0.9677734375 0.9440855953125 0.9541015625 0.9411536515625001
0 0.7333984375 0.7183259953125 0.7236328125 0.7212579390625 0.720703125 0.73445168125 0.7265625 0.746179453125 0.7373046875 0.747645425 0.7421875 0.7403155671875 0.744140625 0.7285877953125001 0.7333984375 0.7183259953125
0 0.677734375 0.73445168125 0.67578125 0.7432475109375 0.677734375 0.7520433390625 0.68359375 0.7608391671875 0.6943359375 0.7623051390625 0.701171875 0.75497528125 0.705078125 0.737383625 0.6982421875 0.7241898828125 0.6884765625 0.7241898828125 0.677734375 0.73445168125
0 0.7197265625 0.5687969109375001 0.7119140625 0.5717288546875 0.70703125 0.581990653125 0.7109375 0.5907864828125 0.7216796875 0.592252453125 0.7265625 0.584922596875 0.7265625 0.5761267671875 0.7197265625 0.5687969109375001
0 0.7529296875 0.542409425 0.74609375 0.552671225 0.74609375 0.567330940625 0.75 0.5731948250000001 0.7548828125 0.574660796875 0.76171875 0.564398996875 0.7587890625 0.542409425 0.7529296875 0.542409425
0 0.06640625 0.37675465468749997 0.064453125 0.3884824265625 0.06640625 0.3972782546875 0.07421875 0.40607408281249996 0.0810546875 0.4075400546875 0.08984375 0.3972782546875 0.091796875 0.382618540625 0.0888671875 0.37528868437499996 0.0751953125 0.3694247984375 0.06640625 0.37675465468749997
0 0.1533203125 0.48670251093749994 0.146484375 0.4911004265625 0.14453125 0.4998962546875 0.150390625 0.5116240249999999 0.1552734375 0.5130899984374999 0.16015625 0.5057601390625 0.16015625 0.49403236875 0.1533203125 0.48670251093749994
0 0.1103515625 0.4485872546875 0.1025390625 0.4485872546875 0.09375 0.46764488281250005 0.09765625 0.4764407109375 0.1103515625 0.474974740625 0.1171875 0.4588490546875 0.1103515625 0.4485872546875
0 0.0146484375 0.43099559843749996 0.00390625 0.43539351093749995 0.00390625 0.4500532265625 0.009765625 0.4588490546875 0.0185546875 0.460315025 0.0234375 0.4559171125 0.0234375 0.44125739687500004 0.0146484375 0.43099559843749996
0 0.0361328125 0.58638856875 0.02734375 0.59665036875 0.02734375 0.6083781390625 0.03515625 0.6171739671875 0.0458984375 0.6186399406249999 0.052734375 0.605446196875 0.05078125 0.59665036875 0.0419921875 0.58638856875 0.0361328125 0.58638856875
0 0.1703125 0.5828125 0.0171875 0.025
0 0.1396484375 0.542409425 0.1279296875 0.542409425 0.125 0.55560316875 0.130859375 0.564398996875 0.1396484375 0.5658649671875 0.146484375 0.552671225 0.1396484375 0.542409425
0 0.4677734375 0.4192678265625 0.458984375 0.426597684375 0.458984375 0.43539351093749995 0.46484375 0.44418934062500004 0.4697265625 0.4456553125 0.474609375 0.43539351093749995 0.474609375 0.426597684375 0.4677734375 0.4192678265625
0 0.5986328125 0.42806365468749996 0.5888671875 0.42806365468749996 0.583984375 0.43539351093749995 0.587890625 0.45298516875 0.5927734375 0.45445114062499997 0.6015625 0.43832545468750006 0.5986328125 0.42806365468749996
0 0.5478515625 0.36649285468750004 0.5400390625 0.36649285468750004 0.537109375 0.3738227125 0.541015625 0.39141436875 0.5439453125 0.392880340625 0.55078125 0.382618540625 0.55078125 0.37089076875 0.5478515625 0.36649285468750004
0 0.6921875 0.58359375 0.0203125 0.0390625
0 0.6611328125 0.5277497109375 0.65625 0.5321476265625 0.654296875 0.5409434531249999 0.658203125 0.552671225 0.6650390625 0.554137196875 0.669921875 0.5468073390625 0.671875 0.53507956875 0.6689453125 0.530681653125 0.6611328125 0.5277497109375
0 0.6669921875 0.6215718828125001 0.6572265625 0.6215718828125001 0.654296875 0.625969796875 0.65625 0.643561453125 0.6669921875 0.645027425 0.671875 0.6376975687499999 0.671875 0.6289017390625 0.6669921875 0.6215718828125001
0 0.6298828125 0.6186399406249999 0.6220703125 0.6186399406249999 0.619140625 0.623037853125 0.62109375 0.6376975687499999 0.6318359375 0.6362315953125 0.634765625 0.625969796875 0.6298828125 0.6186399406249999
0 0.6220703125 0.6802107390625001 0.6171875 0.6875405953125 0.6171875 0.69340448125 0.623046875 0.6992683671875 0.634765625 0.69340448125 0.6318359375 0.6802107390625001 0.6220703125 0.6802107390625001
0 0.62890625 0.581990653125 0.6220703125 0.5658649671875 0.61328125 0.5761267671875 0.615234375 0.59665036875 0.6220703125 0.5981163390625001 0.62890625 0.581990653125
0 0.4619140625 0.7241898828125 0.455078125 0.7315197390625 0.455078125 0.746179453125 0.4609375 0.7579072234375 0.4697265625 0.7535093093749999 0.474609375 0.7432475109375 0.474609375 0.73445168125 0.4677734375 0.7241898828125 0.4619140625 0.7241898828125
0 0.18359375 0.8429335671875 0.18359375 0.85759328125 0.1923828125 0.8678550812499999 0.19921875 0.8693210515625 0.20703125 0.8663891093749999 0.208984375 0.8429335671875 0.2001953125 0.8326717671875 0.1943359375 0.8326717671875 0.18359375 0.8429335671875
0 0.1708984375 0.8854467375 0.1640625 0.8927765953125 0.1640625 0.9103682515625 0.169921875 0.9162321375 0.1767578125 0.9176981078124999 0.181640625 0.9103682515625 0.18359375 0.8957085375 0.1806640625 0.8883786812500001 0.1708984375 0.8854467375
0 0.1435546875 0.9294258796875001 0.13671875 0.9396876796875 0.138671875 0.9514154515625 0.14453125 0.9572793374999999 0.1533203125 0.955813365625 0.15625 0.948483509375 0.154296875 0.9367557375000001 0.1474609375 0.9294258796875001 0.1435546875 0.9294258796875001
0 0.2197265625 0.96460919375 0.2041015625 0.9675411374999999 0.203125 0.9807348796875001 0.208984375 0.986598765625 0.2255859375 0.9880647375 0.228515625 0.9807348796875001 0.2265625 0.9719390515624999 0.2197265625 0.96460919375
0 0.0185546875 0.715394053125 0.0126953125 0.715394053125 0.009765625 0.7285877953125001 0.015625 0.737383625 0.0224609375 0.735917653125 0.025390625 0.7285877953125001 0.0185546875 0.715394053125
0 0.1220703125 0.674346853125 0.109375 0.6787447671875 0.107421875 0.6875405953125 0.11328125 0.6963364249999999 0.1220703125 0.694870453125 0.126953125 0.6875405953125 0.1220703125 0.674346853125
0 0.1474609375 0.74471348125 0.140625 0.7520433390625 0.142578125 0.763771109375 0.146484375 0.766703053125 0.1533203125 0.768169025 0.15625 0.7608391671875 0.154296875 0.7520433390625 0.1474609375 0.74471348125
0 0.3291015625 0.727121825 0.32421875 0.737383625 0.326171875 0.746179453125 0.33203125 0.7520433390625 0.3369140625 0.7535093093749999 0.34375 0.746179453125 0.34375 0.73445168125 0.3388671875 0.727121825 0.3291015625 0.727121825
0 0.4111328125 0.955813365625 0.40625 0.9631432234374999 0.40625 0.9719390515624999 0.416015625 0.9778029374999999 0.421875 0.97487099375 0.421875 0.9631432234374999 0.4189453125 0.955813365625 0.4111328125 0.955813365625
0 0.4248046875 0.7417815375 0.416015625 0.7491113953124999 0.416015625 0.7608391671875 0.421875 0.766703053125 0.4267578125 0.76523708125 0.4296875 0.7579072234375 0.4248046875 0.7417815375
0 0.4228515625 0.68314268125 0.41796875 0.6904725390625 0.41796875 0.708064196875 0.421875 0.71392808125 0.4287109375 0.7124621109375 0.43359375 0.6992683671875 0.4287109375 0.68314268125 0.4228515625 0.68314268125
0 0.4755859375 0.68314268125 0.4677734375 0.68314268125 0.46484375 0.6875405953125 0.46875 0.6992683671875 0.4765625 0.6963364249999999 0.478515625 0.6875405953125 0.4755859375 0.68314268125
0 0.4990234375 0.66261908125 0.4931640625 0.66261908125 0.490234375 0.6670169968749999 0.4921875 0.6787447671875 0.5009765625 0.6802107390625001 0.50390625 0.6699489390625 0.4990234375 0.66261908125
0 0.4580078125 0.6538232546875 0.44921875 0.655289225 0.44921875 0.6670169968749999 0.453125 0.6728808828124999 0.4560546875 0.674346853125 0.4609375 0.6670169968749999 0.4580078125 0.6538232546875
0 0.4794921875 0.6303677109375 0.47265625 0.634765625 0.470703125 0.643561453125 0.47265625 0.6494253390625 0.4814453125 0.6508913109375001 0.486328125 0.643561453125 0.4794921875 0.6303677109375
0 0.4677734375 0.554137196875 0.4599609375 0.554137196875 0.45703125 0.5585351109375 0.458984375 0.5761267671875 0.46875 0.5761267671875 0.470703125 0.5585351109375 0.4677734375 0.554137196875
0 0.4443359375 0.5277497109375 0.4345703125 0.530681653125 0.431640625 0.53507956875 0.43359375 0.5497392828125001 0.4462890625 0.5512052546875 0.451171875 0.5438753968750001 0.451171875 0.53507956875 0.4443359375 0.5277497109375
0 0.591796875 0.6699489390625 0.5810546875 0.6596871390625 0.576171875 0.664085053125 0.578125 0.6787447671875 0.5869140625 0.6802107390625001 0.591796875 0.6699489390625
0 0.5830078125 0.6215718828125001 0.580078125 0.6289017390625 0.580078125 0.6376975687499999 0.583984375 0.643561453125 0.5869140625 0.645027425 0.591796875 0.6376975687499999 0.5888671875 0.6215718828125001 0.5830078125 0.6215718828125001
0 0.5947265625 0.7212579390625 0.58984375 0.7285877953125001 0.58984375 0.737383625 0.59765625 0.7491113953124999 0.6015625 0.746179453125 0.6015625 0.7285877953125001 0.5947265625 0.7212579390625
0 0.689453125 0.948483509375 0.6875 0.9572793374999999 0.6904296875 0.96460919375 0.705078125 0.9719390515624999 0.7119140625 0.9734050234374999 0.720703125 0.9631432234374999 0.72265625 0.9514154515625 0.7158203125 0.9411536515625001 0.7021484375 0.9411536515625001 0.689453125 0.948483509375
0 0.5458984375 0.8473314796875 0.541015625 0.8546613390625 0.541015625 0.8693210515625 0.552734375 0.8810488234375 0.5576171875 0.8795828515625 0.56640625 0.8663891093749999 0.56640625 0.85759328125 0.5595703125 0.8473314796875 0.5458984375 0.8473314796875
0 0.5048828125 0.8825147937500001 0.4970703125 0.8854467375 0.4921875 0.9015724234375 0.498046875 0.9103682515625 0.5107421875 0.9089022812499999 0.515625 0.8986404796875 0.513671875 0.889844653125 0.5048828125 0.8825147937500001
0 0.5263671875 0.80628428125 0.5126953125 0.8092162234375 0.509765625 0.8224099671875 0.517578125 0.8312057953125 0.5283203125 0.8326717671875 0.533203125 0.8253419093750001 0.533203125 0.8136141390624999 0.5263671875 0.80628428125
0 0.8875 0.73046875 0.0203125 0.040625
0 0.8828125 0.79296875 0.0171875 0.0359375
0 0.85546875 0.8078125 0.0171875 0.0234375
0 0.7859375 0.72578125 0.021875 0.0359375
0 0.76171875 0.6875 0.0203125 0.046875
0 0.7265625 0.8671875 0.0234375 0.0296875
0 0.8 0.59453125 0.021875 0.0296875
0 0.78671875 0.6140625 0.0203125 0.0328125
0 0.871875 0.25 0.025 0.040625
0 0.74609375 0.11796875 0.01875 0.0328125
0 0.79140625 0.3078125 0.01875 0.0296875
0 0.56015625 0.05625 0.0203125 0.040625
0 0.60625 0.81796875 0.025 0.034375
0 0.7140625 0.78515625 0.028125 0.0328125
0 0.67421875 0.69609375 0.0234375 0.0234375
0 0.63828125 0.815625 0.0203125 0.05
0 0.48828125 0.84921875 0.015625 0.025
0 0.44609375 0.84296875 0.025 0.0421875
0 0.50078125 0.86875 0.021875 0.0375
0 0.47421875 0.81875 0.0203125 0.028125
0 0.48828125 0.79140625 0.021875 0.0328125
0 0.4609375 0.7875 0.025 0.03125
0 0.38828125 0.81796875 0.01875 0.040625
0 0.35703125 0.91171875 0.0203125 0.0296875
0 0.4109375 0.64609375 0.021875 0.04375
0 0.36796875 0.68515625 0.01875 0.040625
0 0.45859375 0.203125 0.0203125 0.0390625
0 0.43515625 0.234375 0.03125 0.0375
0 0.32578125 0.43203125 0.0234375 0.0390625
0 0.2875 0.465625 0.01875 0.0328125
0 0.25078125 0.45859375 0.015625 0.0328125
0 0.29375 0.5234375 0.025 0.03125
0 0.2703125 0.565625 0.0203125 0.03125
0 0.35859375 0.63671875 0.0203125 0.034375
0 0.31484375 0.64296875 0.021875 0.028125
0 0.2953125 0.6125 0.0203125 0.0234375
0 0.33203125 0.62578125 0.015625 0.0359375
0 0.2890625 0.69296875 0.0234375 0.028125
0 0.3015625 0.75078125 0.021875 0.034375
0 0.0578125 0.93671875 0.0234375 0.040625
0 0.1390625 0.8765625 0.0171875 0.0296875
0 0.1546875 0.846875 0.021875 0.03125
0 0.03515625 0.85390625 0.0203125 0.0265625
0 0.1203125 0.3875 0.0328125 0.04375
0 0.13203125 0.3109375 0.0203125 0.040625
0 0.009375 0.4046875 0.01875 0.034375
0 0.06328125 0.3171875 0.0328125 0.0328125
0 0.715625 0.5125 0.0265625 0.0390625
0 0.68125 0.4640625 0.0203125 0.0359375
0 0.546875 0.4453125 0.0171875 0.034375
0 0.56875 0.49765625 0.015625 0.025
0 0.5203125 0.58671875 0.0171875 0.034375
0 0.446875 0.36875 0.01875 0.0359375
0 0.40859375 0.4015625 0.01875 0.0328125
0 0.40234375 0.36015625 0.015625 0.0296875
0 0.5328125 0.9578125 0.01875 0.03125
0 0.52421875 0.8765625 0.021875 0.03125
0 0.46484375 0.94296875 0.01875 0.03125
0 0.33046875 0.81484375 0.021875 0.0296875
0 0.28984375 0.82421875 0.015625 0.0265625
0 0.27578125 0.84453125 0.0171875 0.0296875
0 0.02109375 0.80546875 0.0203125 0.0390625
0 0.10390625 0.7171875 0.0203125 0.028125
0 0.13515625 0.66015625 0.0171875 0.034375