0 0.03046875 0.56796875 0.0515625 0.1109375
0 0.12109375 0.6546875 0.065625 0.0875
0 0.19375 0.56328125 0.0796875 0.121875
0 0.18828125 0.075 0.0953125 0.1109375
0 0.4890625 0.4859375 0.0953125 0.125
0 0.5859375 0.44765625 0.0671875 0.0953125
0 0.74609375 0.4234375 0.0890625 0.1171875
0 0.659375 0.64375 0.090625 0.10625
0 0.84921875 0.59453125 0.1171875 0.125
0 0.9046875 0.78671875 0.065625 0.09375
0 0.7609375 0.70546875 0.05625 0.090625
0 0.71015625 0.965625 0.0796875 0.06875
0 0.34296875 0.96953125 0.0953125 0.0609375
0 0.24921875 0.88125 0.0484375 0.065625
0 0.828125 0.29609375 0.078125 0.1578125
0 0.7984375 0.07890625 0.109375 0.1359375
0 0.9734375 0.03125 0.053125 0.0625
0 0.97734375 0.19140625 0.0453125 0.1203125
0 0.95625 0.33203125 0.053125 0.084375
0 0.9609375 0.66796875 0.0375 0.0890625
0 0.97734375 0.5828125 0.0453125 0.06875
0 0.97265625 0.96015625 0.0515625 0.0796875
0 0.41328125 0.17265625 0.1125 0.1828125