0 0.435546875 0.8634361234375 0.435546875 0.8693098390625 0.4482421875 0.8854625546875001 0.4736328125 0.9001468421875 0.4892578125 0.9001468421875 0.5068359375 0.8913362703125 0.51953125 0.8722466953125 0.521484375 0.8458149781250001 0.5107421875 0.8325991187499999 0.4931640625 0.8208516890625001 0.470703125 0.8223201171875001 0.4560546875 0.8296622609375 0.435546875 0.8634361234375
0 0.3017578125 0.8972099859375 0.2841796875 0.8854625546875001 0.259765625 0.8869309843750001 0.2451171875 0.8942731281249999 0.240234375 0.9045521296875 0.23828125 0.930983846875 0.2431640625 0.938325990625 0.3369140625 0.994126284375 0.3837890625 0.994126284375 0.38671875 0.9897209984374999 0.388671875 0.9779735687500001 0.3837890625 0.9647577093749999 0.3701171875 0.95888399375 0.3564453125 0.94419970625 0.3330078125 0.938325990625 0.3212890625 0.9177679875000001 0.3017578125 0.8972099859375
0 0.2080078125 0.853157121875 0.1982421875 0.8472834062500001 0.18359375 0.8487518359375 0.173828125 0.8722466953125 0.1845703125 0.8913362703125 0.2138671875 0.8972099859375 0.224609375 0.8869309843750001 0.224609375 0.8722466953125 0.2080078125 0.853157121875
0 0.06640625 0.76945668125 0.0693359375 0.7797356828125 0.1083984375 0.8179148312500001 0.12109375 0.816446403125 0.119140625 0.8076358296875 0.1005859375 0.7856093984375 0.0732421875 0.767988253125 0.06640625 0.76945668125
0 0.181640625 0.7958884 0.173828125 0.8076358296875 0.1806640625 0.8296622609375 0.1904296875 0.8325991187499999 0.203125 0.8193832593750001 0.205078125 0.8135095453125001 0.2001953125 0.7973568281250001 0.181640625 0.7958884
0 0.142578125 0.825256975 0.130859375 0.8370044046875 0.130859375 0.8458149781250001 0.1455078125 0.8590308375 0.1611328125 0.8560939796874999 0.16796875 0.8399412625 0.1572265625 0.826725403125 0.142578125 0.825256975
0 0.3212890625 0.7738619671875 0.326171875 0.7665198234374999 0.326171875 0.7430249640625 0.3134765625 0.726872246875 0.302734375 0.728340675 0.291015625 0.7371512484375 0.287109375 0.748898678125 0.2890625 0.76945668125 0.2978515625 0.7797356828125 0.3212890625 0.7738619671875
0 0.3212890625 0.7738619671875 0.326171875 0.7665198234374999 0.326171875 0.7430249640625 0.3134765625 0.726872246875 0.302734375 0.728340675 0.291015625 0.7371512484375 0.287109375 0.748898678125 0.2890625 0.76945668125 0.2978515625 0.7797356828125 0.3212890625 0.7738619671875
0 0.40234375 0.7665198234374999 0.3955078125 0.7503671078124999 0.384765625 0.7518355359375 0.373046875 0.763582965625 0.373046875 0.7723935390625 0.376953125 0.7870778265625 0.3876953125 0.7944199703125 0.396484375 0.7870778265625 0.40234375 0.7665198234374999
0 0.357421875 0.7812041109375001 0.3486328125 0.7738619671875 0.341796875 0.775330396875 0.333984375 0.78414096875 0.33203125 0.79882525625 0.3369140625 0.8091042578125001 0.3486328125 0.812041115625 0.357421875 0.7958884 0.357421875 0.7812041109375001
0 0.630859375 0.8516886937500001 0.634765625 0.825256975 0.6240234375 0.80323054375 0.6142578125 0.7973568281250001 0.599609375 0.79882525625 0.5830078125 0.8091042578125001 0.568359375 0.8340675484375 0.5830078125 0.8619676953125 0.595703125 0.86637298125 0.587890625 0.8839941265625001 0.58984375 0.91042584375 0.6044921875 0.9265785609374999 0.6240234375 0.9265785609374999 0.6357421875 0.9177679875000001 0.640625 0.9074889875000001 0.640625 0.8898678421874999 0.634765625 0.8693098390625 0.62109375 0.8634361234375 0.630859375 0.8516886937500001
0 0.6328125 0.816446403125 0.6201171875 0.8002936859374999 0.59765625 0.79882525625 0.5712890625 0.8237885468749999 0.568359375 0.8370044046875 0.5908203125 0.867841409375 0.6181640625 0.867841409375 0.6328125 0.8487518359375 0.6328125 0.816446403125
0 0.783203125 0.9603524234374999 0.787109375 0.9486049921875 0.787109375 0.9221732749999999 0.7763671875 0.908957415625 0.763671875 0.91042584375 0.75 0.9251101328125 0.744140625 0.9544787078124999 0.7490234375 0.970631425 0.7685546875 0.9765051390625 0.783203125 0.9603524234374999
0 0.9052734375 0.9647577093749999 0.931640625 0.9162995593750001 0.931640625 0.9045521296875 0.9267578125 0.8972099859375 0.91015625 0.8986784140624999 0.8974609375 0.9060205578125 0.8828125 0.9280469890624999 0.880859375 0.9486049921875 0.8857421875 0.95888399375 0.9052734375 0.9647577093749999
0 0.8388671875 0.776798825 0.86328125 0.7577092515625 0.8671875 0.728340675 0.8525390625 0.7033773859375 0.833984375 0.7019089578125 0.7998046875 0.72099853125 0.794921875 0.728340675 0.794921875 0.7430249640625 0.8076171875 0.7650513953125 0.8388671875 0.776798825
0 0.705078125 0.54625550625 0.70703125 0.5638766515625 0.7177734375 0.5741556531249999 0.7705078125 0.5741556531249999 0.78125 0.5550660796875 0.787109375 0.5286343609374999 0.77734375 0.4933920703125 0.7666015625 0.48017621093749996 0.7265625 0.4787077828125 0.7041015625 0.49779735625 0.689453125 0.525697503125 0.705078125 0.54625550625
0 0.5380859375 0.3891336265625 0.525390625 0.3876651984375 0.5087890625 0.4008810578125 0.498046875 0.4170337734375 0.490234375 0.43759177656250003 0.490234375 0.4640234953125 0.4951171875 0.4713656390625 0.5029296875 0.4713656390625 0.5078125 0.48751835468750004 0.5146484375 0.4948605 0.5419921875 0.49192364218750007 0.5673828125 0.5007342140625 0.580078125 0.47577092499999996 0.583984375 0.4317180609375 0.5615234375 0.4038179140625 0.5380859375 0.3891336265625
0 0.6669921875 0.8149779734375 0.6806640625 0.8208516890625001 0.6904296875 0.8179148312500001 0.69921875 0.8017621140625 0.69921875 0.7812041109375001 0.6904296875 0.767988253125 0.673828125 0.7665198234374999 0.6669921875 0.767988253125 0.66015625 0.7782672546875 0.66015625 0.8017621140625 0.6669921875 0.8149779734375
0 0.45703125 0.7665198234374999 0.4482421875 0.7533039640625 0.439453125 0.7518355359375 0.4296875 0.760646109375 0.427734375 0.7812041109375001 0.4365234375 0.7914831125 0.4462890625 0.7914831125 0.455078125 0.78414096875 0.45703125 0.7665198234374999
0 0.5498046875 0.770925109375 0.55859375 0.7577092515625 0.55859375 0.74008810625 0.55078125 0.7224669609375 0.541015625 0.719530103125 0.5263671875 0.7298091046875 0.51953125 0.7430249640625 0.521484375 0.760646109375 0.5341796875 0.7738619671875 0.5498046875 0.770925109375
0 0.63671875 0.7371512484375 0.6298828125 0.726872246875 0.61328125 0.728340675 0.607421875 0.7371512484375 0.607421875 0.748898678125 0.6162109375 0.7621145375 0.6240234375 0.7650513953125 0.634765625 0.7547723937499999 0.63671875 0.7371512484375
0 0.728125 0.6890625 0.0421875 0.0546875
0 0.708984375 0.7165932453125 0.7001953125 0.70631424375 0.685546875 0.707782671875 0.67578125 0.719530103125 0.67578125 0.7312775328125001 0.6865234375 0.7474302500000001 0.6962890625 0.7503671078124999 0.70703125 0.7371512484375 0.708984375 0.7165932453125
0 0.6240234375 0.671071953125 0.6328125 0.6461086640625 0.630859375 0.6314243765625001 0.6201171875 0.6152716593750001 0.611328125 0.6167400875 0.5986328125 0.621145375 0.587890625 0.637298090625 0.58984375 0.651982378125 0.6044921875 0.6740088109375 0.6240234375 0.671071953125
0 0.3623046875 0.58002936875 0.373046875 0.5580029375 0.37109375 0.5403817921875 0.3642578125 0.530102790625 0.35546875 0.5286343609374999 0.3408203125 0.5359765046875 0.33203125 0.5550660796875 0.333984375 0.566813509375 0.3486328125 0.5829662265625 0.3623046875 0.58002936875
0 0.0966796875 0.712187959375 0.107421875 0.7019089578125 0.103515625 0.6842878125 0.0908203125 0.6651982375000001 0.076171875 0.663729809375 0.064453125 0.678414096875 0.064453125 0.693098384375 0.0693359375 0.7033773859375 0.0791015625 0.712187959375 0.0966796875 0.712187959375
0 0.1630859375 0.65051395 0.1513671875 0.6387665203124999 0.142578125 0.637298090625 0.134765625 0.6461086640625 0.134765625 0.65785609375 0.1396484375 0.6651982375000001 0.1513671875 0.6740088109375 0.171875 0.6725403812499999 0.1630859375 0.65051395
0 0.00390625 0.5873715125000001 0 0.593245228125 0.001953125 0.6020558 0.0205078125 0.62408223125 0.02734375 0.61380323125 0.02734375 0.5991189421875001 0.0166015625 0.585903084375 0.00390625 0.5873715125000001
0 0.0048828125 0.5124816453125 0.0185546875 0.5212922171875001 0.033203125 0.51688693125 0.0322265625 0.4860499265625 0.001953125 0.4845814984375 0 0.4933920703125 0.0048828125 0.5124816453125
0 0.0693359375 0.3803230546875 0.076171875 0.36710719531249997 0.07421875 0.355359765625 0.0576171875 0.330396475 0.044921875 0.328928046875 0.033203125 0.343612334375 0.033203125 0.36710719531249997 0.037109375 0.37591776875 0.0517578125 0.3832599125 0.0693359375 0.3803230546875
0 0.041015625 0.41409691562499995 0.0302734375 0.4038179140625 0.01953125 0.4023494859375 0.0078125 0.41409691562499995 0.01171875 0.43465491875 0.0224609375 0.447870778125 0.0419921875 0.44199706250000004 0.044921875 0.4287812046875 0.041015625 0.41409691562499995
0 0.2140625 0.446875 0.0421875 0.05625
0 0.203125 0.47577092499999996 0.1904296875 0.462555065625 0.1640625 0.4640234953125 0.15234375 0.4787077828125 0.15234375 0.4904552125 0.1669921875 0.5066079296875 0.1806640625 0.5066079296875 0.203125 0.481644640625 0.203125 0.47577092499999996
0 0.212890625 0.5403817921875 0.2021484375 0.5271659328125 0.185546875 0.525697503125 0.169921875 0.5433186484375 0.169921875 0.5638766515625 0.1845703125 0.58002936875 0.2060546875 0.5741556531249999 0.21484375 0.5580029375 0.212890625 0.5403817921875
0 0.2890625 0.4787077828125 0.2822265625 0.46842878125 0.2578125 0.466960353125 0.248046875 0.4787077828125 0.24609375 0.49632892812499996 0.2607421875 0.5154185015625 0.2802734375 0.5124816453125 0.2890625 0.49632892812499996 0.2890625 0.4787077828125
0 0.251953125 0.27019089531249996 0.236328125 0.287812040625 0.23828125 0.3054331859375 0.2470703125 0.3157121875 0.2568359375 0.3157121875 0.267578125 0.3024963296875 0.265625 0.2760646109375 0.251953125 0.27019089531249996
0 0.232421875 0.314243759375 0.2216796875 0.2980910421875 0.208984375 0.299559471875 0.197265625 0.31130690156249996 0.1953125 0.3377386203125 0.2001953125 0.3450807640625 0.2138671875 0.348017621875 0.232421875 0.328928046875 0.232421875 0.314243759375
0 0.353515625 0.36123347968749997 0.359375 0.343612334375 0.359375 0.3259911890625 0.3525390625 0.3157121875 0.341796875 0.3171806171875 0.318359375 0.3465491921875 0.3203125 0.36123347968749997 0.3310546875 0.3744493390625 0.3427734375 0.3744493390625 0.353515625 0.36123347968749997
0 0.396484375 0.27900146875 0.40234375 0.299559471875 0.4130859375 0.3157121875 0.4365234375 0.321585903125 0.4482421875 0.3186490453125 0.466796875 0.2848751828125 0.466796875 0.273127753125 0.4404296875 0.236417034375 0.41796875 0.23788546249999998 0.4072265625 0.2422907484375 0.3984375 0.2555066078125 0.396484375 0.27900146875
0 0.3291015625 0.2276064609375 0.3447265625 0.224669603125 0.3515625 0.21439060156249998 0.349609375 0.19676945625 0.3408203125 0.183553596875 0.3310546875 0.1776798828125 0.3203125 0.1791483109375 0.30078125 0.1938325984375 0.30078125 0.202643171875 0.3076171875 0.21292217343750003 0.3291015625 0.2276064609375
0 0.431640625 0.161527165625 0.4228515625 0.1512481640625 0.40234375 0.1497797359375 0.38671875 0.1644640234375 0.388671875 0.1850220265625 0.4072265625 0.209985315625 0.4306640625 0.2041116 0.435546875 0.19676945625 0.431640625 0.161527165625
0 0.6162109375 0.1982378859375 0.6044921875 0.20704845781249998 0.5859375 0.23788546249999998 0.5859375 0.2760646109375 0.6044921875 0.306901615625 0.6240234375 0.321585903125 0.6630859375 0.3186490453125 0.6923828125 0.2980910421875 0.708984375 0.27019089531249996 0.708984375 0.2496328921875 0.6728515625 0.2041116 0.6591796875 0.195301028125 0.630859375 0.19676945625 0.6162109375 0.1982378859375
0 0.728515625 0.32305433125 0.7177734375 0.3039647578125 0.703125 0.3024963296875 0.693359375 0.30837004375 0.689453125 0.33480176250000004 0.7001953125 0.348017621875 0.7158203125 0.348017621875 0.724609375 0.3377386203125 0.728515625 0.32305433125
0 0.7578125 0.3318649046875 0.763671875 0.34948605 0.759765625 0.3641703375 0.7724609375 0.3832599125 0.7861328125 0.3891336265625 0.798828125 0.37591776875 0.796875 0.36123347968749997 0.806640625 0.35242290781249996 0.8125 0.33480176250000004 0.7919921875 0.3127753296875 0.775390625 0.314243759375 0.7626953125 0.321585903125 0.7578125 0.3318649046875
0 0.802734375 0.4845814984375 0.8232421875 0.503671071875 0.8486328125 0.5007342140625 0.865234375 0.4787077828125 0.8671875 0.43759177656250003 0.8505859375 0.4214390609375 0.83203125 0.4170337734375 0.8115234375 0.4243759171875 0.798828125 0.4493392078125 0.798828125 0.47577092499999996 0.802734375 0.4845814984375
0 0.9423828125 0.533039646875 0.951171875 0.525697503125 0.95703125 0.4992657859375 0.9482421875 0.48311306875 0.9296875 0.4787077828125 0.9169921875 0.48311306875 0.912109375 0.4904552125 0.912109375 0.511013215625 0.9248046875 0.530102790625 0.9423828125 0.533039646875
0 0.96875 0.39353891406249997 0.947265625 0.41409691562499995 0.94921875 0.43465491875 0.9599609375 0.447870778125 0.9794921875 0.44493392031249995 0.990234375 0.41409691562499995 0.9775390625 0.392070484375 0.96875 0.39353891406249997
0 0.0498046875 0.2628487515625 0.05859375 0.25256975000000004 0.060546875 0.2349486046875 0.0517578125 0.2187958890625 0.0078125 0.2085168875 0.00390625 0.21145374375 0.00390625 0.23201174687499998 0.0078125 0.243759178125 0.0283203125 0.26872246718750004 0.0498046875 0.2628487515625
0 0.138671875 0.22907489062500003 0.1279296875 0.21585903125 0.1171875 0.21145374375 0.10546875 0.2202643171875 0.107421875 0.2349486046875 0.1181640625 0.24816446406249998 0.1357421875 0.24816446406249998 0.140625 0.2408223203125 0.138671875 0.22907489062500003
0 0.875 0.81171875 0.05 0.0625
0 0.775 0.784375 0.0421875 0.0609375
0 0.7328125 0.803125 0.0421875 0.065625
0 0.39765625 0.57734375 0.0296875 0.0546875
0 0.41015625 0.35390625 0.0390625 0.046875