0 0.66171875 0.28046875 0.0515625 0.0765625
0 0.55234375 0.32890625 0.0421875 0.0703125
0 0.425 0.25625 0.0375 0.0609375
0 0.484375 0.2015625 0.0390625 0.0640625
0 0.5109375 0.66328125 0.046875 0.06875
0 0.51796875 0.60859375 0.0515625 0.0671875
0 0.54921875 0.51640625 0.0515625 0.084375
0 0.3984375 0.52265625 0.046875 0.0921875
0 0.38125 0.62265625 0.0375 0.0640625
0 0.075 0.571875 0.0546875 0.078125
0 0.828125 0.11015625 0.046875 0.078125
0 0.915625 0.45234375 0.04375 0.0890625
0 0.74140625 0.5484375 0.0515625 0.0875
0 0.7796875 0.6734375 0.053125 0.0890625
0 0.7859375 0.7875 0.0546875 0.0796875
0 0.896875 0.7875 0.0640625 0.084375