0 0.66328125 0.35234375 0.04375 0.090625
0 0.71796875 0.421875 0.028125 0.06875
0 0.73984375 0.51640625 0.03125 0.046875
0 0.72890625 0.58984375 0.0609375 0.128125
0 0.6921875 0.5421875 0.0375 0.065625
0 0.72890625 0.66875 0.0328125 0.065625
0 0.6671875 0.65546875 0.053125 0.0546875
0 0.63125 0.58828125 0.0546875 0.04375
0 0.59140625 0.53671875 0.0609375 0.0546875
0 0.61875 0.54140625 0.0265625 0.040625
0 0.640625 0.4234375 0.03125 0.040625
0 0.61171875 0.26796875 0.0515625 0.075
0 0.59609375 0.359375 0.059375 0.06875
0 0.57578125 0.43203125 0.0359375 0.0390625
0 0.825 0.22265625 0.08125 0.1171875
0 0.8890625 0.278125 0.040625 0.0515625
0 0.8921875 0.1578125 0.0671875 0.0625
0 0.9203125 0.04296875 0.05625 0.0859375
0 0.99296875 0.1328125 0.0140625 0.059375
0 0.93046875 0.37265625 0.04375 0.053125
0 0.96953125 0.41015625 0.0453125 0.0671875
0 0.97890625 0.5078125 0.0421875 0.1171875
0 0.9125 0.509375 0.053125 0.06875
0 0.8421875 0.5015625 0.05625 0.0875
0 0.91875 0.65703125 0.121875 0.121875
0 0.9765625 0.72890625 0.046875 0.1078125
0 0.878125 0.8765625 0.065625 0.0796875
0 0.75703125 0.8984375 0.065625 0.0578125
0 0.77421875 0.753125 0.06875 0.08125
0 0.7046875 0.79453125 0.034375 0.04375
0 0.67421875 0.83984375 0.040625 0.05
0 0.61875 0.85234375 0.0390625 0.0359375
0 0.625 0.9453125 0.0453125 0.046875
0 0.703125 0.94609375 0.0578125 0.065625
0 0.5078125 0.7625 0.05625 0.0921875
0 0.4421875 0.753125 0.0421875 0.084375
0 0.39609375 0.77421875 0.0203125 0.0625
0 0.38203125 0.62265625 0.0359375 0.075
0 0.36640625 0.709375 0.03125 0.0625
0 0.33359375 0.69140625 0.028125 0.040625
0 0.4890625 0.265625 0.04375 0.08125
0 0.5359375 0.35546875 0.0234375 0.059375
0 0.5109375 0.16953125 0.03125 0.0609375
0 0.44453125 0.1046875 0.034375 0.05625
0 0.4125 0.20234375 0.040625 0.0484375
0 0.45625 0.24375 0.028125 0.0328125
0 0.36484375 0.3265625 0.0515625 0.0546875
0 0.2 0.4109375 0.0640625 0.0828125
0 0.28359375 0.290625 0.0515625 0.075
0 0.24140625 0.28203125 0.046875 0.0859375
0 0.3578125 0.0453125 0.0359375 0.0625
0 0.30390625 0.03359375 0.053125 0.053125
0 0.296875 0.1265625 0.034375 0.05
0 0.3015625 0.1921875 0.0359375 0.0546875
0 0.12265625 0.209375 0.05625 0.059375
0 0.128125 0.08203125 0.059375 0.0515625
0 0.121875 0.12421875 0.0375 0.0421875
0 0.08515625 0.38359375 0.040625 0.0609375
0 0.09375 0.42734375 0.0359375 0.065625
0 0.08828125 0.55625 0.05 0.0828125
0 0.01953125 0.57421875 0.0390625 0.071875
0 0.0890625 0.67109375 0.0375 0.0453125
0 0.21953125 0.709375 0.04375 0.059375
0 0.15234375 0.71640625 0.0453125 0.0828125
0 0.18203125 0.83359375 0.0546875 0.090625
0 0.209375 0.95703125 0.040625 0.0640625
0 0.37109375 0.9640625 0.040625 0.0546875
0 0.31796875 0.88671875 0.065625 0.08125
0 0.3203125 0.36796875 0.040625 0.059375
0 0.01484375 0.43671875 0.0296875 0.0859375