0 0.0359375 0.84609375 0.0703125 0.1046875
0 0.04453125 0.95859375 0.05 0.0546875
0 0.01328125 0.65 0.0265625 0.0703125
0 0.06796875 0.66796875 0.04375 0.071875
0 0.14765625 0.503125 0.05625 0.0890625
0 0.19921875 0.56953125 0.0703125 0.0890625
0 0.22578125 0.45703125 0.05625 0.09375
0 0.1703125 0.34375 0.0328125 0.040625
0 0.01875 0.39765625 0.0375 0.0328125
0 0.0171875 0.3546875 0.034375 0.046875
0 0.01484375 0.23203125 0.0296875 0.059375
0 0.015625 0.128125 0.03125 0.0640625
0 0.0546875 0.259375 0.059375 0.071875
0 0.0515625 0.19609375 0.0265625 0.0453125
0 0.06484375 0.1203125 0.04375 0.065625
0 0.09375 0.1484375 0.0375 0.046875
0 0.08671875 0.28515625 0.0609375 0.053125
0 0.10390625 0.2125 0.0203125 0.0359375
0 0.1484375 0.14765625 0.078125 0.0984375
0 0.25 0.225 0.0625 0.0671875
0 0.321875 0.49453125 0.0734375 0.0921875
0 0.46015625 0.4765625 0.053125 0.0578125
0 0.41953125 0.59765625 0.0578125 0.0953125
0 0.440625 0.73125 0.0625 0.078125
0 0.54140625 0.846875 0.059375 0.096875
0 0.45546875 0.96953125 0.0734375 0.0609375
0 0.09140625 0.8375 0.0265625 0.0359375
0 0.484375 0.2625 0.0328125 0.0625
0 0.4359375 0.21953125 0.040625 0.0390625
0 0.36640625 0.1421875 0.0828125 0.10625
0 0.56171875 0.1453125 0.10625 0.1203125
0 0.53984375 0.27578125 0.0359375 0.0390625
0 0.53359375 0.228125 0.0328125 0.03125
0 0.73828125 0.46953125 0.0265625 0.0421875
0 0.75546875 0.253125 0.0171875 0.0265625
0 0.83828125 0.1234375 0.065625 0.096875
0 0.803125 0.321875 0.0546875 0.0625
0 0.85625 0.67890625 0.0609375 0.05625
0 0.66640625 0.9046875 0.0484375 0.0796875
0 0.92890625 0.328125 0.0703125 0.084375
0 0.95859375 0.4 0.0421875 0.05
0 0.98671875 0.3671875 0.0265625 0.0765625
0 0.95546875 0.06484375 0.0890625 0.075