0 0.01484375 0.2328125 0.0296875 0.034375
0 0.00234375 0.22109375 0.0046875 0.0078125
0 0.0140625 0.34375 0.028125 0.028125
0 0.31171875 0.18515625 0.025 0.0171875
0 0.328125 0.22109375 0.0234375 0.01953125
0 0.3828125 0.221875 0.02890625 0.021875
0 0.41328125 0.2234375 0.02734375 0.01171875
0 0.40859375 0.196875 0.046875 0.015625
0 0.384375 0.13125 0.03984375 0.0234375
0 0.325 0.0921875 0.04375 0.02734375
0 0.42734375 0.078125 0.03828125 0.025
0 0.4703125 0.234375 0.0375 0.015625
0 0.53515625 0.2328125 0.03828125 0.02578125
0 0.659375 0.16875 0.03671875 0.02890625
0 0.0578125 0.684375 0.0328125 0.02421875
0 0.07890625 0.5375 0.021875 0.01015625
0 0.090625 0.2703125 0.0234375 0.0203125
0 0.0375 0.16796875 0.0296875 0.02265625
0 0.13359375 0.1875 0.04375 0.025
0 0.2484375 0.13984375 0.06015625 0.03046875
0 0.315625 0.15 0.0375 0.01875
0 0.18125 0.11796875 0.03046875 0.0203125
0 0.4375 0.0375 0.0453125 0.021875
0 0.28828125 0.33203125 0.0359375 0.0234375
0 0.3328125 0.32421875 0.0375 0.0265625
0 0.4828125 0.15390625 0.02734375 0.02265625
0 0.51328125 0.03984375 0.040625 0.02734375
0 0.634375 0.046875 0.05234375 0.02734375