0 0.29140625 0.2234375 0.11875 0.15625
0 0.0609375 0.09921875 0.0515625 0.096875
0 0.040625 0.31484375 0.08125 0.1375
0 0.1484375 0.49765625 0.040625 0.0453125
0 0.12890625 0.6796875 0.0328125 0.0609375
0 0.03515625 0.803125 0.0703125 0.084375
0 0.2828125 0.9265625 0.09375 0.084375
0 0.63046875 0.48125 0.0546875 0.1078125
0 0.58359375 0.528125 0.075 0.0765625
0 0.49453125 0.46875 0.08125 0.1078125
0 0.3640625 0.45703125 0.0734375 0.071875
0 0.2609375 0.540625 0.084375 0.10625
0 0.2125 0.41796875 0.0734375 0.1171875
0 0.48671875 0.08046875 0.1171875 0.121875
0 0.45390625 0.1921875 0.0625 0.0859375
0 0.57578125 0.08359375 0.090625 0.1078125
0 0.63984375 0.1125 0.046875 0.05
0 0.675 0.10859375 0.053125 0.0578125
0 0.628125 0.19296875 0.0609375 0.1
0 0.56796875 0.28125 0.059375 0.1078125
0 0.76640625 0.259375 0.1140625 0.0734375
0 0.94765625 0.025 0.0640625 0.05
0 0.7890625 0.64921875 0.0609375 0.084375
0 0.81484375 0.565625 0.0421875 0.06875
0 0.9421875 0.69453125 0.0453125 0.0734375
0 0.81640625 0.9609375 0.065625 0.078125
0 0.61015625 0.821875 0.0515625 0.0609375
0 0.53828125 0.75078125 0.0515625 0.065625
0 0.47421875 0.6421875 0.0578125 0.0859375
0 0.540625 0.6625 0.025 0.0625
0 0.56328125 0.8796875 0.065625 0.0734375
0 0.4625 0.9765625 0.0796875 0.046875
0 0.86171875 0.8578125 0.05625 0.071875