0 0.72890625 0.3703125 0.13125 0.2578125
0 0.915625 0.36640625 0.1265625 0.1625
0 0.79453125 0.165625 0.0953125 0.059375
0 0.90859375 0.0328125 0.040625 0.05
0 0.8515625 0.1125 0.0609375 0.059375
0 0.57109375 0.03125 0.0890625 0.0625
0 0.2234375 0.0625 0.0796875 0.125
0 0.0796875 0.2703125 0.071875 0.1125
0 0.03828125 0.1734375 0.059375 0.0734375
0 0.040625 0.45390625 0.08125 0.1140625
0 0.2171875 0.36875 0.0546875 0.0828125
0 0.3234375 0.44453125 0.096875 0.16875
0 0.37890625 0.31953125 0.053125 0.0734375
0 0.359375 0.2125 0.06875 0.075
0 0.05859375 0.73828125 0.0796875 0.09375
0 0.028125 0.66328125 0.0484375 0.0640625
0 0.6984375 0.68046875 0.0859375 0.1515625
0 0.8765625 0.6421875 0.0484375 0.0859375
0 0.8578125 0.81875 0.0703125 0.1421875
0 0.93125 0.13671875 0.075 0.1671875