0 0.27109375 0.6296875 0.13125 0.2578125
0 0.084375 0.63359375 0.1265625 0.1625
0 0.20546875 0.834375 0.0953125 0.059375
0 0.09140625 0.9671875 0.040625 0.05
0 0.1484375 0.8875 0.0609375 0.059375
0 0.42890625 0.96875 0.0890625 0.0625
0 0.7765625 0.9375 0.0796875 0.125
0 0.9203125 0.7296875 0.071875 0.1125
0 0.96171875 0.8265625 0.059375 0.0734375
0 0.959375 0.54609375 0.08125 0.1140625
0 0.7828125 0.63125 0.0546875 0.0828125
0 0.6765625 0.55546875 0.096875 0.16875
0 0.62109375 0.68046875 0.053125 0.0734375
0 0.640625 0.7875 0.06875 0.075
0 0.94140625 0.26171875 0.0796875 0.09375
0 0.971875 0.33671875 0.0484375 0.0640625
0 0.3015625 0.31953125 0.0859375 0.1515625
0 0.1234375 0.3578125 0.0484375 0.0859375
0 0.1421875 0.18125 0.0703125 0.1421875
0 0.06875 0.86328125 0.075 0.1671875