0 0.97890625 0.85 0.0421875 0.0671875
0 0.95859375 0.8015625 0.040625 0.0546875
0 0.93828125 0.846875 0.0390625 0.0546875
0 0.98125 0.9125 0.0359375 0.0625
0 0.9296875 0.9171875 0.0484375 0.0515625
0 0.89375 0.86015625 0.0375 0.053125
0 0.89609375 0.92421875 0.0328125 0.059375
0 0.865625 0.8671875 0.04375 0.0453125
0 0.85625 0.92109375 0.028125 0.0453125
0 0.83671875 0.95078125 0.040625 0.065625
0 0.79375 0.9578125 0.028125 0.0328125
0 0.80390625 0.984375 0.021875 0.025
0 0.784375 0.93046875 0.028125 0.028125
0 0.76484375 0.94140625 0.015625 0.0359375
0 0.77265625 0.96953125 0.0140625 0.040625
0 0.77265625 0.9890625 0.0296875 0.0140625
0 0.74765625 0.92890625 0.0140625 0.01875
0 0.72890625 0.946875 0.021875 0.0296875
0 0.71640625 0.99296875 0.03125 0.0140625
0 0.68828125 0.99453125 0.015625 0.0109375
0 0.69609375 0.896875 0.0328125 0.0328125
0 0.69296875 0.93671875 0.028125 0.0265625
0 0.6734375 0.9671875 0.021875 0.028125
0 0.62109375 0.89296875 0.0328125 0.0375
0 0.603125 0.940625 0.0140625 0.028125
0 0.59140625 0.9703125 0.0234375 0.0421875
0 0.58046875 0.9359375 0.01875 0.034375
0 0.55625 0.96796875 0.0203125 0.0390625
0 0.54375 0.91875 0.040625 0.0421875
0 0.5390625 0.8671875 0.015625 0.021875
0 0.52265625 0.88984375 0.025 0.0234375
0 0.57109375 0.85703125 0.034375 0.0390625
0 0.60078125 0.7703125 0.028125 0.0359375
0 0.57421875 0.81015625 0.0265625 0.0328125
0 0.70234375 0.809375 0.0171875 0.034375
0 0.6828125 0.8234375 0.0203125 0.025
0 0.6671875 0.77578125 0.03125 0.0484375
0 0.7 0.74609375 0.0296875 0.0375
0 0.6875 0.71796875 0.021875 0.03125
0 0.67421875 0.675 0.03125 0.0375
0 0.64921875 0.70859375 0.021875 0.0234375
0 0.65 0.65390625 0.0234375 0.025
0 0.625 0.60234375 0.03125 0.03125
0 0.62890625 0.64296875 0.0265625 0.025
0 0.6328125 0.68125 0.0234375 0.0296875
0 0.603125 0.5296875 0.0390625 0.0359375
0 0.61171875 0.5703125 0.0265625 0.0390625
0 0.7703125 0.65078125 0.034375 0.0390625
0 0.79453125 0.62734375 0.0390625 0.046875
0 0.80859375 0.690625 0.0265625 0.0328125
0 0.78515625 0.709375 0.0328125 0.0453125
0 0.81328125 0.7390625 0.03125 0.0484375
0 0.8390625 0.70859375 0.0359375 0.0609375
0 0.85390625 0.75390625 0.034375 0.0375
0 0.8609375 0.8015625 0.0203125 0.03125
0 0.84140625 0.83359375 0.0296875 0.0296875
0 0.80234375 0.85 0.034375 0.04375
0 0.82265625 0.79140625 0.0390625 0.028125
0 0.928125 0.7140625 0.0359375 0.0578125
0 0.9859375 0.67578125 0.028125 0.04375
0 0.98984375 0.709375 0.0203125 0.034375
0 0.9609375 0.7296875 0.021875 0.0359375
0 0.9875 0.76953125 0.025 0.04375
0 0.98203125 0.60546875 0.0234375 0.0359375
0 0.96875 0.63359375 0.0171875 0.0265625
0 0.95703125 0.6703125 0.03125 0.03125
0 0.93125 0.62109375 0.0421875 0.0578125
0 0.94453125 0.5671875 0.025 0.046875
0 0.90234375 0.60078125 0.0375 0.04375
0 0.90234375 0.54375 0.0359375 0.0484375
0 0.928125 0.52265625 0.0328125 0.04375
0 0.84296875 0.56171875 0.0453125 0.071875
0 0.8734375 0.5046875 0.0328125 0.04375
0 0.83046875 0.453125 0.04375 0.0453125
0 0.84765625 0.50234375 0.0265625 0.0421875
0 0.928125 0.4734375 0.0296875 0.0421875
0 0.90859375 0.4359375 0.034375 0.0328125
0 0.98046875 0.509375 0.0359375 0.040625
0 0.96875 0.44296875 0.025 0.0484375
0 0.9375 0.3875 0.046875 0.0359375
0 0.984375 0.378125 0.03125 0.0453125
0 0.8765625 0.3375 0.0375 0.053125
0 0.81640625 0.33203125 0.053125 0.05625
0 0.7359375 0.5453125 0.0203125 0.034375
0 0.71640625 0.575 0.03125 0.053125
0 0.7078125 0.5125 0.0234375 0.0375
0 0.67734375 0.48203125 0.0328125 0.0640625
0 0.653125 0.41640625 0.034375 0.071875
0 0.734375 0.446875 0.01875 0.0265625
0 0.715625 0.4484375 0.01875 0.0421875
0 0.76484375 0.3765625 0.03125 0.05
0 0.79296875 0.42109375 0.0234375 0.05
0 0.775 0.28828125 0.034375 0.059375
0 0.68828125 0.3265625 0.0265625 0.046875
0 0.73828125 0.315625 0.0390625 0.065625
0 0.58984375 0.33125 0.0390625 0.04375
0 0.5796875 0.29375 0.03125 0.0515625
0 0.6296875 0.26328125 0.034375 0.0359375
0 0.6171875 0.2953125 0.021875 0.028125
0 0.5875 0.23671875 0.0296875 0.034375
0 0.56484375 0.2578125 0.0203125 0.03125
0 0.66171875 0.19765625 0.0296875 0.05
0 0.6359375 0.21171875 0.01875 0.034375
0 0.72578125 0.23125 0.015625 0.0375
0 0.7875 0.21640625 0.021875 0.0359375
0 0.76015625 0.21640625 0.021875 0.0359375
0 0.825 0.196875 0.04375 0.0671875
0 0.81796875 0.275 0.0328125 0.040625
0 0.88515625 0.2765625 0.0265625 0.0515625
0 0.9203125 0.32734375 0.01875 0.0421875
0 0.98359375 0.27265625 0.0203125 0.05625
0 0.98515625 0.32265625 0.0265625 0.0390625
0 0.95390625 0.30859375 0.0265625 0.05
0 0.98359375 0.2296875 0.0265625 0.0359375
0 0.96875 0.17109375 0.0296875 0.0390625
0 0.9546875 0.2203125 0.0234375 0.028125
0 0.9390625 0.25546875 0.040625 0.0421875
0 0.9796875 0.08125 0.0140625 0.0203125
0 0.959375 0.11640625 0.04375 0.0421875
0 0.9375 0.1625 0.021875 0.0234375
0 0.89296875 0.1828125 0.03125 0.05625
0 0.91328125 0.090625 0.0328125 0.0328125
0 0.90078125 0.128125 0.028125 0.040625
0 0.96015625 0.03984375 0.0296875 0.0421875
0 0.9046875 0.0296875 0.034375 0.0171875
0 0.89296875 0.04609375 0.028125 0.03125
0 0.85234375 0.05703125 0.01875 0.046875
0 0.7890625 0.14296875 0.0484375 0.0515625
0 0.81640625 0.07265625 0.0234375 0.0390625
0 0.8765625 0.08828125 0.0140625 0.0359375
0 0.86875 0.1265625 0.03125 0.03125
0 0.8484375 0.15859375 0.0296875 0.01875
0 0.71328125 0.14375 0.0328125 0.0484375
0 0.6296875 0.15078125 0.03125 0.0421875
0 0.65703125 0.09921875 0.0375 0.0328125
0 0.65859375 0.1265625 0.03125 0.0359375
0 0.6359375 0.02265625 0.028125 0.0453125
0 0.62578125 0.0671875 0.015625 0.0375
0 0.67265625 0.021875 0.03125 0.0390625
0 0.6078125 0.0359375 0.0265625 0.0375
0 0.5609375 0.03828125 0.0171875 0.053125
0 0.51640625 0.0796875 0.034375 0.0421875
0 0.54140625 0.159375 0.015625 0.021875
0 0.521875 0.15390625 0.0203125 0.0328125
0 0.50078125 0.18984375 0.0140625 0.0265625
0 0.475 0.21015625 0.01875 0.0265625
0 0.45546875 0.23359375 0.025 0.034375
0 0.42734375 0.290625 0.0265625 0.0390625
0 0.41953125 0.340625 0.0203125 0.040625
0 0.46328125 0.32109375 0.028125 0.025
0 0.4734375 0.37421875 0.034375 0.059375
0 0.490625 0.40234375 0.0171875 0.0421875
0 0.50703125 0.48984375 0.025 0.0453125
0 0.5140625 0.4515625 0.015625 0.015625
0 0.54140625 0.5890625 0.028125 0.0515625
0 0.49765625 0.590625 0.021875 0.0453125
0 0.54765625 0.65390625 0.01875 0.0296875
0 0.4859375 0.6671875 0.028125 0.046875
0 0.45 0.66640625 0.0203125 0.0484375
0 0.559375 0.67109375 0.028125 0.0265625
0 0.53671875 0.68828125 0.021875 0.03125
0 0.50234375 0.703125 0.0234375 0.040625
0 0.559375 0.7328125 0.03125 0.053125
0 0.54140625 0.75625 0.0296875 0.01875
0 0.54765625 0.7796875 0.0171875 0.040625
0 0.54609375 0.8109375 0.0125 0.0296875
0 0.52265625 0.7890625 0.0265625 0.028125
0 0.515625 0.7359375 0.015625 0.025
0 0.5 0.746875 0.021875 0.03125
0 0.5109375 0.76484375 0.0125 0.0078125
0 0.48828125 0.78984375 0.0203125 0.034375
0 0.4734375 0.73125 0.034375 0.0453125
0 0.47109375 0.7796875 0.028125 0.0421875
0 0.4734375 0.80390625 0.015625 0.034375
0 0.47734375 0.86328125 0.028125 0.0578125
0 0.38828125 0.7640625 0.0359375 0.04375
0 0.4015625 0.8359375 0.025 0.0421875
0 0.4359375 0.9703125 0.0375 0.046875
0 0.46953125 0.5375 0.03125 0.0453125
0 0.4515625 0.57734375 0.0171875 0.040625
0 0.43203125 0.6015625 0.01875 0.0296875
0 0.42109375 0.628125 0.015625 0.0296875
0 0.42265625 0.67265625 0.021875 0.028125
0 0.41953125 0.51953125 0.028125 0.0375
0 0.4171875 0.5640625 0.028125 0.040625
0 0.3828125 0.590625 0.0296875 0.0265625
0 0.35390625 0.63125 0.0234375 0.03125
0 0.37421875 0.64609375 0.03125 0.0328125
0 0.3671875 0.715625 0.025 0.03125
0 0.33828125 0.78125 0.0328125 0.04375
0 0.36953125 0.82734375 0.025 0.034375
0 0.36328125 0.87109375 0.0265625 0.040625
0 0.35859375 0.921875 0.0359375 0.0484375
0 0.3828125 0.95546875 0.0375 0.0375
0 0.28671875 0.84453125 0.0328125 0.0421875
0 0.28125 0.89921875 0.03125 0.034375
0 0.26796875 0.9484375 0.0265625 0.0359375
0 0.278125 0.98359375 0.028125 0.03125
0 0.2390625 0.91171875 0.0234375 0.0421875
0 0.234375 0.95703125 0.03125 0.0421875
0 0.2359375 0.990625 0.04375 0.0171875
0 0.1953125 0.9578125 0.0359375 0.046875
0 0.2625 0.815625 0.025 0.034375
0 0.23828125 0.7640625 0.0328125 0.0328125
0 0.24296875 0.7921875 0.0234375 0.0296875
0 0.23515625 0.6890625 0.021875 0.0328125
0 0.29921875 0.70625 0.0359375 0.0421875
0 0.3390625 0.678125 0.028125 0.0421875
0 0.3390625 0.584375 0.0203125 0.0234375
0 0.32421875 0.62890625 0.03125 0.0265625
0 0.2765625 0.63828125 0.04375 0.040625
0 0.18828125 0.89765625 0.028125 0.040625
0 0.16953125 0.8703125 0.03125 0.0390625
0 0.16015625 0.91953125 0.021875 0.040625
0 0.15390625 0.8078125 0.0453125 0.05625
0 0.103125 0.81015625 0.028125 0.0328125
0 0.13515625 0.74609375 0.0328125 0.0390625
0 0.06171875 0.790625 0.0328125 0.040625
0 0.0359375 0.83359375 0.034375 0.03125
0 0.0078125 0.80234375 0.015625 0.046875
0 0.05390625 0.89375 0.0328125 0.0453125
0 0.02421875 0.88671875 0.01875 0.0359375
0 0.1265625 0.97265625 0.0453125 0.046875
0 0.07890625 0.96328125 0.028125 0.040625
0 0.0515625 0.9828125 0.0234375 0.0234375
0 0.2328125 0.4921875 0.034375 0.0453125
0 0.45390625 0.45 0.028125 0.0296875
0 0.42734375 0.415625 0.0234375 0.046875
0 0.3875 0.34609375 0.0234375 0.04375
0 0.3671875 0.30859375 0.0375 0.059375
0 0.41171875 0.24609375 0.0140625 0.028125
0 0.38515625 0.2546875 0.0203125 0.01875
0 0.4109375 0.1484375 0.0265625 0.04375
0 0.33359375 0.1296875 0.0359375 0.0453125
0 0.3734375 0.17578125 0.028125 0.03125
0 0.325 0.234375 0.0265625 0.0359375
0 0.3046875 0.1890625 0.0328125 0.025
0 0.34140625 0.16953125 0.0203125 0.025
0 0.4109375 0.02734375 0.028125 0.0375
0 0.38046875 0.0328125 0.0296875 0.0296875
0 0.334375 0.03515625 0.028125 0.04375
0 0.26640625 0.0234375 0.0390625 0.04375
0 0.22734375 0.06875 0.028125 0.0359375
0 0.18671875 0.02578125 0.03125 0.0375
0 0.17734375 0.10703125 0.0359375 0.034375
0 0.13359375 0.0828125 0.0296875 0.0421875
0 0.0953125 0.10625 0.021875 0.040625
0 0.10546875 0.01328125 0.0328125 0.0265625
0 0.07421875 0.03515625 0.03125 0.040625
0 0.0359375 0.02421875 0.0421875 0.0390625
0 0.03984375 0.0984375 0.0296875 0.034375
0 0.06171875 0.1296875 0.028125 0.04375
0 0.028125 0.14609375 0.0203125 0.0421875
0 0.08828125 0.1703125 0.0265625 0.0375
0 0.0359375 0.19765625 0.03125 0.0359375
0 0.125 0.1421875 0.034375 0.03125
0 0.16484375 0.16171875 0.03125 0.0296875
0 0.2015625 0.1359375 0.025 0.0390625
0 0.22890625 0.165625 0.03125 0.034375
0 0.26328125 0.2171875 0.0359375 0.0359375
0 0.2328125 0.20625 0.015625 0.03125
0 0.29921875 0.27265625 0.0265625 0.028125
0 0.2765625 0.26484375 0.0265625 0.0328125
0 0.27265625 0.346875 0.04375 0.0640625
0 0.32265625 0.325 0.028125 0.03125
0 0.36484375 0.38125 0.021875 0.0375
0 0.33203125 0.3796875 0.0296875 0.0453125
0 0.3671875 0.42890625 0.021875 0.04375
0 0.3921875 0.44375 0.01875 0.0265625
0 0.38046875 0.51171875 0.046875 0.04375
0 0.3609375 0.56484375 0.025 0.0359375
0 0.28203125 0.44921875 0.0296875 0.0421875
0 0.303125 0.38984375 0.01875 0.0265625
0 0.33984375 0.45 0.0140625 0.028125
0 0.31328125 0.51171875 0.021875 0.040625
0 0.23671875 0.375 0.034375 0.0484375
0 0.19765625 0.2703125 0.028125 0.0421875
0 0.196875 0.32109375 0.028125 0.034375
0 0.26484375 0.30078125 0.0171875 0.0265625
0 0.23515625 0.25078125 0.03125 0.028125
0 0.23359375 0.29296875 0.034375 0.025
0 0.24375 0.32734375 0.0171875 0.0203125
0 0.19765625 0.21484375 0.034375 0.0359375
0 0.1390625 0.2171875 0.03125 0.0421875
0 0.15859375 0.2453125 0.025 0.028125
0 0.1046875 0.24921875 0.0375 0.05
0 0.0328125 0.32109375 0.0265625 0.0421875
0 0.0109375 0.34453125 0.021875 0.0390625
0 0.0359375 0.38671875 0.0265625 0.040625
0 0.0546875 0.42734375 0.0359375 0.0421875
0 0.09765625 0.3609375 0.0203125 0.04375
0 0.1453125 0.32109375 0.0359375 0.0421875
0 0.18125 0.38125 0.0265625 0.040625
0 0.1609375 0.41328125 0.0265625 0.0390625
0 0.19375 0.421875 0.0328125 0.0484375
0 0.20078125 0.4625 0.0390625 0.0546875
0 0.14921875 0.5765625 0.03125 0.0421875
0 0.04453125 0.6171875 0.0390625 0.053125
0 0.07265625 0.6609375 0.0296875 0.03125
0 0.196875 0.7171875 0.0359375 0.0515625
0 0.01796875 0.70546875 0.0171875 0.0234375
0 0.0109375 0.7328125 0.021875 0.0234375
0 0.0375 0.67109375 0.0109375 0.034375