0 0.140625 0.87890625 0.01640625 0.040625
0 0.21875 0.8640625 0.0203125 0.04140625
0 0.309375 0.8078125 0.03046875 0.05
0 0.2765625 0.5875 0.015625 0.04375
0 0.28828125 0.634375 0.02890625 0.03671875
0 0.2515625 0.65859375 0.02421875 0.02265625
0 0.31875 0.7046875 0.034375 0.046875
0 0.39453125 0.70390625 0.02890625 0.059375
0 0.31796875 0.5421875 0.01640625 0.0359375
0 0.37890625 0.5515625 0.03046875 0.0453125
0 0.4609375 0.63671875 0.01953125 0.03828125
0 0.46328125 0.8203125 0.028125 0.0453125
0 0.19140625 0.38203125 0.021875 0.0328125
0 0.2140625 0.41171875 0.034375 0.04296875
0 0.21640625 0.4328125 0.01875 0.02265625
0 0.26875 0.509375 0.0390625 0.06484375
0 0.23203125 0.5765625 0.02734375 0.04296875
0 0.278125 0.29765625 0.02578125 0.02734375
0 0.234375 0.31953125 0.02265625 0.0359375
0 0.290625 0.3609375 0.03046875 0.0296875
0 0.31953125 0.38359375 0.0328125 0.0578125
0 0.328125 0.27109375 0.015625 0.03203125
0 0.15625 0.61484375 0.025 0.0359375
0 0.18984375 0.621875 0.02109375 0.0265625
0 0.21171875 0.703125 0.034375 0.0671875
0 0.25625 0.84140625 0.021875 0.03125
0 0.01640625 0.73046875 0.02578125 0.03125
0 0.08984375 0.78359375 0.0328125 0.0328125
0 0.0578125 0.66015625 0.021875 0.025
0 0.13046875 0.7328125 0.0328125 0.03984375
0 0.1484375 0.46484375 0.03671875 0.04140625
0 0.54609375 0.5859375 0.03125 0.028125
0 0.63046875 0.61171875 0.01953125 0.05078125
0 0.93671875 0.56015625 0.028125 0.0546875
0 0.9 0.68359375 0.0375 0.06640625
0 0.334375 0.59765625 0.0234375 0.03984375
0 0.78828125 0.14765625 0.0265625 0.0640625
0 0.73671875 0.03984375 0.04765625 0.0546875
0 0.55703125 0.096875 0.0265625 0.034375
0 0.40234375 0.07265625 0.02265625 0.03359375
0 0.4015625 0.0734375 0.0203125 0.01796875
0 0.93984375 0.246875 0.0421875 0.05703125
0 0.953125 0.1984375 0.02734375 0.04296875
0 0.6625 0.15703125 0.0203125 0.02890625
0 0.7625 0.2203125 0.02890625 0.02578125
0 0.56796875 0.271875 0.02734375 0.034375
0 0.60078125 0.4984375 0.0265625 0.03359375
0 0.51328125 0.56328125 0.0328125 0.04375
0 0.49453125 0.70234375 0.04375 0.065625
0 0.53828125 0.734375 0.03359375 0.04296875
0 0.4671875 0.37734375 0.04140625 0.05859375
0 0.35859375 0.35703125 0.02265625 0.02109375
0 0.50703125 0.11640625 0.03125 0.021875
0 0.5546875 0.16640625 0.03046875 0.034375
0 0.54140625 0.36953125 0.03046875 0.0453125
0 0.11015625 0.85078125 0.02421875 0.04609375