0 0.946875 0.01796875 0.040625 0.0359375
0 0.98515625 0.0484375 0.0296875 0.0515625
0 0.9078125 0.04140625 0.0359375 0.05
0 0.94296875 0.07890625 0.03125 0.0421875
0 0.87734375 0.103125 0.04375 0.046875
0 0.86171875 0.03515625 0.03125 0.0453125
0 0.83046875 0.1015625 0.03125 0.05
0 0.9828125 0.140625 0.034375 0.0484375
0 0.9265625 0.146875 0.040625 0.0546875
0 0.86796875 0.16640625 0.03125 0.0546875
0 0.81015625 0.15390625 0.0265625 0.0375
0 0.8203125 0.2125 0.025 0.0296875
0 0.7796875 0.2578125 0.046875 0.0546875
0 0.7796875 0.3265625 0.0578125 0.0671875
0 0.77890625 0.40234375 0.0484375 0.06875
0 0.72890625 0.48203125 0.0609375 0.071875
0 0.71484375 0.5453125 0.025 0.0546875
0 0.6796875 0.5234375 0.0484375 0.040625
0 0.62890625 0.5546875 0.04375 0.0859375
0 0.571875 0.5953125 0.0609375 0.084375
0 0.575 0.3234375 0.06875 0.0671875
0 0.8109375 0.04609375 0.028125 0.0328125
0 0.7859375 0.10625 0.05 0.046875
0 0.72109375 0.11953125 0.0375 0.05625
0 0.7671875 0.15234375 0.04375 0.0484375
0 0.7109375 0.209375 0.0421875 0.0859375
0 0.6640625 0.2015625 0.0515625 0.05
0 0.6734375 0.28671875 0.0328125 0.0640625
0 0.63125 0.3359375 0.034375 0.0484375
0 0.734375 0.39453125 0.03125 0.053125
0 0.71953125 0.284375 0.0453125 0.0796875
0 0.69140625 0.3875 0.03125 0.0359375
0 0.6484375 0.40390625 0.028125 0.0625
0 0.57109375 0.40390625 0.0234375 0.0546875
0 0.5671875 0.48984375 0.04375 0.0734375
0 0.54609375 0.5390625 0.053125 0.075
0 0.4921875 0.51171875 0.0578125 0.0640625
0 0.5125 0.34296875 0.05625 0.04375
0 0.503125 0.40859375 0.0578125 0.065625
0 0.47734375 0.45625 0.0421875 0.0578125
0 0.665625 0.4625 0.0265625 0.0796875
0 0.6734375 0.61484375 0.05 0.0828125
0 0.6296875 0.62890625 0.0234375 0.071875
0 0.78828125 0.50703125 0.0578125 0.09375
0 0.74375 0.61015625 0.04375 0.084375
0 0.5625 0.1765625 0.059375 0.0703125
0 0.7046875 0.021875 0.05625 0.04375
0 0.68828125 0.09921875 0.053125 0.05625
0 0.6359375 0.13515625 0.0421875 0.0453125
0 0.8921875 0.25 0.0328125 0.0671875
0 0.76484375 0.01796875 0.0390625 0.0359375
0 0.61328125 0.03125 0.0453125 0.0625
0 0.55 0.04296875 0.0484375 0.0765625
0 0.9734375 0.19296875 0.0359375 0.05
0 0.97578125 0.26953125 0.025 0.046875
0 0.9765625 0.33828125 0.046875 0.0609375
0 0.92421875 0.3125 0.0328125 0.053125
0 0.87890625 0.33671875 0.034375 0.0546875
0 0.846875 0.35546875 0.0484375 0.0484375
0 0.94296875 0.40625 0.0484375 0.0578125
0 0.89609375 0.38671875 0.0265625 0.0515625
0 0.96015625 0.48671875 0.05 0.046875
0 0.92265625 0.53828125 0.0515625 0.08125
0 0.86875 0.5078125 0.046875 0.046875
0 0.88828125 0.5625 0.0296875 0.053125
0 0.9828125 0.575 0.034375 0.06875
0 0.96640625 0.5859375 0.021875 0.0484375
0 0.89921875 0.5953125 0.0265625 0.0375
0 0.9828125 0.6125 0.021875 0.0453125
0 0.94453125 0.6375 0.05 0.0453125
0 0.91875 0.4546875 0.021875 0.040625
0 0.89921875 0.4796875 0.015625 0.0234375
0 0.8609375 0.61328125 0.0375 0.04375
0 0.9515625 0.7125 0.0484375 0.0578125
0 0.90625 0.71015625 0.053125 0.0625
0 0.984375 0.753125 0.03125 0.059375
0 0.83515625 0.734375 0.0546875 0.0859375
0 0.7921875 0.815625 0.0296875 0.0375
0 0.909375 0.76875 0.0359375 0.0484375
0 0.9859375 0.81015625 0.028125 0.05
0 0.9453125 0.809375 0.025 0.0515625
0 0.90625 0.84921875 0.0421875 0.06875
0 0.8625 0.83125 0.0484375 0.05625
0 0.9375 0.89375 0.0421875 0.065625
0 0.9046875 0.9265625 0.05625 0.0796875
0 0.97578125 0.85859375 0.03125 0.0453125
0 0.9765625 0.93125 0.046875 0.071875
0 0.8703125 0.9140625 0.0515625 0.0515625
0 0.76328125 0.89921875 0.05 0.0625
0 0.76015625 0.95546875 0.0515625 0.071875
0 0.7390625 0.87421875 0.0375 0.05625
0 0.71875 0.684375 0.0375 0.04375
0 0.70546875 0.7375 0.04375 0.05
0 0.69296875 0.79921875 0.0703125 0.084375
0 0.7046875 0.90390625 0.0375 0.053125
0 0.57890625 0.76171875 0.053125 0.0765625
0 0.54296875 0.825 0.0375 0.053125
0 0.6015625 0.84609375 0.078125 0.065625
0 0.6 0.9171875 0.053125 0.0453125
0 0.55 0.95859375 0.040625 0.0578125
0 0.51875 0.93671875 0.04375 0.0625
0 0.415625 0.9 0.0703125 0.0828125
0 0.4703125 0.9203125 0.0359375 0.0515625
0 0.4015625 0.77109375 0.0484375 0.065625
0 0.52734375 0.671875 0.0171875 0.046875
0 0.52890625 0.7375 0.03125 0.0625
0 0.48203125 0.7890625 0.0453125 0.0546875
0 0.4515625 0.596875 0.0515625 0.0640625
0 0.39921875 0.66328125 0.0515625 0.0765625
0 0.41484375 0.4328125 0.0421875 0.046875
0 0.3671875 0.50625 0.0515625 0.0453125
0 0.37890625 0.57890625 0.053125 0.0546875
0 0.3625 0.61953125 0.0390625 0.0625
0 0.33828125 0.546875 0.0515625 0.06875
0 0.35078125 0.3890625 0.04375 0.075
0 0.30234375 0.3609375 0.0515625 0.065625
0 0.3140625 0.45078125 0.04375 0.06875
0 0.42265625 0.27265625 0.03125 0.096875
0 0.3890625 0.35 0.0390625 0.0546875
0 0.42265625 0.03046875 0.0671875 0.0609375
0 0.44140625 0.09140625 0.0671875 0.0671875
0 0.425 0.1671875 0.0515625 0.053125
0 0.3890625 0.0703125 0.0515625 0.0546875
0 0.3546875 0.2796875 0.059375 0.08125
0 0.28203125 0.4390625 0.046875 0.0625
0 0.253125 0.17578125 0.0859375 0.109375
0 0.253125 0.02734375 0.04375 0.0546875
0 0.2640625 0.0828125 0.04375 0.0546875
0 0.0796875 0.02421875 0.03125 0.0484375
0 0.01796875 0.07265625 0.0359375 0.0671875
0 0.02265625 0.13984375 0.0453125 0.0734375
0 0.0265625 0.20234375 0.053125 0.0859375
0 0.059375 0.43046875 0.05 0.071875
0 0.12109375 0.609375 0.040625 0.059375
0 0.08828125 0.6015625 0.040625 0.0671875
0 0.0546875 0.5765625 0.0296875 0.0671875
0 0.01640625 0.534375 0.0328125 0.09375
0 0.0625 0.69140625 0.0421875 0.0625
0 0.0578125 0.725 0.0453125 0.053125
0 0.0234375 0.659375 0.025 0.0515625
0 0.01796875 0.68828125 0.0359375 0.0609375
0 0.0140625 0.73203125 0.028125 0.04375
0 0.08203125 0.77578125 0.0265625 0.0515625
0 0.046875 0.7875 0.0234375 0.0625
0 0.01328125 0.80078125 0.0265625 0.0515625
0 0.10625 0.840625 0.046875 0.059375
0 0.04765625 0.87890625 0.0515625 0.078125
0 0.015625 0.92890625 0.03125 0.0765625
0 0.25234375 0.72734375 0.0609375 0.0984375
0 0.20703125 0.8265625 0.0453125 0.0671875
0 0.14453125 0.9109375 0.0390625 0.06875
0 0.08515625 0.946875 0.025 0.0296875
0 0.10703125 0.9875 0.0578125 0.025
0 0.05390625 0.98125 0.0328125 0.0375
0 0.29453125 0.8734375 0.0625 0.10625
0 0.32421875 0.74765625 0.0375 0.075
0 0.16484375 0.0890625 0.05 0.0890625