0 0.053125 0.98203125 0.040625 0.0359375
0 0.01484375 0.9515625 0.0296875 0.0515625
0 0.0921875 0.95859375 0.0359375 0.05
0 0.05703125 0.92109375 0.03125 0.0421875
0 0.12265625 0.896875 0.04375 0.046875
0 0.13828125 0.96484375 0.03125 0.0453125
0 0.16953125 0.8984375 0.03125 0.05
0 0.0171875 0.859375 0.034375 0.0484375
0 0.0734375 0.853125 0.040625 0.0546875
0 0.13203125 0.83359375 0.03125 0.0546875
0 0.18984375 0.84609375 0.0265625 0.0375
0 0.1796875 0.7875 0.025 0.0296875
0 0.2203125 0.7421875 0.046875 0.0546875
0 0.2203125 0.6734375 0.0578125 0.0671875
0 0.22109375 0.59765625 0.0484375 0.06875
0 0.27109375 0.51796875 0.0609375 0.071875
0 0.28515625 0.4546875 0.025 0.0546875
0 0.3203125 0.4765625 0.0484375 0.040625
0 0.37109375 0.4453125 0.04375 0.0859375
0 0.428125 0.4046875 0.0609375 0.084375
0 0.425 0.6765625 0.06875 0.0671875
0 0.1890625 0.95390625 0.028125 0.0328125
0 0.2140625 0.89375 0.05 0.046875
0 0.27890625 0.88046875 0.0375 0.05625
0 0.2328125 0.84765625 0.04375 0.0484375
0 0.2890625 0.790625 0.0421875 0.0859375
0 0.3359375 0.7984375 0.0515625 0.05
0 0.3265625 0.71328125 0.0328125 0.0640625
0 0.36875 0.6640625 0.034375 0.0484375
0 0.265625 0.60546875 0.03125 0.053125
0 0.28046875 0.715625 0.0453125 0.0796875
0 0.30859375 0.6125 0.03125 0.0359375
0 0.3515625 0.59609375 0.028125 0.0625
0 0.42890625 0.59609375 0.0234375 0.0546875
0 0.4328125 0.51015625 0.04375 0.0734375
0 0.45390625 0.4609375 0.053125 0.075
0 0.5078125 0.48828125 0.0578125 0.0640625
0 0.4875 0.65703125 0.05625 0.04375
0 0.496875 0.59140625 0.0578125 0.065625
0 0.52265625 0.54375 0.0421875 0.0578125
0 0.334375 0.5375 0.0265625 0.0796875
0 0.3265625 0.38515625 0.05 0.0828125
0 0.3703125 0.37109375 0.0234375 0.071875
0 0.21171875 0.49296875 0.0578125 0.09375
0 0.25625 0.38984375 0.04375 0.084375
0 0.4375 0.8234375 0.059375 0.0703125
0 0.2953125 0.978125 0.05625 0.04375
0 0.31171875 0.90078125 0.053125 0.05625
0 0.3640625 0.86484375 0.0421875 0.0453125
0 0.1078125 0.75 0.0328125 0.0671875
0 0.23515625 0.98203125 0.0390625 0.0359375
0 0.38671875 0.96875 0.0453125 0.0625
0 0.45 0.95703125 0.0484375 0.0765625
0 0.0265625 0.80703125 0.0359375 0.05
0 0.02421875 0.73046875 0.025 0.046875
0 0.0234375 0.66171875 0.046875 0.0609375
0 0.07578125 0.6875 0.0328125 0.053125
0 0.12109375 0.66328125 0.034375 0.0546875
0 0.153125 0.64453125 0.0484375 0.0484375
0 0.05703125 0.59375 0.0484375 0.0578125
0 0.10390625 0.61328125 0.0265625 0.0515625
0 0.03984375 0.51328125 0.05 0.046875
0 0.07734375 0.46171875 0.0515625 0.08125
0 0.13125 0.4921875 0.046875 0.046875
0 0.11171875 0.4375 0.0296875 0.053125
0 0.0171875 0.425 0.034375 0.06875
0 0.03359375 0.4140625 0.021875 0.0484375
0 0.10078125 0.4046875 0.0265625 0.0375
0 0.0171875 0.3875 0.021875 0.0453125
0 0.05546875 0.3625 0.05 0.0453125
0 0.08125 0.5453125 0.021875 0.040625
0 0.10078125 0.5203125 0.015625 0.0234375
0 0.1390625 0.38671875 0.0375 0.04375
0 0.0484375 0.2875 0.0484375 0.0578125
0 0.09375 0.28984375 0.053125 0.0625
0 0.015625 0.246875 0.03125 0.059375
0 0.16484375 0.265625 0.0546875 0.0859375
0 0.2078125 0.184375 0.0296875 0.0375
0 0.090625 0.23125 0.0359375 0.0484375
0 0.0140625 0.18984375 0.028125 0.05
0 0.0546875 0.190625 0.025 0.0515625
0 0.09375 0.15078125 0.0421875 0.06875
0 0.1375 0.16875 0.0484375 0.05625
0 0.0625 0.10625 0.0421875 0.065625
0 0.0953125 0.0734375 0.05625 0.0796875
0 0.02421875 0.14140625 0.03125 0.0453125
0 0.0234375 0.06875 0.046875 0.071875
0 0.1296875 0.0859375 0.0515625 0.0515625
0 0.23671875 0.10078125 0.05 0.0625
0 0.23984375 0.04453125 0.0515625 0.071875
0 0.2609375 0.12578125 0.0375 0.05625
0 0.28125 0.315625 0.0375 0.04375
0 0.29453125 0.2625 0.04375 0.05
0 0.30703125 0.20078125 0.0703125 0.084375
0 0.2953125 0.09609375 0.0375 0.053125
0 0.42109375 0.23828125 0.053125 0.0765625
0 0.45703125 0.175 0.0375 0.053125
0 0.3984375 0.15390625 0.078125 0.065625
0 0.4 0.0828125 0.053125 0.0453125
0 0.45 0.04140625 0.040625 0.0578125
0 0.48125 0.06328125 0.04375 0.0625
0 0.584375 0.1 0.0703125 0.0828125
0 0.5296875 0.0796875 0.0359375 0.0515625
0 0.5984375 0.22890625 0.0484375 0.065625
0 0.47265625 0.328125 0.0171875 0.046875
0 0.47109375 0.2625 0.03125 0.0625
0 0.51796875 0.2109375 0.0453125 0.0546875
0 0.5484375 0.403125 0.0515625 0.0640625
0 0.60078125 0.33671875 0.0515625 0.0765625
0 0.58515625 0.5671875 0.0421875 0.046875
0 0.6328125 0.49375 0.0515625 0.0453125
0 0.62109375 0.42109375 0.053125 0.0546875
0 0.6375 0.38046875 0.0390625 0.0625
0 0.66171875 0.453125 0.0515625 0.06875
0 0.64921875 0.6109375 0.04375 0.075
0 0.69765625 0.6390625 0.0515625 0.065625
0 0.6859375 0.54921875 0.04375 0.06875
0 0.57734375 0.72734375 0.03125 0.096875
0 0.6109375 0.65 0.0390625 0.0546875
0 0.57734375 0.96953125 0.0671875 0.0609375
0 0.55859375 0.90859375 0.0671875 0.0671875
0 0.575 0.8328125 0.0515625 0.053125
0 0.6109375 0.9296875 0.0515625 0.0546875
0 0.6453125 0.7203125 0.059375 0.08125
0 0.71796875 0.5609375 0.046875 0.0625
0 0.746875 0.82421875 0.0859375 0.109375
0 0.746875 0.97265625 0.04375 0.0546875
0 0.7359375 0.9171875 0.04375 0.0546875
0 0.9203125 0.97578125 0.03125 0.0484375
0 0.98203125 0.92734375 0.0359375 0.0671875
0 0.97734375 0.86015625 0.0453125 0.0734375
0 0.9734375 0.79765625 0.053125 0.0859375
0 0.940625 0.56953125 0.05 0.071875
0 0.87890625 0.390625 0.040625 0.059375
0 0.91171875 0.3984375 0.040625 0.0671875
0 0.9453125 0.4234375 0.0296875 0.0671875
0 0.98359375 0.465625 0.0328125 0.09375
0 0.9375 0.30859375 0.0421875 0.0625
0 0.9421875 0.275 0.0453125 0.053125
0 0.9765625 0.340625 0.025 0.0515625
0 0.98203125 0.31171875 0.0359375 0.0609375
0 0.9859375 0.26796875 0.028125 0.04375
0 0.91796875 0.22421875 0.0265625 0.0515625
0 0.953125 0.2125 0.0234375 0.0625
0 0.98671875 0.19921875 0.0265625 0.0515625
0 0.89375 0.159375 0.046875 0.059375
0 0.95234375 0.12109375 0.0515625 0.078125
0 0.984375 0.07109375 0.03125 0.0765625
0 0.74765625 0.27265625 0.0609375 0.0984375
0 0.79296875 0.1734375 0.0453125 0.0671875
0 0.85546875 0.0890625 0.0390625 0.06875
0 0.91484375 0.053125 0.025 0.0296875
0 0.89296875 0.0125 0.0578125 0.025
0 0.94609375 0.01875 0.0328125 0.0375
0 0.70546875 0.1265625 0.0625 0.10625
0 0.67578125 0.25234375 0.0375 0.075
0 0.83515625 0.9109375 0.05 0.0890625