0 0.01015625 0.06875 0.0203125 0.059375
0 0.14765625 0.1984375 0.0546875 0.0609375
0 0.1453125 0.1171875 0.034375 0.0671875
0 0.0640625 0.12109375 0.0421875 0.05625
0 0.10625 0.04453125 0.0390625 0.0546875
0 0.01953125 0.3203125 0.0390625 0.0671875
0 0.01484375 0.546875 0.0296875 0.071875
0 0.0265625 0.465625 0.05 0.059375
0 0.01953125 0.421875 0.0390625 0.0375
0 0.053125 0.6796875 0.0296875 0.05
0 0.0640625 0.625 0.028125 0.0390625
0 0.06875 0.59296875 0.0484375 0.034375
0 0.084375 0.64296875 0.0328125 0.0375
0 0.0484375 0.8421875 0.040625 0.040625
0 0.06328125 0.74375 0.021875 0.0484375
0 0.18203125 0.53828125 0.040625 0.0671875
0 0.18046875 0.6734375 0.0453125 0.0484375
0 0.17265625 0.6265625 0.05625 0.05
0 0.203125 0.8484375 0.034375 0.0453125
0 0.19375 0.809375 0.03125 0.053125
0 0.240625 0.75625 0.0375 0.0421875
0 0.17421875 0.93828125 0.0359375 0.0609375
0 0.15703125 0.36875 0.05 0.0703125
0 0.10625 0.29375 0.028125 0.0390625
0 0.16953125 0.28359375 0.0421875 0.05625
0 0.209375 0.21796875 0.04375 0.053125
0 0.20078125 0.1375 0.03125 0.0484375
0 0.18359375 0.0375 0.0328125 0.0640625
0 0.225 0.03828125 0.053125 0.0765625
0 0.26484375 0.01640625 0.04375 0.0328125
0 0.26640625 0.15703125 0.0375 0.0765625
0 0.2875 0.07421875 0.03125 0.0703125
0 0.25859375 0.334375 0.053125 0.05625
0 0.2640625 0.26484375 0.0453125 0.071875
0 0.31015625 0.196875 0.0375 0.065625
0 0.34296875 0.11640625 0.0546875 0.0484375
0 0.31484375 0.378125 0.0390625 0.0453125
0 0.2265625 0.59765625 0.015625 0.0609375
0 0.28359375 0.5296875 0.0375 0.040625
0 0.290625 0.475 0.015625 0.0515625
0 0.3265625 0.50625 0.040625 0.0453125
0 0.32109375 0.45234375 0.0234375 0.05
0 0.33125 0.41484375 0.034375 0.0390625
0 0.3671875 0.43046875 0.03125 0.053125
0 0.36875 0.36328125 0.0375 0.0671875
0 0.31171875 0.3109375 0.028125 0.0390625
0 0.33984375 0.31640625 0.0359375 0.0625
0 0.32421875 0.625 0.0421875 0.0546875
0 0.31171875 0.55546875 0.028125 0.046875
0 0.375 0.66640625 0.046875 0.059375
0 0.36484375 0.603125 0.040625 0.0375
0 0.37109375 0.55234375 0.034375 0.0359375
0 0.35 0.78828125 0.0390625 0.059375
0 0.2828125 0.8015625 0.0359375 0.0546875
0 0.33515625 0.7203125 0.0328125 0.0359375
0 0.23359375 0.6765625 0.0390625 0.05
0 0.36328125 0.85234375 0.0328125 0.04375
0 0.40390625 0.75 0.0359375 0.04375
0 0.40546875 0.6796875 0.0328125 0.05
0 0.44140625 0.6640625 0.0328125 0.0671875
0 0.43203125 0.44453125 0.0296875 0.071875
0 0.440625 0.39140625 0.0359375 0.046875
0 0.4609375 0.3421875 0.0359375 0.0515625
0 0.45625 0.2921875 0.028125 0.0390625
0 0.47421875 0.30078125 0.028125 0.03125
0 0.4375 0.23515625 0.0296875 0.05
0 0.3578125 0.19140625 0.046875 0.0546875
0 0.40703125 0.16640625 0.0234375 0.0484375
0 0.3578125 0.01796875 0.03125 0.0359375
0 0.40390625 0.06953125 0.0421875 0.075
0 0.44765625 0.08203125 0.0234375 0.046875
0 0.415625 0.02109375 0.0296875 0.0375
0 0.45703125 0.025 0.034375 0.05
0 0.4328125 0.12578125 0.0421875 0.053125
0 0.4890625 0.26640625 0.046875 0.0578125
0 0.50625 0.2109375 0.0546875 0.0546875
0 0.48203125 0.16015625 0.0265625 0.046875
0 0.515625 0.1390625 0.0359375 0.034375
0 0.48203125 0.07734375 0.025 0.0484375
0 0.52265625 0.07890625 0.0421875 0.0546875
0 0.571875 0.0984375 0.0546875 0.0578125
0 0.5234375 0.01484375 0.034375 0.0296875
0 0.6390625 0.0671875 0.0515625 0.0625
0 0.69921875 0.084375 0.0578125 0.071875
0 0.69296875 0.27421875 0.046875 0.0765625
0 0.70390625 0.196875 0.03125 0.046875
0 0.7484375 0.16875 0.0359375 0.040625
0 0.559375 0.28046875 0.0515625 0.0765625
0 0.43984375 0.5671875 0.0453125 0.0578125
0 0.46875 0.51640625 0.0453125 0.046875
0 0.471875 0.4796875 0.03125 0.05625
0 0.478125 0.42734375 0.0421875 0.0515625
0 0.5203125 0.36015625 0.03125 0.053125
0 0.54921875 0.5125 0.0484375 0.0578125
0 0.5265625 0.44140625 0.0171875 0.059375
0 0.5515625 0.3921875 0.03125 0.0390625
0 0.55625 0.34453125 0.028125 0.0359375
0 0.5984375 0.30546875 0.0390625 0.053125
0 0.49140625 0.64609375 0.0609375 0.0515625
0 0.5015625 0.58203125 0.059375 0.0453125
0 0.5015625 0.5203125 0.0421875 0.0453125
0 0.5828125 0.44296875 0.0515625 0.0546875
0 0.603125 0.50703125 0.040625 0.0390625
0 0.625 0.45390625 0.0515625 0.0640625
0 0.63203125 0.56875 0.0390625 0.059375
0 0.45625 0.746875 0.0421875 0.059375
0 0.49296875 0.76484375 0.05 0.0734375
0 0.4765625 0.9234375 0.01875 0.0359375
0 0.503125 0.88671875 0.028125 0.0484375
0 0.50859375 0.83984375 0.0375 0.046875
0 0.53203125 0.77421875 0.053125 0.0484375
0 0.54765625 0.7703125 0.05 0.0515625
0 0.6 0.76015625 0.05 0.0546875
0 0.678125 0.84296875 0.04375 0.0453125
0 0.5453125 0.91796875 0.0265625 0.034375
0 0.546875 0.8703125 0.025 0.034375
0 0.60078125 0.8375 0.04375 0.0484375
0 0.58125 0.95546875 0.0359375 0.0453125
0 0.578125 0.9109375 0.0265625 0.0296875
0 0.64921875 0.96953125 0.0578125 0.0546875
0 0.753125 0.9453125 0.0234375 0.0515625
0 0.73671875 0.796875 0.065625 0.0421875
0 0.7421875 0.74765625 0.025 0.0359375
0 0.65546875 0.61484375 0.040625 0.0703125
0 0.6875 0.60546875 0.0359375 0.059375
0 0.64765625 0.5 0.040625 0.0640625
0 0.5953125 0.375 0.0265625 0.0359375
0 0.6734375 0.4421875 0.0359375 0.0734375
0 0.67421875 0.37265625 0.0421875 0.0375
0 0.67890625 0.51796875 0.0328125 0.04375
0 0.70703125 0.46796875 0.0328125 0.0515625
0 0.71953125 0.425 0.046875 0.0640625
0 0.73359375 0.53671875 0.046875 0.0546875
0 0.76796875 0.4921875 0.0375 0.078125
0 0.83515625 0.64375 0.0609375 0.059375
0 0.771875 0.55859375 0.025 0.0375
0 0.79921875 0.4953125 0.0390625 0.0671875
0 0.78125 0.38671875 0.0375 0.065625
0 0.759375 0.3078125 0.0359375 0.04375
0 0.8609375 0.33125 0.0546875 0.0671875
0 0.91015625 0.2625 0.025 0.0640625
0 0.7875 0.11484375 0.0390625 0.0625
0 0.81796875 0.03984375 0.040625 0.078125
0 0.85859375 0.0984375 0.0390625 0.04375
0 0.8625 0.0484375 0.0453125 0.0375
0 0.90078125 0.09453125 0.021875 0.0421875
0 0.92578125 0.03828125 0.05625 0.0578125
0 0.8984375 0.1765625 0.0234375 0.0453125
0 0.94453125 0.10859375 0.0359375 0.0421875
0 0.98671875 0.1 0.0203125 0.0546875
0 0.94765625 0.23828125 0.046875 0.06875
0 0.9296875 0.39609375 0.03125 0.0875
0 0.9484375 0.328125 0.0375 0.0515625
0 0.9796875 0.27421875 0.040625 0.0578125
0 0.98984375 0.21015625 0.0203125 0.040625
0 0.96328125 0.62734375 0.046875 0.06875
0 0.87578125 0.5390625 0.034375 0.0625
0 0.88671875 0.4625 0.04375 0.053125
0 0.89375 0.41953125 0.0375 0.0359375
0 0.8796875 0.378125 0.0265625 0.0484375
0 0.90703125 0.34921875 0.034375 0.0453125
0 0.96171875 0.45078125 0.0390625 0.053125
0 0.9625 0.38828125 0.0328125 0.0828125
0 0.84375 0.81875 0.0359375 0.0578125
0 0.83046875 0.7796875 0.0234375 0.0578125
0 0.875 0.7703125 0.0265625 0.05625
0 0.90703125 0.7578125 0.025 0.04375
0 0.78671875 0.73671875 0.0390625 0.0515625
0 0.77109375 0.67578125 0.03125 0.0421875
0 0.95 0.85625 0.0328125 0.0625
0 0.990625 0.83125 0.01875 0.059375
0 0.8625 0.2171875 0.0375 0.0375