0 0.01015625 0.93125 0.0203125 0.059375
0 0.14765625 0.8015625 0.0546875 0.0609375
0 0.1453125 0.8828125 0.034375 0.0671875
0 0.0640625 0.87890625 0.0421875 0.05625
0 0.10625 0.95546875 0.0390625 0.0546875
0 0.01953125 0.6796875 0.0390625 0.0671875
0 0.01484375 0.453125 0.0296875 0.071875
0 0.0265625 0.534375 0.05 0.059375
0 0.01953125 0.578125 0.0390625 0.0375
0 0.053125 0.3203125 0.0296875 0.05
0 0.0640625 0.375 0.028125 0.0390625
0 0.06875 0.40703125 0.0484375 0.034375
0 0.084375 0.35703125 0.0328125 0.0375
0 0.0484375 0.1578125 0.040625 0.040625
0 0.06328125 0.25625 0.021875 0.0484375
0 0.18203125 0.46171875 0.040625 0.0671875
0 0.18046875 0.3265625 0.0453125 0.0484375
0 0.17265625 0.3734375 0.05625 0.05
0 0.203125 0.1515625 0.034375 0.0453125
0 0.19375 0.190625 0.03125 0.053125
0 0.240625 0.24375 0.0375 0.0421875
0 0.17421875 0.06171875 0.0359375 0.0609375
0 0.15703125 0.63125 0.05 0.0703125
0 0.10625 0.70625 0.028125 0.0390625
0 0.16953125 0.71640625 0.0421875 0.05625
0 0.209375 0.78203125 0.04375 0.053125
0 0.20078125 0.8625 0.03125 0.0484375
0 0.18359375 0.9625 0.0328125 0.0640625
0 0.225 0.96171875 0.053125 0.0765625
0 0.26484375 0.98359375 0.04375 0.0328125
0 0.26640625 0.84296875 0.0375 0.0765625
0 0.2875 0.92578125 0.03125 0.0703125
0 0.25859375 0.665625 0.053125 0.05625
0 0.2640625 0.73515625 0.0453125 0.071875
0 0.31015625 0.803125 0.0375 0.065625
0 0.34296875 0.88359375 0.0546875 0.0484375
0 0.31484375 0.621875 0.0390625 0.0453125
0 0.2265625 0.40234375 0.015625 0.0609375
0 0.28359375 0.4703125 0.0375 0.040625
0 0.290625 0.525 0.015625 0.0515625
0 0.3265625 0.49375 0.040625 0.0453125
0 0.32109375 0.54765625 0.0234375 0.05
0 0.33125 0.58515625 0.034375 0.0390625
0 0.3671875 0.56953125 0.03125 0.053125
0 0.36875 0.63671875 0.0375 0.0671875
0 0.31171875 0.6890625 0.028125 0.0390625
0 0.33984375 0.68359375 0.0359375 0.0625
0 0.32421875 0.375 0.0421875 0.0546875
0 0.31171875 0.44453125 0.028125 0.046875
0 0.375 0.33359375 0.046875 0.059375
0 0.36484375 0.396875 0.040625 0.0375
0 0.37109375 0.44765625 0.034375 0.0359375
0 0.35 0.21171875 0.0390625 0.059375
0 0.2828125 0.1984375 0.0359375 0.0546875
0 0.33515625 0.2796875 0.0328125 0.0359375
0 0.23359375 0.3234375 0.0390625 0.05
0 0.36328125 0.14765625 0.0328125 0.04375
0 0.40390625 0.25 0.0359375 0.04375
0 0.40546875 0.3203125 0.0328125 0.05
0 0.44140625 0.3359375 0.0328125 0.0671875
0 0.43203125 0.55546875 0.0296875 0.071875
0 0.440625 0.60859375 0.0359375 0.046875
0 0.4609375 0.6578125 0.0359375 0.0515625
0 0.45625 0.7078125 0.028125 0.0390625
0 0.47421875 0.69921875 0.028125 0.03125
0 0.4375 0.76484375 0.0296875 0.05
0 0.3578125 0.80859375 0.046875 0.0546875
0 0.40703125 0.83359375 0.0234375 0.0484375
0 0.3578125 0.98203125 0.03125 0.0359375
0 0.40390625 0.93046875 0.0421875 0.075
0 0.44765625 0.91796875 0.0234375 0.046875
0 0.415625 0.97890625 0.0296875 0.0375
0 0.45703125 0.975 0.034375 0.05
0 0.4328125 0.87421875 0.0421875 0.053125
0 0.4890625 0.73359375 0.046875 0.0578125
0 0.50625 0.7890625 0.0546875 0.0546875
0 0.48203125 0.83984375 0.0265625 0.046875
0 0.515625 0.8609375 0.0359375 0.034375
0 0.48203125 0.92265625 0.025 0.0484375
0 0.52265625 0.92109375 0.0421875 0.0546875
0 0.571875 0.9015625 0.0546875 0.0578125
0 0.5234375 0.98515625 0.034375 0.0296875
0 0.6390625 0.9328125 0.0515625 0.0625
0 0.69921875 0.915625 0.0578125 0.071875
0 0.69296875 0.72578125 0.046875 0.0765625
0 0.70390625 0.803125 0.03125 0.046875
0 0.7484375 0.83125 0.0359375 0.040625
0 0.559375 0.71953125 0.0515625 0.0765625
0 0.43984375 0.4328125 0.0453125 0.0578125
0 0.46875 0.48359375 0.0453125 0.046875
0 0.471875 0.5203125 0.03125 0.05625
0 0.478125 0.57265625 0.0421875 0.0515625
0 0.5203125 0.63984375 0.03125 0.053125
0 0.54921875 0.4875 0.0484375 0.0578125
0 0.5265625 0.55859375 0.0171875 0.059375
0 0.5515625 0.6078125 0.03125 0.0390625
0 0.55625 0.65546875 0.028125 0.0359375
0 0.5984375 0.69453125 0.0390625 0.053125
0 0.49140625 0.35390625 0.0609375 0.0515625
0 0.5015625 0.41796875 0.059375 0.0453125
0 0.5015625 0.4796875 0.0421875 0.0453125
0 0.5828125 0.55703125 0.0515625 0.0546875
0 0.603125 0.49296875 0.040625 0.0390625
0 0.625 0.54609375 0.0515625 0.0640625
0 0.63203125 0.43125 0.0390625 0.059375
0 0.45625 0.253125 0.0421875 0.059375
0 0.49296875 0.23515625 0.05 0.0734375
0 0.4765625 0.0765625 0.01875 0.0359375
0 0.503125 0.11328125 0.028125 0.0484375
0 0.50859375 0.16015625 0.0375 0.046875
0 0.53203125 0.22578125 0.053125 0.0484375
0 0.54765625 0.2296875 0.05 0.0515625
0 0.6 0.23984375 0.05 0.0546875
0 0.678125 0.15703125 0.04375 0.0453125
0 0.5453125 0.08203125 0.0265625 0.034375
0 0.546875 0.1296875 0.025 0.034375
0 0.60078125 0.1625 0.04375 0.0484375
0 0.58125 0.04453125 0.0359375 0.0453125
0 0.578125 0.0890625 0.0265625 0.0296875
0 0.64921875 0.03046875 0.0578125 0.0546875
0 0.753125 0.0546875 0.0234375 0.0515625
0 0.73671875 0.203125 0.065625 0.0421875
0 0.7421875 0.25234375 0.025 0.0359375
0 0.65546875 0.38515625 0.040625 0.0703125
0 0.6875 0.39453125 0.0359375 0.059375
0 0.64765625 0.5 0.040625 0.0640625
0 0.5953125 0.625 0.0265625 0.0359375
0 0.6734375 0.5578125 0.0359375 0.0734375
0 0.67421875 0.62734375 0.0421875 0.0375
0 0.67890625 0.48203125 0.0328125 0.04375
0 0.70703125 0.53203125 0.0328125 0.0515625
0 0.71953125 0.575 0.046875 0.0640625
0 0.73359375 0.46328125 0.046875 0.0546875
0 0.76796875 0.5078125 0.0375 0.078125
0 0.83515625 0.35625 0.0609375 0.059375
0 0.771875 0.44140625 0.025 0.0375
0 0.79921875 0.5046875 0.0390625 0.0671875
0 0.78125 0.61328125 0.0375 0.065625
0 0.759375 0.6921875 0.0359375 0.04375
0 0.8609375 0.66875 0.0546875 0.0671875
0 0.91015625 0.7375 0.025 0.0640625
0 0.7875 0.88515625 0.0390625 0.0625
0 0.81796875 0.96015625 0.040625 0.078125
0 0.85859375 0.9015625 0.0390625 0.04375
0 0.8625 0.9515625 0.0453125 0.0375
0 0.90078125 0.90546875 0.021875 0.0421875
0 0.92578125 0.96171875 0.05625 0.0578125
0 0.8984375 0.8234375 0.0234375 0.0453125
0 0.94453125 0.89140625 0.0359375 0.0421875
0 0.98671875 0.9 0.0203125 0.0546875
0 0.94765625 0.76171875 0.046875 0.06875
0 0.9296875 0.60390625 0.03125 0.0875
0 0.9484375 0.671875 0.0375 0.0515625
0 0.9796875 0.72578125 0.040625 0.0578125
0 0.98984375 0.78984375 0.0203125 0.040625
0 0.96328125 0.37265625 0.046875 0.06875
0 0.87578125 0.4609375 0.034375 0.0625
0 0.88671875 0.5375 0.04375 0.053125
0 0.89375 0.58046875 0.0375 0.0359375
0 0.8796875 0.621875 0.0265625 0.0484375
0 0.90703125 0.65078125 0.034375 0.0453125
0 0.96171875 0.54921875 0.0390625 0.053125
0 0.9625 0.61171875 0.0328125 0.0828125
0 0.84375 0.18125 0.0359375 0.0578125
0 0.83046875 0.2203125 0.0234375 0.0578125
0 0.875 0.2296875 0.0265625 0.05625
0 0.90703125 0.2421875 0.025 0.04375
0 0.78671875 0.26328125 0.0390625 0.0515625
0 0.77109375 0.32421875 0.03125 0.0421875
0 0.95 0.14375 0.0328125 0.0625
0 0.990625 0.16875 0.01875 0.059375
0 0.8625 0.7828125 0.0375 0.0375