0 0.1296875 0.4640625 0.103125 0.1390625
0 0.18828125 0.10078125 0.090625 0.115625
0 0.21171875 0.01171875 0.1078125 0.0234375
0 0.4640625 0.08984375 0.071875 0.0671875
0 0.7453125 0.17421875 0.0828125 0.08125
0 0.81796875 0.025 0.0671875 0.05
0 0.79375 0.2703125 0.084375 0.0859375
0 0.7609375 0.36875 0.0734375 0.0625
0 0.62890625 0.29609375 0.0734375 0.1
0 0.60625 0.459375 0.0828125 0.0921875
0 0.7046875 0.4453125 0.0859375 0.1265625
0 0.80859375 0.440625 0.0625 0.0859375
0 0.88359375 0.5109375 0.0671875 0.1390625
0 0.96796875 0.496875 0.0640625 0.1390625
0 0.825 0.5609375 0.06875 0.1046875
0 0.66796875 0.71640625 0.115625 0.190625
0 0.46484375 0.38125 0.090625 0.1125
0 0.18828125 0.87578125 0.0859375 0.15625
0 0.10625 0.84296875 0.06875 0.10625
0 0.1078125 0.96171875 0.090625 0.0765625
0 0.19453125 0.5765625 0.0921875 0.10625
0 0.1140625 0.6984375 0.05625 0.0875
0 0.33671875 0.93203125 0.1421875 0.1359375
0 0.82890625 0.9359375 0.10625 0.121875
0 0.89609375 0.790625 0.115625 0.11875
0 0.921875 0.6375 0.0984375 0.084375