0 0.64375 0.69140625 0.078125 0.075
0 0.621875 0.63046875 0.05625 0.05625
0 0.6046875 0.57421875 0.1015625 0.08125
0 0.9125 0.67734375 0.08125 0.075
0 0.42890625 0.40703125 0.0859375 0.06875
0 0.60703125 0.23203125 0.0921875 0.065625
0 0.8453125 0.4890625 0.05625 0.0453125
0 0.784375 0.52421875 0.06875 0.053125
0 0.69453125 0.45859375 0.078125 0.059375
0 0.1140625 0.43125 0.0671875 0.05
0 0.37734375 0.75 0.071875 0.0625
0 0.240625 0.67265625 0.059375 0.0625
0 0.06953125 0.65625 0.03125 0.0234375
0 0.01953125 0.6546875 0.0390625 0.0640625
0 0.6203125 0.06796875 0.075 0.05
0 0.653125 0.0234375 0.071875 0.04375
0 0.9484375 0.32890625 0.075 0.05
0 0.89140625 0.4578125 0.071875 0.040625
0 0.346875 0.24609375 0.0671875 0.05625
0 0.52265625 0.20078125 0.0625 0.05625
0 0.39296875 0.65234375 0.075 0.046875
0 0.84296875 0.11171875 0.04375 0.0296875
0 0.73671875 0.0359375 0.0328125 0.0265625
0 0.70390625 0.03984375 0.0453125 0.0296875
0 0.68828125 0.09375 0.0296875 0.028125
0 0.66640625 0.06015625 0.0359375 0.025
0 0.70625 0.1953125 0.0421875 0.0328125
0 0.7046875 0.165625 0.0390625 0.025
0 0.67265625 0.15078125 0.03125 0.025
0 0.640625 0.12890625 0.034375 0.03125
0 0.70078125 0.140625 0.03125 0.0265625
0 0.60390625 0.1921875 0.03125 0.0296875
0 0.51328125 0.03828125 0.0203125 0.0234375
0 0.459375 0.02578125 0.040625 0.0328125
0 0.37265625 0.0375 0.0421875 0.0296875
0 0.434375 0.16328125 0.03125 0.0296875
0 0.40078125 0.171875 0.0390625 0.0265625
0 0.43515625 0.25234375 0.0359375 0.0375
0 0.48203125 0.25390625 0.040625 0.0359375
0 0.896875 0.221875 0.0328125 0.0265625
0 0.9609375 0.04296875 0.03125 0.025
0 0.8703125 0.06796875 0.0328125 0.025
0 0.86953125 0.03359375 0.0328125 0.0234375
0 0.95859375 0.1265625 0.0234375 0.0203125
0 0.4421875 0.09296875 0.021875 0.0171875
0 0.575 0.0203125 0.028125 0.01875
0 0.33203125 0.17890625 0.0203125 0.021875
0 0.33203125 0.15234375 0.0328125 0.021875
0 0.30390625 0.15078125 0.0234375 0.025
0 0.3140625 0.19765625 0.028125 0.028125
0 0.1234375 0.13984375 0.034375 0.0359375
0 0.65390625 0.36328125 0.046875 0.0375
0 0.6859375 0.3046875 0.0375 0.034375
0 0.6953125 0.4015625 0.0375 0.0375
0 0.83984375 0.2953125 0.025 0.0296875
0 0.803125 0.28671875 0.0375 0.0375
0 0.840625 0.334375 0.0265625 0.0234375
0 0.89375 0.35390625 0.046875 0.04375
0 0.93984375 0.41328125 0.0328125 0.0390625
0 0.84140625 0.39296875 0.0328125 0.0234375
0 0.97578125 0.49140625 0.0484375 0.0453125
0 0.55859375 0.41796875 0.0390625 0.0375
0 0.65 0.4078125 0.03125 0.028125
0 0.51953125 0.43203125 0.028125 0.028125
0 0.709375 0.534375 0.0453125 0.034375
0 0.765625 0.478125 0.040625 0.0328125
0 0.79140625 0.60546875 0.046875 0.0390625
0 0.89609375 0.51640625 0.0421875 0.0453125
0 0.56015625 0.66171875 0.0421875 0.0359375
0 0.56015625 0.72734375 0.0296875 0.03125
0 0.534375 0.69765625 0.03125 0.0328125
0 0.63203125 0.78046875 0.0421875 0.0359375
0 0.54375 0.54140625 0.0484375 0.028125
0 0.34453125 0.5390625 0.0625 0.0421875
0 0.36953125 0.6 0.046875 0.0484375
0 0.8015625 0.75546875 0.0671875 0.046875
0 0.7796875 0.79453125 0.05 0.046875
0 0.88125 0.925 0.0484375 0.0515625
0 0.9703125 0.896875 0.059375 0.053125
0 0.67421875 0.86796875 0.053125 0.0453125
0 0.525 0.89765625 0.0484375 0.0453125
0 0.4234375 0.9515625 0.05 0.0484375
0 0.59921875 0.91171875 0.0421875 0.0359375
0 0.759375 0.97265625 0.0546875 0.0328125
0 0.64375 0.984375 0.0609375 0.03125
0 0.23984375 0.81484375 0.046875 0.04375
0 0.34921875 0.80234375 0.0484375 0.0421875
0 0.440625 0.78515625 0.04375 0.046875
0 0.5078125 0.82890625 0.040625 0.0484375
0 0.22421875 0.91640625 0.046875 0.04375
0 0.29375 0.5765625 0.03125 0.03125
0 0.26171875 0.56015625 0.0375 0.028125
0 0.1984375 0.509375 0.034375 0.0359375
0 0.175 0.58671875 0.0328125 0.0265625
0 0.12578125 0.5546875 0.040625 0.034375
0 0.51640625 0.3078125 0.0359375 0.0265625
0 0.1734375 0.30234375 0.0375 0.0328125
0 0.1203125 0.34609375 0.0421875 0.0453125
0 0.05234375 0.34375 0.0359375 0.034375
0 0.3109375 0.35859375 0.0359375 0.028125
0 0.3453125 0.33359375 0.0359375 0.028125
0 0.01640625 0.06484375 0.0328125 0.053125
0 0.10234375 0.478125 0.0390625 0.040625
0 0.02265625 0.5078125 0.034375 0.040625
0 0.17265625 0.6359375 0.0328125 0.034375
0 0.2234375 0.74765625 0.0359375 0.0421875
0 0.11328125 0.7375 0.0265625 0.0265625
0 0.05078125 0.7203125 0.03125 0.025
0 0.0875 0.815625 0.04375 0.046875
0 0.47734375 0.428125 0.03125 0.028125
0 0.34375 0.4796875 0.021875 0.0234375
0 0.4625 0.52109375 0.028125 0.028125
0 0.5265625 0.6484375 0.0328125 0.0265625
0 0.50703125 0.68359375 0.0359375 0.0265625
0 0.13359375 0.71796875 0.0234375 0.021875
0 0.775 0.6796875 0.0265625 0.028125
0 0.70078125 0.7703125 0.028125 0.0296875