0 0.0171875 0.046875 0.034375 0.046875
0 0.0125 0.15078125 0.025 0.0625
0 0.08828125 0.228125 0.040625 0.0609375
0 0.01015625 0.3390625 0.0203125 0.0828125
0 0.0359375 0.8296875 0.03125 0.0453125
0 0.025 0.70390625 0.028125 0.0703125
0 0.02890625 0.65234375 0.034375 0.053125
0 0.06484375 0.52109375 0.034375 0.0578125
0 0.0625 0.459375 0.0328125 0.05625
0 0.15546875 0.33203125 0.0375 0.084375
0 0.1578125 0.13515625 0.034375 0.0734375
0 0.12890625 0.115625 0.01875 0.0359375
0 0.15859375 0.053125 0.028125 0.0265625
0 0.203125 0.08828125 0.040625 0.08125
0 0.26328125 0.01171875 0.0328125 0.0234375
0 0.65625 0.13359375 0.0296875 0.0703125
0 0.7 0.165625 0.0390625 0.05625
0 0.7375 0.16953125 0.0203125 0.025
0 0.73828125 0.13359375 0.01875 0.0375
0 0.7421875 0.06171875 0.028125 0.0609375
0 0.75703125 0.45390625 0.0578125 0.0453125
0 0.67890625 0.43515625 0.0390625 0.05
0 0.73984375 0.38828125 0.0515625 0.0625
0 0.76328125 0.29453125 0.0328125 0.0421875
0 0.75859375 0.23046875 0.03125 0.0390625
0 0.7828125 0.24140625 0.0234375 0.053125
0 0.77421875 0.16953125 0.034375 0.046875
0 0.77734375 0.08125 0.040625 0.0453125
0 0.79609375 0.12265625 0.028125 0.0578125
0 0.80625 0.3 0.015625 0.0375
0 0.8171875 0.23515625 0.0171875 0.0578125
0 0.759375 0.56015625 0.0359375 0.0703125
0 0.7703125 0.51953125 0.03125 0.0515625
0 0.8171875 0.46171875 0.0328125 0.0515625
0 0.81875 0.39296875 0.04375 0.04375
0 0.80078125 0.34140625 0.0359375 0.0484375
0 0.85 0.33125 0.0265625 0.0484375
0 0.840625 0.26875 0.025 0.0375
0 0.6125 0.74296875 0.0203125 0.0390625
0 0.63359375 0.7171875 0.0328125 0.0359375
0 0.68515625 0.6953125 0.034375 0.04375
0 0.759375 0.66171875 0.0328125 0.040625
0 0.80625 0.58203125 0.040625 0.05
0 0.840625 0.5328125 0.0296875 0.03125
0 0.8484375 0.490625 0.0359375 0.040625
0 0.8671875 0.4265625 0.040625 0.0484375
0 0.88359375 0.3703125 0.0390625 0.0765625
0 0.86953125 0.284375 0.028125 0.0515625
0 0.8546875 0.2234375 0.0203125 0.0375
0 0.809375 0.16484375 0.0234375 0.040625
0 0.828125 0.15 0.0234375 0.0375
0 0.853125 0.16640625 0.0234375 0.0375
0 0.8625 0.13125 0.01875 0.0328125
0 0.88046875 0.22265625 0.0359375 0.040625
0 0.89453125 0.3046875 0.025 0.0375
0 0.896875 0.253125 0.0296875 0.04375
0 0.91171875 0.22109375 0.03125 0.0390625
0 0.896875 0.18984375 0.0234375 0.040625
0 0.88828125 0.1296875 0.025 0.0671875
0 0.92734375 0.184375 0.0296875 0.0484375
0 0.921875 0.12265625 0.01875 0.0328125
0 0.671875 0.86171875 0.0546875 0.0640625
0 0.728125 0.77265625 0.05 0.0484375
0 0.78203125 0.6875 0.0234375 0.0453125
0 0.8171875 0.66875 0.025 0.0453125
0 0.8546875 0.6765625 0.03125 0.04375
0 0.9078125 0.7 0.0578125 0.0546875
0 0.92734375 0.63125 0.04375 0.0484375
0 0.92265625 0.578125 0.025 0.03125
0 0.94296875 0.52578125 0.0421875 0.0421875
0 0.92421875 0.47734375 0.0328125 0.0546875
0 0.94921875 0.4421875 0.028125 0.0578125
0 0.94921875 0.39140625 0.03125 0.046875
0 0.95234375 0.33359375 0.0234375 0.053125
0 0.928125 0.31953125 0.0171875 0.034375
0 0.9546875 0.26015625 0.028125 0.053125
0 0.9484375 0.1671875 0.0359375 0.0328125
0 0.9515625 0.12734375 0.01875 0.0296875
0 0.92265625 0.08671875 0.0171875 0.04375
0 0.878125 0.0640625 0.0203125 0.0359375
0 0.915625 0.05 0.028125 0.0296875
0 0.9375 0.0296875 0.028125 0.05
0 0.965625 0.0453125 0.03125 0.05
0 0.9859375 0.06875 0.025 0.040625
0 0.92421875 0.2828125 0.0234375 0.0453125
0 0.978125 0.34921875 0.015625 0.0359375
0 0.98046875 0.30078125 0.0203125 0.05625
0 0.98828125 0.22421875 0.0234375 0.0515625
0 0.9828125 0.18203125 0.0234375 0.0390625
0 0.96875 0.484375 0.0234375 0.0328125
0 0.896875 0.6234375 0.0578125 0.0546875
0 0.9765625 0.659375 0.03125 0.046875
0 0.25 0.1703125 0.01875 0.0484375
0 0.284375 0.1203125 0.0265625 0.065625
0 0.328125 0.059375 0.05625 0.071875
0 0.1828125 0.509375 0.0359375 0.0640625
0 0.16328125 0.44453125 0.0515625 0.075
0 0.23046875 0.42265625 0.0203125 0.0484375
0 0.259375 0.35546875 0.0296875 0.0359375
0 0.29296875 0.4734375 0.040625 0.046875
0 0.31328125 0.515625 0.046875 0.0515625
0 0.36953125 0.69375 0.0484375 0.0625
0 0.353125 0.6109375 0.025 0.0453125
0 0.38515625 0.61015625 0.053125 0.0578125
0 0.36015625 0.55390625 0.03125 0.0359375
0 0.3609375 0.50625 0.03125 0.0375
0 0.35546875 0.45703125 0.028125 0.034375
0 0.38125 0.396875 0.03125 0.0609375
0 0.38046875 0.56640625 0.0328125 0.0453125
0 0.4078125 0.5125 0.028125 0.05
0 0.4734375 0.43046875 0.040625 0.0625
0 0.41484375 0.3984375 0.03125 0.0375
0 0.44765625 0.39453125 0.0234375 0.0421875
0 0.3796875 0.34453125 0.0234375 0.059375
0 0.33125 0.3125 0.025 0.0421875
0 0.3265625 0.1671875 0.0328125 0.05625
0 0.3078125 0.146875 0.034375 0.046875
0 0.43359375 0.13671875 0.0390625 0.04375
0 0.47109375 0.2625 0.04375 0.0625
0 0.5078125 0.17421875 0.0390625 0.0484375
0 0.5234375 0.11796875 0.0296875 0.034375
0 0.41640625 0.36015625 0.0234375 0.0390625
0 0.48671875 0.29453125 0.0328125 0.059375
0 0.53984375 0.30703125 0.0359375 0.05
0 0.5359375 0.2328125 0.053125 0.0609375
0 0.575 0.23046875 0.0359375 0.05625
0 0.57734375 0.16484375 0.0375 0.05
0 0.43515625 0.5421875 0.0515625 0.059375
0 0.4578125 0.55 0.0359375 0.05
0 0.50390625 0.63046875 0.0390625 0.046875
0 0.4890625 0.58359375 0.028125 0.040625
0 0.51015625 0.5265625 0.0640625 0.04375
0 0.51796875 0.478125 0.0453125 0.04375
0 0.5109375 0.43046875 0.034375 0.046875
0 0.58515625 0.4859375 0.0359375 0.059375
0 0.58046875 0.44921875 0.0265625 0.0515625
0 0.57109375 0.396875 0.0359375 0.0390625
0 0.5859375 0.34765625 0.0421875 0.053125
0 0.6140625 0.33515625 0.0359375 0.05
0 0.615625 0.26640625 0.0390625 0.0484375
0 0.63828125 0.41328125 0.028125 0.046875
0 0.6328125 0.3515625 0.0328125 0.0578125
0 0.6765625 0.32890625 0.0515625 0.0703125
0 0.415625 0.64453125 0.04375 0.0515625
0 0.1140625 0.52734375 0.028125 0.053125
0 0.215625 0.6109375 0.0484375 0.0421875
0 0.2296875 0.56796875 0.0390625 0.0515625
0 0.1421875 0.81953125 0.053125 0.0515625
0 0.08046875 0.72265625 0.028125 0.0328125
0 0.13671875 0.73046875 0.0546875 0.0640625
0 0.10546875 0.67734375 0.0296875 0.0359375
0 0.125 0.92578125 0.053125 0.046875
0 0.44140625 0.784375 0.028125 0.0546875
0 0.3859375 0.740625 0.0234375 0.0359375
0 0.5296875 0.5984375 0.0234375 0.0296875
0 0.5625 0.60625 0.034375 0.0375
0 0.5640625 0.54609375 0.028125 0.05
0 0.4765625 0.746875 0.0421875 0.0265625
0 0.5453125 0.8421875 0.0625 0.0375
0 0.5328125 0.7859375 0.0421875 0.059375
0 0.5421875 0.703125 0.034375 0.034375
0 0.59453125 0.671875 0.03125 0.046875
0 0.5890625 0.63671875 0.0359375 0.04375
0 0.6 0.56796875 0.0390625 0.0359375
0 0.62109375 0.6015625 0.03125 0.040625
0 0.6625 0.55546875 0.0359375 0.05625
0 0.86953125 0.93203125 0.05 0.0765625
0 0.9390625 0.94921875 0.05 0.0484375
0 0.90390625 0.79609375 0.034375 0.0453125
0 0.60625 0.7640625 0.0421875 0.03125
0 0.65078125 0.76171875 0.0328125 0.0484375
0 0.67734375 0.6390625 0.03125 0.0390625
0 0.3953125 0.91484375 0.0734375 0.0625