0 0.20234375 0.5578125 0.028125 0.05
0 0.2265625 0.571875 0.028125 0.059375
0 0.25 0.6015625 0.0328125 0.0625
0 0.24453125 0.65625 0.0453125 0.06875
0 0.33828125 0.7734375 0.0328125 0.0671875
0 0.371875 0.77890625 0.0375 0.0765625
0 0.3390625 0.6609375 0.0234375 0.05625
0 0.37734375 0.66796875 0.0296875 0.0578125
0 0.40625 0.69921875 0.0390625 0.0671875
0 0.41015625 0.6890625 0.0421875 0.0703125
0 0.1546875 0.540625 0.0375 0.09375
0 0.57578125 0.74609375 0.0390625 0.0609375
0 0.5 0.68984375 0.0359375 0.0640625
0 0.48828125 0.7375 0.0328125 0.0640625
0 0.7546875 0.73515625 0.0359375 0.0734375
0 0.69453125 0.78046875 0.034375 0.075
0 0.628125 0.77109375 0.03125 0.0640625
0 0.56015625 0.65703125 0.0328125 0.065625
0 0.434375 0.7359375 0.0234375 0.046875
0 0.5015625 0.853125 0.0375 0.0734375
0 0.515625 0.79140625 0.04375 0.0703125