0 0.79765625 0.4421875 0.028125 0.05
0 0.7734375 0.428125 0.028125 0.059375
0 0.75 0.3984375 0.0328125 0.0625
0 0.75546875 0.34375 0.0453125 0.06875
0 0.66171875 0.2265625 0.0328125 0.0671875
0 0.628125 0.22109375 0.0375 0.0765625
0 0.6609375 0.3390625 0.0234375 0.05625
0 0.62265625 0.33203125 0.0296875 0.0578125
0 0.59375 0.30078125 0.0390625 0.0671875
0 0.58984375 0.3109375 0.0421875 0.0703125
0 0.8453125 0.459375 0.0375 0.09375
0 0.42421875 0.25390625 0.0390625 0.0609375
0 0.5 0.31015625 0.0359375 0.0640625
0 0.51171875 0.2625 0.0328125 0.0640625
0 0.2453125 0.26484375 0.0359375 0.0734375
0 0.30546875 0.21953125 0.034375 0.075
0 0.371875 0.22890625 0.03125 0.0640625
0 0.43984375 0.34296875 0.0328125 0.065625
0 0.565625 0.2640625 0.0234375 0.046875
0 0.4984375 0.146875 0.0375 0.0734375
0 0.484375 0.20859375 0.04375 0.0703125