0 0.5185546875 0.470703125 0.513671875 0.4833984375 0.47265625 0.5400390625 0.44921875 0.5849609375 0.4375 0.6181640625 0.439453125 0.6591796875 0.4453125 0.6826171875 0.45703125 0.7001953125 0.4697265625 0.7109375 0.5029296875 0.7265625 0.537109375 0.7294921875 0.5615234375 0.72265625 0.595703125 0.6904296875 0.6015625 0.6669921875 0.603515625 0.6162109375 0.59765625 0.5927734375 0.580078125 0.5576171875 0.529296875 0.4775390625 0.5185546875 0.470703125
0 0.390625 0.0576171875 0.400390625 0.0439453125 0.3984375 0.0283203125 0.3935546875 0.021484375 0.3779296875 0.025390625 0.3671875 0.0380859375 0.369140625 0.0478515625 0.3779296875 0.056640625 0.390625 0.0576171875
0 0.466796875 0.0771484375 0.474609375 0.0576171875 0.4462890625 0.05078125 0.443359375 0.0556640625 0.4453125 0.0712890625 0.4541015625 0.08203125 0.4609375 0.0810546875 0.466796875 0.0771484375
0 0.51328125 0.134375 0.0421875 0.040625
0 0.513671875 0.0810546875 0.51953125 0.0751953125 0.521484375 0.0537109375 0.5166015625 0.046875 0.5029296875 0.044921875 0.4921875 0.0556640625 0.4921875 0.0693359375 0.5009765625 0.080078125 0.513671875 0.0810546875
0 0.68125 0.3640625 0.0375 0.0328125
0 0.6845703125 0.33203125 0.69921875 0.3310546875 0.70703125 0.3251953125 0.70703125 0.3193359375 0.703125 0.3154296875 0.701171875 0.3017578125 0.6904296875 0.30078125 0.685546875 0.3076171875 0.681640625 0.3291015625 0.6845703125 0.33203125
0 0.6904296875 0.275390625 0.703125 0.2744140625 0.708984375 0.2666015625 0.705078125 0.2587890625 0.70703125 0.2509765625 0.701171875 0.2353515625 0.6943359375 0.232421875 0.685546875 0.2431640625 0.68359375 0.2666015625 0.6904296875 0.275390625
0 0.796875 0.2587890625 0.802734375 0.2490234375 0.802734375 0.2353515625 0.7978515625 0.22265625 0.7734375 0.2373046875 0.7734375 0.2470703125 0.7783203125 0.251953125 0.7880859375 0.259765625 0.796875 0.2587890625
0 0.76953125 0.3330078125 0.7783203125 0.345703125 0.7861328125 0.349609375 0.794921875 0.3486328125 0.806640625 0.3408203125 0.8076171875 0.326171875 0.8232421875 0.326171875 0.828125 0.3173828125 0.7998046875 0.310546875 0.7939453125 0.3125 0.7861328125 0.32421875 0.76953125 0.3330078125
0 0.873046875 0.4287109375 0.8798828125 0.427734375 0.884765625 0.4169921875 0.8779296875 0.404296875 0.8623046875 0.396484375 0.861328125 0.4091796875 0.853515625 0.4208984375 0.8642578125 0.4296875 0.873046875 0.4287109375
0 0.69921875 0.5576171875 0.703125 0.5517578125 0.703125 0.5400390625 0.6953125 0.5244140625 0.6904296875 0.5234375 0.677734375 0.5458984375 0.677734375 0.5537109375 0.6826171875 0.55859375 0.69921875 0.5576171875
0 0.755859375 0.5576171875 0.7607421875 0.564453125 0.7724609375 0.5703125 0.787109375 0.5693359375 0.796875 0.5576171875 0.79296875 0.5380859375 0.794921875 0.5283203125 0.7880859375 0.521484375 0.779296875 0.5263671875 0.767578125 0.5439453125 0.765625 0.5537109375 0.755859375 0.5576171875
0 0.7734375 0.3974609375 0.7666015625 0.390625 0.7548828125 0.390625 0.75 0.4072265625 0.751953125 0.4169921875 0.7646484375 0.421875 0.7734375 0.4208984375 0.7734375 0.3974609375
0 0.521484375 0.4423828125 0.537109375 0.4228515625 0.5322265625 0.388671875 0.5263671875 0.388671875 0.5126953125 0.3984375 0.494140625 0.4267578125 0.5009765625 0.439453125 0.5087890625 0.443359375 0.521484375 0.4423828125
0 0.677734375 0.4482421875 0.6669921875 0.435546875 0.646484375 0.4501953125 0.6494140625 0.462890625 0.666015625 0.4619140625 0.677734375 0.4560546875 0.677734375 0.4482421875
0 0.6845703125 0.728515625 0.689453125 0.7197265625 0.68359375 0.7001953125 0.6669921875 0.689453125 0.6484375 0.7177734375 0.6669921875 0.736328125 0.671875 0.7353515625 0.6845703125 0.728515625
0 0.7109375 0.8310546875 0.7109375 0.8212890625 0.697265625 0.7978515625 0.6904296875 0.794921875 0.68359375 0.8310546875 0.6904296875 0.841796875 0.697265625 0.8427734375 0.7109375 0.8310546875
0 0.6005859375 0.966796875 0.609375 0.9658203125 0.6240234375 0.96484375 0.6328125 0.9560546875 0.634765625 0.9267578125 0.6298828125 0.91796875 0.625 0.9189453125 0.595703125 0.9541015625 0.595703125 0.9619140625 0.6005859375 0.966796875
0 0.71484375 0.8896484375 0.7001953125 0.87109375 0.6796875 0.9052734375 0.6962890625 0.91796875 0.703125 0.9189453125 0.712890625 0.9111328125 0.71484375 0.8896484375
0 0.4453125 0.9091796875 0.453125 0.9052734375 0.44921875 0.8994140625 0.451171875 0.8759765625 0.4345703125 0.861328125 0.421875 0.8935546875 0.4267578125 0.90234375 0.4384765625 0.91015625 0.4453125 0.9091796875
0 0.44140625 0.9853515625 0.4453125 0.9833984375 0.44921875 0.9697265625 0.447265625 0.9619140625 0.4326171875 0.947265625 0.419921875 0.9638671875 0.41796875 0.9775390625 0.4306640625 0.984375 0.44140625 0.9853515625
0 0.3623046875 0.7421875 0.33984375 0.7685546875 0.34375 0.7880859375 0.3486328125 0.79296875 0.357421875 0.7919921875 0.37109375 0.7744140625 0.3623046875 0.7421875
0 0.390625 0.3349609375 0.3740234375 0.31640625 0.35546875 0.3408203125 0.3720703125 0.359375 0.380859375 0.3583984375 0.38671875 0.3544921875 0.390625 0.3349609375
0 0.369140625 0.5908203125 0.3671875 0.6005859375 0.3720703125 0.60546875 0.390625 0.6064453125 0.390625 0.5966796875 0.400390625 0.5888671875 0.404296875 0.5771484375 0.400390625 0.5673828125 0.3876953125 0.55859375 0.376953125 0.5673828125 0.375 0.5849609375 0.369140625 0.5908203125
0 0.08359375 0.328125 0.046875 0.046875
0 0.1259765625 0.2734375 0.1142578125 0.2734375 0.10546875 0.2802734375 0.103515625 0.3017578125 0.09765625 0.3134765625 0.1005859375 0.318359375 0.10546875 0.3173828125 0.1201171875 0.3125 0.1279296875 0.3046875 0.13671875 0.3037109375 0.13671875 0.2822265625 0.140625 0.2783203125 0.140625 0.2705078125 0.1357421875 0.265625 0.1259765625 0.2734375
0 0.087890625 0.3701171875 0.087890625 0.3623046875 0.0791015625 0.353515625 0.0712890625 0.3515625 0.068359375 0.3564453125 0.0703125 0.3759765625 0.08203125 0.3759765625 0.087890625 0.3701171875
0 0.51640625 0.2296875 0.1 0.146875
0 0.11796875 0.49375 0.0640625 0.0609375
0 0.240625 0.36640625 0.034375 0.0453125
0 0.07890625 0.07734375 0.05 0.0375
0 0.13515625 0.140625 0.0359375 0.04375
0 0.21953125 0.10078125 0.0375 0.0453125
0 0.31953125 0.23515625 0.0390625 0.0484375
0 0.115625 0.38515625 0.0359375 0.059375
0 0.64765625 0.1421875 0.0359375 0.0421875