0 0.3984375 0.6669921875 0.404296875 0.6904296875 0.4384765625 0.72265625 0.462890625 0.7294921875 0.4970703125 0.7265625 0.5302734375 0.7109375 0.54296875 0.7001953125 0.5546875 0.6826171875 0.560546875 0.6591796875 0.5625 0.6181640625 0.55078125 0.5849609375 0.52734375 0.5400390625 0.486328125 0.4833984375 0.4814453125 0.470703125 0.470703125 0.4775390625 0.419921875 0.5576171875 0.40234375 0.5927734375 0.396484375 0.6162109375 0.3984375 0.6669921875
0 0.6064453125 0.021484375 0.6015625 0.0283203125 0.599609375 0.0439453125 0.609375 0.0576171875 0.6220703125 0.056640625 0.630859375 0.0478515625 0.6328125 0.0380859375 0.6220703125 0.025390625 0.6064453125 0.021484375
0 0.5537109375 0.05078125 0.525390625 0.0576171875 0.533203125 0.0771484375 0.5390625 0.0810546875 0.5458984375 0.08203125 0.5546875 0.0712890625 0.556640625 0.0556640625 0.5537109375 0.05078125
0 0.48671875 0.134375 0.0421875 0.040625
0 0.4833984375 0.046875 0.478515625 0.0537109375 0.48046875 0.0751953125 0.486328125 0.0810546875 0.4990234375 0.080078125 0.5078125 0.0693359375 0.5078125 0.0556640625 0.4970703125 0.044921875 0.4833984375 0.046875
0 0.31875 0.3640625 0.0375 0.0328125
0 0.296875 0.3154296875 0.29296875 0.3193359375 0.29296875 0.3251953125 0.30078125 0.3310546875 0.3154296875 0.33203125 0.318359375 0.3291015625 0.314453125 0.3076171875 0.3095703125 0.30078125 0.298828125 0.3017578125 0.296875 0.3154296875
0 0.29296875 0.2509765625 0.294921875 0.2587890625 0.291015625 0.2666015625 0.296875 0.2744140625 0.3095703125 0.275390625 0.31640625 0.2666015625 0.314453125 0.2431640625 0.3056640625 0.232421875 0.298828125 0.2353515625 0.29296875 0.2509765625
0 0.2021484375 0.22265625 0.197265625 0.2353515625 0.197265625 0.2490234375 0.203125 0.2587890625 0.2119140625 0.259765625 0.2216796875 0.251953125 0.2265625 0.2470703125 0.2265625 0.2373046875 0.2021484375 0.22265625
0 0.1767578125 0.326171875 0.1923828125 0.326171875 0.193359375 0.3408203125 0.205078125 0.3486328125 0.2138671875 0.349609375 0.2216796875 0.345703125 0.23046875 0.3330078125 0.2138671875 0.32421875 0.2060546875 0.3125 0.2001953125 0.310546875 0.171875 0.3173828125 0.1767578125 0.326171875
0 0.1220703125 0.404296875 0.115234375 0.4169921875 0.1201171875 0.427734375 0.126953125 0.4287109375 0.1357421875 0.4296875 0.146484375 0.4208984375 0.138671875 0.4091796875 0.1376953125 0.396484375 0.1220703125 0.404296875
0 0.3046875 0.5244140625 0.296875 0.5400390625 0.296875 0.5517578125 0.30078125 0.5576171875 0.3173828125 0.55859375 0.322265625 0.5537109375 0.322265625 0.5458984375 0.3095703125 0.5234375 0.3046875 0.5244140625
0 0.205078125 0.5283203125 0.20703125 0.5380859375 0.203125 0.5576171875 0.212890625 0.5693359375 0.2275390625 0.5703125 0.2392578125 0.564453125 0.244140625 0.5576171875 0.234375 0.5537109375 0.232421875 0.5439453125 0.220703125 0.5263671875 0.2119140625 0.521484375 0.205078125 0.5283203125
0 0.2451171875 0.390625 0.2333984375 0.390625 0.2265625 0.3974609375 0.2265625 0.4208984375 0.2353515625 0.421875 0.248046875 0.4169921875 0.25 0.4072265625 0.2451171875 0.390625
0 0.4736328125 0.388671875 0.4677734375 0.388671875 0.462890625 0.4228515625 0.478515625 0.4423828125 0.4912109375 0.443359375 0.4990234375 0.439453125 0.505859375 0.4267578125 0.4873046875 0.3984375 0.4736328125 0.388671875
0 0.3330078125 0.435546875 0.322265625 0.4482421875 0.322265625 0.4560546875 0.333984375 0.4619140625 0.3505859375 0.462890625 0.353515625 0.4501953125 0.3330078125 0.435546875
0 0.31640625 0.7001953125 0.310546875 0.7197265625 0.3154296875 0.728515625 0.328125 0.7353515625 0.3330078125 0.736328125 0.3515625 0.7177734375 0.3330078125 0.689453125 0.31640625 0.7001953125
0 0.302734375 0.7978515625 0.2890625 0.8212890625 0.2890625 0.8310546875 0.302734375 0.8427734375 0.3095703125 0.841796875 0.31640625 0.8310546875 0.3095703125 0.794921875 0.302734375 0.7978515625
0 0.365234375 0.9267578125 0.3671875 0.9560546875 0.3759765625 0.96484375 0.390625 0.9658203125 0.3994140625 0.966796875 0.404296875 0.9619140625 0.404296875 0.9541015625 0.375 0.9189453125 0.3701171875 0.91796875 0.365234375 0.9267578125
0 0.2998046875 0.87109375 0.28515625 0.8896484375 0.287109375 0.9111328125 0.296875 0.9189453125 0.3037109375 0.91796875 0.3203125 0.9052734375 0.2998046875 0.87109375
0 0.548828125 0.8759765625 0.55078125 0.8994140625 0.546875 0.9052734375 0.5546875 0.9091796875 0.5615234375 0.91015625 0.5732421875 0.90234375 0.578125 0.8935546875 0.5654296875 0.861328125 0.548828125 0.8759765625
0 0.552734375 0.9619140625 0.55078125 0.9697265625 0.5546875 0.9833984375 0.55859375 0.9853515625 0.5693359375 0.984375 0.58203125 0.9775390625 0.580078125 0.9638671875 0.5673828125 0.947265625 0.552734375 0.9619140625
0 0.66015625 0.7685546875 0.6376953125 0.7421875 0.62890625 0.7744140625 0.642578125 0.7919921875 0.6513671875 0.79296875 0.65625 0.7880859375 0.66015625 0.7685546875
0 0.6259765625 0.31640625 0.609375 0.3349609375 0.61328125 0.3544921875 0.619140625 0.3583984375 0.6279296875 0.359375 0.64453125 0.3408203125 0.6259765625 0.31640625
0 0.595703125 0.5771484375 0.599609375 0.5888671875 0.609375 0.5966796875 0.609375 0.6064453125 0.6279296875 0.60546875 0.6328125 0.6005859375 0.630859375 0.5908203125 0.625 0.5849609375 0.623046875 0.5673828125 0.6123046875 0.55859375 0.599609375 0.5673828125 0.595703125 0.5771484375
0 0.91640625 0.328125 0.046875 0.046875
0 0.86328125 0.3037109375 0.8720703125 0.3046875 0.8798828125 0.3125 0.89453125 0.3173828125 0.8994140625 0.318359375 0.90234375 0.3134765625 0.896484375 0.3017578125 0.89453125 0.2802734375 0.8857421875 0.2734375 0.8740234375 0.2734375 0.8642578125 0.265625 0.859375 0.2705078125 0.859375 0.2783203125 0.86328125 0.2822265625 0.86328125 0.3037109375
0 0.9208984375 0.353515625 0.912109375 0.3623046875 0.912109375 0.3701171875 0.91796875 0.3759765625 0.9296875 0.3759765625 0.931640625 0.3564453125 0.9287109375 0.3515625 0.9208984375 0.353515625
0 0.48359375 0.2296875 0.1 0.146875
0 0.88203125 0.49375 0.0640625 0.0609375
0 0.759375 0.36640625 0.034375 0.0453125
0 0.92109375 0.07734375 0.05 0.0375
0 0.86484375 0.140625 0.0359375 0.04375
0 0.78046875 0.10078125 0.0375 0.0453125
0 0.68046875 0.23515625 0.0390625 0.0484375
0 0.884375 0.38515625 0.0359375 0.059375
0 0.35234375 0.1421875 0.0359375 0.0421875