0 0.1046875 0.553125 0.053125 0.09375
0 0.16953125 0.634375 0.0375 0.05625
0 0.1640625 0.9625 0.040625 0.075
0 0.45 0.57890625 0.0421875 0.0859375
0 0.4984375 0.65078125 0.0296875 0.078125
0 0.45 0.46484375 0.0328125 0.059375
0 0.446875 0.3921875 0.0265625 0.0453125
0 0.45078125 0.3359375 0.034375 0.06875
0 0.475 0.23359375 0.0265625 0.0546875
0 0.49453125 0.33828125 0.0359375 0.065625
0 0.67265625 0.2765625 0.05 0.078125
0 0.06015625 0.37421875 0.0375 0.0625
0 0.128125 0.37421875 0.03125 0.078125
0 0.13359375 0.278125 0.040625 0.0796875
0 0.2234375 0.33125 0.0265625 0.0578125
0 0.2515625 0.88671875 0.0296875 0.065625
0 0.20546875 0.1859375 0.034375 0.075
0 0.25234375 0.12734375 0.0359375 0.0484375
0 0.26328125 0.24765625 0.0296875 0.05625
0 0.67734375 0.175 0.0421875 0.0859375
0 0.5546875 0.2453125 0.0390625 0.0703125
0 0.55078125 0.19296875 0.0328125 0.0453125
0 0.6234375 0.534375 0.0328125 0.0859375
0 0.63828125 0.75625 0.0328125 0.090625
0 0.53984375 0.91953125 0.03125 0.065625
0 0.53515625 0.83125 0.0375 0.0703125
0 0.60078125 0.71328125 0.025 0.0484375
0 0.66015625 0.93203125 0.0359375 0.0640625
0 0.678125 0.5875 0.040625 0.065625
0 0.6578125 0.45 0.0359375 0.0765625
0 0.8390625 0.59296875 0.0390625 0.0890625
0 0.8234375 0.78125 0.0296875 0.0640625
0 0.7609375 0.72265625 0.028125 0.0734375
0 0.83203125 0.7109375 0.04375 0.0671875
0 0.8875 0.65703125 0.0328125 0.0703125
0 0.89296875 0.38671875 0.0421875 0.0671875
0 0.82109375 0.31953125 0.03125 0.0625
0 0.8796875 0.2734375 0.03125 0.0796875
0 0.746875 0.27109375 0.0375 0.06875