0 0.8953125 0.446875 0.053125 0.09375
0 0.83046875 0.365625 0.0375 0.05625
0 0.8359375 0.0375 0.040625 0.075
0 0.55 0.42109375 0.0421875 0.0859375
0 0.5015625 0.34921875 0.0296875 0.078125
0 0.55 0.53515625 0.0328125 0.059375
0 0.553125 0.6078125 0.0265625 0.0453125
0 0.54921875 0.6640625 0.034375 0.06875
0 0.525 0.76640625 0.0265625 0.0546875
0 0.50546875 0.66171875 0.0359375 0.065625
0 0.32734375 0.7234375 0.05 0.078125
0 0.93984375 0.62578125 0.0375 0.0625
0 0.871875 0.62578125 0.03125 0.078125
0 0.86640625 0.721875 0.040625 0.0796875
0 0.7765625 0.66875 0.0265625 0.0578125
0 0.7484375 0.11328125 0.0296875 0.065625
0 0.79453125 0.8140625 0.034375 0.075
0 0.74765625 0.87265625 0.0359375 0.0484375
0 0.73671875 0.75234375 0.0296875 0.05625
0 0.32265625 0.825 0.0421875 0.0859375
0 0.4453125 0.7546875 0.0390625 0.0703125
0 0.44921875 0.80703125 0.0328125 0.0453125
0 0.3765625 0.465625 0.0328125 0.0859375
0 0.36171875 0.24375 0.0328125 0.090625
0 0.46015625 0.08046875 0.03125 0.065625
0 0.46484375 0.16875 0.0375 0.0703125
0 0.39921875 0.28671875 0.025 0.0484375
0 0.33984375 0.06796875 0.0359375 0.0640625
0 0.321875 0.4125 0.040625 0.065625
0 0.3421875 0.55 0.0359375 0.0765625
0 0.1609375 0.40703125 0.0390625 0.0890625
0 0.1765625 0.21875 0.0296875 0.0640625
0 0.2390625 0.27734375 0.028125 0.0734375
0 0.16796875 0.2890625 0.04375 0.0671875
0 0.1125 0.34296875 0.0328125 0.0703125
0 0.10703125 0.61328125 0.0421875 0.0671875
0 0.17890625 0.68046875 0.03125 0.0625
0 0.1203125 0.7265625 0.03125 0.0796875
0 0.253125 0.72890625 0.0375 0.06875