0 0.26953125 0.125 0.05 0.0390625
0 0.259375 0.2921875 0.0421875 0.0453125
0 0.26796875 0.22421875 0.05 0.0375
0 0.3671875 0.17734375 0.0421875 0.040625
0 0.36796875 0.12578125 0.0390625 0.0390625
0 0.4109375 0.09453125 0.046875 0.0390625
0 0.11015625 0.16015625 0.0359375 0.034375
0 0.11875 0.10703125 0.0375 0.040625
0 0.1953125 0.05625 0.046875 0.03125
0 0.06171875 0.0296875 0.0359375 0.0328125
0 0.26015625 0.02578125 0.0359375 0.0296875
0 0.3515625 0.0265625 0.040625 0.0296875
0 0.4765625 0.1265625 0.0375 0.0328125
0 0.56171875 0.0984375 0.05 0.0359375
0 0.7328125 0.06875 0.0515625 0.0375
0 0.68359375 0.2796875 0.040625 0.04375
0 0.29140625 0.36484375 0.0328125 0.0390625
0 0.45078125 0.30703125 0.0375 0.025
0 0.4625 0.2515625 0.0375 0.0328125
0 0.59921875 0.26640625 0.0359375 0.034375
0 0.25 0.43125 0.046875 0.0328125
0 0.78671875 0.38984375 0.0421875 0.0375
0 0.61484375 0.60703125 0.0640625 0.0515625
0 0.65 0.546875 0.0359375 0.0328125
0 0.7078125 0.490625 0.0375 0.0328125
0 0.421875 0.58828125 0.0359375 0.0359375
0 0.44296875 0.55859375 0.0484375 0.040625
0 0.41953125 0.77734375 0.046875 0.0546875
0 0.45703125 0.80625 0.0375 0.0390625
0 0.52265625 0.76328125 0.053125 0.0453125
0 0.68515625 0.7625 0.04375 0.0421875
0 0.74375 0.81015625 0.0484375 0.0453125
0 0.84765625 0.8421875 0.0515625 0.0515625
0 0.6328125 0.66953125 0.0453125 0.0359375
0 0.76171875 0.6421875 0.0390625 0.040625
0 0.078125 0.4765625 0.034375 0.040625
0 0.06640625 0.4359375 0.0453125 0.0296875
0 0.1 0.4 0.0421875 0.0359375
0 0.75234375 0.91328125 0.05625 0.046875