0 0.73046875 0.875 0.05 0.0390625
0 0.740625 0.7078125 0.0421875 0.0453125
0 0.73203125 0.77578125 0.05 0.0375
0 0.6328125 0.82265625 0.0421875 0.040625
0 0.63203125 0.87421875 0.0390625 0.0390625
0 0.5890625 0.90546875 0.046875 0.0390625
0 0.88984375 0.83984375 0.0359375 0.034375
0 0.88125 0.89296875 0.0375 0.040625
0 0.8046875 0.94375 0.046875 0.03125
0 0.93828125 0.9703125 0.0359375 0.0328125
0 0.73984375 0.97421875 0.0359375 0.0296875
0 0.6484375 0.9734375 0.040625 0.0296875
0 0.5234375 0.8734375 0.0375 0.0328125
0 0.43828125 0.9015625 0.05 0.0359375
0 0.2671875 0.93125 0.0515625 0.0375
0 0.31640625 0.7203125 0.040625 0.04375
0 0.70859375 0.63515625 0.0328125 0.0390625
0 0.54921875 0.69296875 0.0375 0.025
0 0.5375 0.7484375 0.0375 0.0328125
0 0.40078125 0.73359375 0.0359375 0.034375
0 0.75 0.56875 0.046875 0.0328125
0 0.21328125 0.61015625 0.0421875 0.0375
0 0.38515625 0.39296875 0.0640625 0.0515625
0 0.35 0.453125 0.0359375 0.0328125
0 0.2921875 0.509375 0.0375 0.0328125
0 0.578125 0.41171875 0.0359375 0.0359375
0 0.55703125 0.44140625 0.0484375 0.040625
0 0.58046875 0.22265625 0.046875 0.0546875
0 0.54296875 0.19375 0.0375 0.0390625
0 0.47734375 0.23671875 0.053125 0.0453125
0 0.31484375 0.2375 0.04375 0.0421875
0 0.25625 0.18984375 0.0484375 0.0453125
0 0.15234375 0.1578125 0.0515625 0.0515625
0 0.3671875 0.33046875 0.0453125 0.0359375
0 0.23828125 0.3578125 0.0390625 0.040625
0 0.921875 0.5234375 0.034375 0.040625
0 0.93359375 0.5640625 0.0453125 0.0296875
0 0.9 0.6 0.0421875 0.0359375
0 0.24765625 0.08671875 0.05625 0.046875