0 0.14609375 0.9625 0.0671875 0.075
0 0.08203125 0.6671875 0.046875 0.078125
0 0.12578125 0.68125 0.053125 0.0765625
0 0.653125 0.3140625 0.0546875 0.109375
0 0.66328125 0.14921875 0.0546875 0.1234375
0 0.7234375 0.190625 0.0671875 0.125
0 0.76875 0.1015625 0.046875 0.078125
0 0.93359375 0.45390625 0.05 0.0984375
0 0.6296875 0.90234375 0.0375 0.0765625
0 0.4859375 0.61328125 0.0421875 0.065625
0 0.471875 0.6984375 0.053125 0.078125
0 0.41328125 0.8265625 0.046875 0.071875
0 0.2375 0.56640625 0.0546875 0.0734375
0 0.303125 0.66875 0.0453125 0.08125
0 0.05 0.3125 0.0421875 0.0765625
0 0.0578125 0.38359375 0.04375 0.0890625
0 0.11953125 0.26015625 0.034375 0.0859375
0 0.12734375 0.1125 0.0390625 0.08125
0 0.190625 0.0484375 0.040625 0.0671875
0 0.41015625 0.15625 0.0390625 0.08125
0 0.41640625 0.2109375 0.046875 0.084375
0 0.3734375 0.278125 0.0546875 0.1171875
0 0.3359375 0.3515625 0.05 0.078125
0 0.5078125 0.4578125 0.0484375 0.084375
0 0.54140625 0.64453125 0.0390625 0.059375
0 0.54140625 0.76328125 0.0484375 0.0546875
0 0.79296875 0.653125 0.0453125 0.1