0 0.42265625 0.63125 0.059375 0.0515625
0 0.41015625 0.54609375 0.06875 0.075
0 0.48125 0.59375 0.053125 0.065625
0 0.575 0.61875 0.0703125 0.0703125
0 0.0515625 0.5953125 0.0625 0.0703125
0 0.078125 0.51875 0.053125 0.0703125
0 0.14140625 0.41953125 0.05625 0.0625
0 0.31015625 0.9703125 0.075 0.053125
0 0.31015625 0.921875 0.06875 0.0671875
0 0.4375 0.3515625 0.053125 0.0578125
0 0.41875 0.24765625 0.0421875 0.05625
0 0.30859375 0.0609375 0.05 0.0578125
0 0.6546875 0.4046875 0.0546875 0.0578125
0 0.71875 0.3296875 0.0546875 0.046875
0 0.7484375 0.23046875 0.0609375 0.059375
0 0.50703125 0.3671875 0.0546875 0.05625
0 0.22734375 0.3328125 0.0546875 0.059375
0 0.53515625 0.478125 0.0484375 0.053125
0 0.84140625 0.659375 0.053125 0.0546875
0 0.86640625 0.62109375 0.053125 0.046875
0 0.92109375 0.66640625 0.053125 0.0578125
0 0.64921875 0.76484375 0.0640625 0.075
0 0.365625 0.74453125 0.0671875 0.0625
0 0.78203125 0.96015625 0.065625 0.075