0 0.4859375 0.5609375 0.0671875 0.1203125
0 0.25 0.73203125 0.0640625 0.1078125
0 0.26015625 0.49609375 0.065625 0.103125
0 0.2234375 0.31171875 0.046875 0.103125
0 0.30234375 0.44765625 0.05 0.0875
0 0.3484375 0.2359375 0.0609375 0.0859375
0 0.3265625 0.3375 0.05 0.08125
0 0.34375 0.0390625 0.0625 0.078125
0 0.45703125 0.16484375 0.0625 0.103125
0 0.4171875 0.22734375 0.053125 0.0890625
0 0.60078125 0.18515625 0.0546875 0.0921875
0 0.87109375 0.3734375 0.0703125 0.10625
0 0.88671875 0.4640625 0.059375 0.1078125
0 0.5078125 0.8859375 0.0703125 0.1015625
0 0.77890625 0.7546875 0.0578125 0.1078125
0 0.0671875 0.05 0.0546875 0.1
0 0.20078125 0.04453125 0.0609375 0.0890625
0 0.9546875 0.16875 0.0578125 0.1390625