0 0.29921875 0.459375 0.0203125 0.0125
0 0.32077180625 0.4541015625 0.3249924875 0.45703125 0.3320269578125 0.4560546875 0.3376545328125 0.4501953125 0.3348407453125 0.4443359375 0.3249924875 0.443359375 0.32077180625 0.4462890625 0.32077180625 0.4541015625
0 0.48046875 0.45390625 0.021875 0.0234375
0 0.48671875 0.43515625 0.0203125 0.0234375
0 0.51773695 0.4091796875 0.52195763125 0.412109375 0.5289921015625 0.4111328125 0.5374334640625 0.4052734375 0.5332127828125001 0.3984375 0.5247714203125 0.3984375 0.51773695 0.4033203125 0.51773695 0.4091796875
0 0.32578125 0.3875 0.034375 0.021875
0 0.38689581875 0.3515625 0.38267513750000004 0.3544921875 0.38267513750000004 0.3623046875 0.39393028750000003 0.3623046875 0.3967440765625 0.3525390625 0.38689581875 0.3515625
0 0.294040821875 0.4296875 0.289820140625 0.4365234375 0.294040821875 0.439453125 0.3010752921875 0.4384765625 0.3010752921875 0.4306640625 0.294040821875 0.4296875
0 0.28984375 0.4125 0.025 0.0203125
0 0.3123304421875 0.4248046875 0.32077180625 0.4169921875 0.31655112343749997 0.412109375 0.31092355 0.412109375 0.3010752921875 0.4208984375 0.3052959734375 0.42578125 0.3123304421875 0.4248046875
0 0.5824540687499999 0.5927734375 0.5923023265625 0.599609375 0.5993367953125001 0.5986328125 0.604964371875 0.5947265625 0.604964371875 0.5869140625 0.5979299015625 0.58203125 0.5894885390625 0.58203125 0.5824540687499999 0.5927734375
0 0.638729825 0.6064453125 0.6429505062499999 0.611328125 0.6556125515625 0.6123046875 0.661240128125 0.6083984375 0.661240128125 0.6005859375 0.6570194453125 0.59765625 0.64576429375 0.59765625 0.638729825 0.6064453125
0 0.540625 0.69453125 0.046875 0.0265625
0 0.5261783140625 0.6689453125 0.5332127828125001 0.673828125 0.5374334640625 0.6728515625 0.5430610406249999 0.6708984375 0.545874828125 0.6650390625 0.536026571875 0.658203125 0.5261783140625 0.6630859375 0.5261783140625 0.6689453125
0 0.5754196 0.8671875 0.57401270625 0.8759765625 0.5824540687499999 0.8857421875 0.5894885390625 0.890625 0.6021505828125 0.8896484375 0.604964371875 0.8857421875 0.6021505828125 0.8779296875 0.58667475 0.8671875 0.5754196 0.8671875
0 0.11817908749999999 0.4072265625 0.1294342375 0.4013671875 0.1294342375 0.3974609375 0.12239976875 0.39453125 0.10973772343749999 0.3994140625 0.10973772343749999 0.4072265625 0.11817908749999999 0.4072265625
0 0.1730479484375 0.369140625 0.160385903125 0.3740234375 0.160385903125 0.3798828125 0.1660134796875 0.3798828125 0.17445484218750001 0.3740234375 0.1730479484375 0.369140625
0 0.23635817343749999 0.3837890625 0.2447995359375 0.3779296875 0.2377650671875 0.37109375 0.229323703125 0.373046875 0.225103021875 0.3779296875 0.229323703125 0.384765625 0.23635817343749999 0.3837890625
0 0.104110146875 0.3154296875 0.1125515109375 0.3095703125 0.1083308296875 0.302734375 0.10270325312499999 0.302734375 0.09566878437500001 0.3095703125 0.09566878437500001 0.3134765625 0.104110146875 0.3154296875
0 0.160385903125 0.3447265625 0.163199690625 0.3388671875 0.153351434375 0.3359375 0.1491307515625 0.3447265625 0.160385903125 0.3447265625
0 0.4023716515625 0.4990234375 0.407999228125 0.4931640625 0.40659233281249996 0.486328125 0.3981509703125 0.486328125 0.39393028750000003 0.4912109375 0.39393028750000003 0.4970703125 0.4023716515625 0.4990234375
0 0.417847484375 0.490234375 0.413626803125 0.4970703125 0.417847484375 0.5 0.424881953125 0.4990234375 0.4276957421875 0.4931640625 0.417847484375 0.490234375
0 0.4741232390625 0.505859375 0.4699025578125 0.5126953125 0.4741232390625 0.517578125 0.481157709375 0.5166015625 0.483971496875 0.5087890625 0.4741232390625 0.505859375
0 0.8359375 0.4328125 0.03125 0.0296875
0 0.98046875 0.56328125 0.0390625 0.040625
0 0.60390625 0.5265625 0.0390625 0.028125
0 0.51796875 0.5015625 0.0203125 0.0203125
0 0.4953125 0.484375 0.0203125 0.0140625
0 0.521875 0.4796875 0.025 0.021875
0 0.3578125 0.44140625 0.0171875 0.021875
0 0.33828125 0.42265625 0.025 0.0265625
0 0.3765625 0.41953125 0.0203125 0.0125
0 0.25703125 0.29609375 0.028125 0.0203125
0 0.159375 0.25546875 0.028125 0.0171875
0 0.71171875 0.29296875 0.028125 0.0171875
0 0.70859375 0.27421875 0.04375 0.01875
0 0.95234375 0.2875 0.0453125 0.0234375
0 0.88125 0.2453125 0.025 0.028125
0 0.89609375 0.16640625 0.025 0.0171875
0 0.60546875 0.26171875 0.04375 0.0171875
0 0.515625 0.31015625 0.0234375 0.0203125
0 0.590625 0.30703125 0.03125 0.0234375
0 0.47109375 0.35859375 0.03125 0.0140625
0 0.5984375 0.3609375 0.028125 0.03125
0 0.2421875 0.55390625 0.0375 0.0265625
0 0.26015625 0.534375 0.0421875 0.0265625
0 0.04453125 0.51015625 0.0234375 0.0265625
0 0.10078125 0.48359375 0.0375 0.0265625
0 0.1296875 0.5078125 0.028125 0.021875
0 0.13125 0.4875 0.040625 0.021875
0 0.12890625 0.56953125 0.03125 0.015625
0 0.12890625 0.55234375 0.0390625 0.0265625
0 0.05546875 0.5515625 0.0390625 0.0203125
0 0.11171875 0.61015625 0.034375 0.0359375
0 0.146875 0.60078125 0.04375 0.0265625
0 0.2734375 0.62265625 0.05 0.03125
0 0.2734375 0.66484375 0.03125 0.0265625
0 0.3890625 0.63203125 0.0296875 0.0234375
0 0.3984375 0.61328125 0.0375 0.025
0 0.415625 0.5921875 0.028125 0.021875
0 0.3234375 0.590625 0.0265625 0.0203125
0 0.0296875 0.3109375 0.025 0.0203125
0 0.0078125 0.33125 0.015625 0.015625
0 0.028125 0.340625 0.03125 0.0140625
0 0.0125 0.41171875 0.021875 0.0125
0 0.025 0.396875 0.0171875 0.0140625
0 0.02109375 0.3796875 0.021875 0.009375
0 0.0515625 0.3828125 0.0203125 0.015625
0 0.08515625 0.37421875 0.021875 0.0140625
0 0.11328125 0.36015625 0.01875 0.0109375
0 0.02890625 0.36875 0.0203125 0.0140625
0 0.04375 0.40390625 0.01875 0.0125
0 0.11875 0.43046875 0.0171875 0.015625
0 0.1375 0.4203125 0.0171875 0.0171875
0 0.146875 0.14140625 0.028125 0.0140625
0 0.13203125 0.1109375 0.025 0.0125
0 0.078125 0.10859375 0.025 0.0125
0 0.04453125 0.07421875 0.01875 0.0125
0 0.071875 0.0765625 0.0125 0.0109375
0 0.21875 0.06875 0.0203125 0.009375
0 0.34296875 0.04765625 0.0375 0.0140625
0 0.3703125 0.11171875 0.0234375 0.0109375
0 0.32421875 0.146875 0.021875 0.0171875
0 0.225 0.134375 0.0171875 0.0109375
0 0.2453125 0.14453125 0.0234375 0.0109375
0 0.24609375 0.12890625 0.015625 0.0140625
0 0.23359375 0.11796875 0.0171875 0.0125
0 0.44765625 0.14375 0.0265625 0.0109375
0 0.4578125 0.12890625 0.021875 0.0140625
0 0.21015625 0.1671875 0.021875 0.0140625
0 0.096875 0.19453125 0.025 0.015625
0 0.10546875 0.18203125 0.021875 0.0125
0 0.20078125 0.25 0.0234375 0.015625
0 0.25234375 0.2171875 0.0171875 0.0109375
0 0.29375 0.184375 0.0234375 0.009375
0 0.32578125 0.26328125 0.0296875 0.0203125
0 0.321875 0.23984375 0.0140625 0.009375
0 0.32421875 0.2296875 0.015625 0.0125
0 0.33359375 0.2453125 0.0203125 0.0125
0 0.3546875 0.21171875 0.0234375 0.0125
0 0.3671875 0.22578125 0.0234375 0.0125
0 0.3546875 0.14453125 0.0171875 0.0125
0 0.39609375 0.14453125 0.0234375 0.0125
0 0.265625 0.36640625 0.0234375 0.0140625
0 0.33515625 0.3609375 0.028125 0.0125
0 0.34140625 0.33125 0.025 0.0109375
0 0.39921875 0.3 0.025 0.0140625
0 0.10703125 0.27421875 0.0203125 0.0125
0 0.0125 0.2921875 0.01875 0.0125
0 0.05859375 0.44296875 0.021875 0.01875
0 0.0703125 0.4546875 0.015625 0.0171875
0 0.13359375 0.47265625 0.0265625 0.01875
0 0.1875 0.46640625 0.0265625 0.0203125
0 0.23125 0.4 0.025 0.0140625
0 0.2734375 0.4859375 0.0296875 0.015625
0 0.28125 0.46484375 0.025 0.015625
0 0.1890625 0.53359375 0.0296875 0.0203125
0 0.02734375 0.53828125 0.0265625 0.0171875
0 0.06875 0.57890625 0.015625 0.0203125
0 0.06875 0.5625 0.0203125 0.0171875
0 0.08671875 0.5953125 0.01875 0.0203125
0 0.090625 0.575 0.025 0.015625
0 0.09453125 0.56015625 0.0265625 0.01875
0 0.04765625 0.6328125 0.0328125 0.021875
0 0.0859375 0.628125 0.025 0.01875
0 0.12578125 0.65078125 0.0328125 0.025
0 0.140625 0.6359375 0.034375 0.01875
0 0.178125 0.56875 0.021875 0.015625
0 0.2109375 0.5921875 0.015625 0.0171875
0 0.21015625 0.5703125 0.01875 0.015625
0 0.21015625 0.55 0.01875 0.0125
0 0.2640625 0.5671875 0.025 0.01875
0 0.225 0.6 0.01875 0.0203125
0 0.259375 0.59375 0.025 0.0171875
0 0.009375 0.61171875 0.01875 0.0203125
0 0.0203125 0.70625 0.0328125 0.021875
0 0.31171875 0.68125 0.0296875 0.0171875
0 0.3265625 0.70625 0.0296875 0.0234375
0 0.30390625 0.74296875 0.0296875 0.021875
0 0.33203125 0.7375 0.028125 0.0203125
0 0.4234375 0.7015625 0.03125 0.0203125
0 0.42734375 0.6703125 0.0296875 0.0234375
0 0.32109375 0.65390625 0.028125 0.01875
0 0.2140625 0.65546875 0.0296875 0.0234375
0 0.17421875 0.63828125 0.0234375 0.0203125
0 0.59453125 0.81171875 0.0359375 0.03125
0 0.5625 0.753125 0.0328125 0.0265625
0 0.5265625 0.46328125 0.0296875 0.0140625
0 0.53359375 0.44296875 0.0203125 0.015625
0 0.540625 0.42578125 0.0265625 0.015625
0 0.55390625 0.47734375 0.0125 0.0140625
0 0.57109375 0.471875 0.015625 0.0109375
0 0.59140625 0.45546875 0.025 0.0140625
0 0.609375 0.47265625 0.0234375 0.01875
0 0.63203125 0.45703125 0.0234375 0.01875
0 0.67421875 0.46875 0.0234375 0.01875
0 0.7078125 0.45703125 0.0203125 0.0171875
0 0.70546875 0.40234375 0.025 0.01875
0 0.571875 0.38125 0.0203125 0.0140625
0 0.52890625 0.3875 0.0171875 0.01875
0 0.4421875 0.52578125 0.0265625 0.0171875
0 0.47890625 0.49296875 0.0203125 0.0140625
0 0.5265625 0.26640625 0.0234375 0.0140625
0 0.72265625 0.196875 0.0234375 0.0140625
0 0.66953125 0.3296875 0.021875 0.015625
0 0.6328125 0.35078125 0.0234375 0.0171875
0 0.70234375 0.3328125 0.0265625 0.015625
0 0.74453125 0.43203125 0.021875 0.01875
0 0.71015625 0.44140625 0.0203125 0.015625
0 0.7578125 0.4609375 0.0203125 0.0203125
0 0.44921875 0.4078125 0.025 0.0125
0 0.50625 0.34453125 0.01875 0.0140625
0 0.46640625 0.328125 0.021875 0.0125
0 0.5515625 0.4640625 0.0171875 0.0125
0 0.5515625 0.45234375 0.01875 0.0125
0 0.53125 0.53515625 0.0171875 0.0140625
0 0.7671875 0.540625 0.0265625 0.0234375
0 0.8765625 0.525 0.03125 0.015625
0 0.8859375 0.45078125 0.028125 0.01875
0 0.90390625 0.209375 0.025 0.0140625
0 0.8015625 0.21171875 0.0234375 0.0140625
0 0.78046875 0.23515625 0.0203125 0.0140625
0 0.78359375 0.271875 0.0203125 0.0171875
0 0.94609375 0.19140625 0.0234375 0.015625
0 0.96015625 0.18515625 0.01875 0.0140625
0 0.978125 0.1828125 0.015625 0.0109375
0 0.990625 0.11953125 0.01875 0.021875