0 0.39765625 0.80625 0.034375 0.053125
0 0.3484375 0.81953125 0.0328125 0.0515625
0 0.36640625 0.86875 0.0328125 0.0484375
0 0.33125 0.884375 0.0390625 0.0703125
0 0.2046875 0.83359375 0.0453125 0.06875
0 0.28046875 0.8140625 0.03125 0.0515625
0 0.284375 0.87578125 0.0265625 0.053125
0 0.2671875 0.8484375 0.028125 0.05
0 0.2328125 0.88046875 0.0328125 0.0453125
0 0.26796875 0.925 0.0328125 0.0421875
0 0.3796875 0.72734375 0.0265625 0.05
0 0.346875 0.70078125 0.028125 0.04375
0 0.31015625 0.715625 0.0375 0.05
0 0.22578125 0.7171875 0.03125 0.05625
0 0.175 0.71484375 0.034375 0.046875
0 0.59609375 0.60859375 0.0390625 0.0671875
0 0.5765625 0.83203125 0.0296875 0.059375
0 0.6453125 0.821875 0.03125 0.0390625
0 0.6125 0.87734375 0.028125 0.059375
0 0.61328125 0.7453125 0.03125 0.046875
0 0.6265625 0.975 0.0390625 0.05
0 0.584375 0.96328125 0.0375 0.0453125
0 0.4625 0.89296875 0.040625 0.0609375
0 0.41953125 0.9421875 0.0390625 0.0421875
0 0.484375 0.78125 0.0375 0.0453125
0 0.0625 0.8640625 0.0453125 0.040625
0 0.0390625 0.92421875 0.040625 0.06875
0 0.19140625 0.9390625 0.028125 0.05
0 0.1609375 0.88203125 0.0234375 0.05625
0 0.1171875 0.796875 0.03125 0.05
0 0.0109375 0.89375 0.021875 0.0546875
0 0.74921875 0.70703125 0.025 0.046875
0 0.7109375 0.74609375 0.028125 0.04375
0 0.71640625 0.796875 0.03125 0.046875
0 0.68046875 0.8515625 0.03125 0.0609375
0 0.74765625 0.91171875 0.0296875 0.0703125
0 0.8171875 0.878125 0.0359375 0.05
0 0.92265625 0.8421875 0.034375 0.0515625
0 0.88515625 0.8453125 0.0375 0.046875
0 0.89296875 0.890625 0.03125 0.0515625
0 0.8609375 0.90546875 0.0328125 0.0546875
0 0.9078125 0.74765625 0.03125 0.053125
0 0.84296875 0.66875 0.0359375 0.0703125
0 0.67890625 0.74453125 0.0328125 0.046875
0 0.81640625 0.69296875 0.028125 0.0375
0 0.934375 0.9234375 0.0296875 0.0515625
0 0.88828125 0.978125 0.0359375 0.04375