0 0.2484375 0.6921875 0.1265625 0.1015625
0 0.24921875 0.59609375 0.11875 0.109375
0 0.42578125 0.84453125 0.128125 0.1125
0 0.09453125 0.84765625 0.1359375 0.0984375
0 0.74765625 0.40703125 0.1703125 0.125
0 0.73046875 0.2203125 0.1234375 0.10625
0 0.3171875 0.21171875 0.090625 0.1375
0 0.2953125 0.31015625 0.0984375 0.0625
0 0.6125 0.66875 0.1 0.0546875
0 0.584375 0.73984375 0.121875 0.0609375
0 0.83203125 0.71875 0.10625 0.0484375
0 0.0375 0.4671875 0.075 0.0734375
0 0.321875 0.4515625 0.090625 0.08125
0 0.53046875 0.52890625 0.1015625 0.071875
0 0.63203125 0.58046875 0.0859375 0.0625