0 0.125 0.9390625 0.065625 0.0359375
0 0.0578125 0.95625 0.0546875 0.0421875
0 0.3921875 0.95859375 0.0703125 0.04375
0 0.53125 0.9765625 0.053125 0.025
0 0.89921875 0.9125 0.0359375 0.0296875
0 0.86640625 0.93984375 0.053125 0.0375
0 0.8046875 0.9703125 0.065625 0.025
0 0.77890625 0.91953125 0.0578125 0.0390625
0 0.7765625 0.80625 0.078125 0.0453125
0 0.47109375 0.8140625 0.0578125 0.0421875
0 0.58125 0.834375 0.0578125 0.0484375
0 0.4828125 0.86953125 0.05 0.0375
0 0.7453125 0.75546875 0.0796875 0.03125
0 0.6390625 0.77421875 0.078125 0.0578125
0 0.6765625 0.9328125 0.0625 0.0453125
0 0.2546875 0.6703125 0.0703125 0.0171875
0 0.23359375 0.71953125 0.0734375 0.0296875
0 0.2359375 0.75 0.0921875 0.0265625
0 0.21484375 0.7765625 0.0546875 0.0171875
0 0.2 0.8203125 0.0453125 0.0265625
0 0.1859375 0.85859375 0.0421875 0.0375
0 0.1 0.81328125 0.0546875 0.0296875
0 0.9046875 0.5421875 0.0609375 0.040625
0 0.8796875 0.58046875 0.075 0.0484375
0 0.4859375 0.534375 0.0671875 0.05625
0 0.2546875 0.58046875 0.0453125 0.0296875
0 0.2046875 0.53203125 0.065625 0.053125
0 0.53984375 0.3625 0.0546875 0.028125
0 0.6640625 0.4546875 0.0578125 0.0515625
0 0.8265625 0.5296875 0.0578125 0.0328125
0 0.97890625 0.453125 0.0421875 0.0390625
0 0.93984375 0.359375 0.0703125 0.05
0 0.9546875 0.20546875 0.065625 0.03125
0 0.9359375 0.24609375 0.078125 0.0375
0 0.92265625 0.13515625 0.0453125 0.028125
0 0.8 0.125 0.040625 0.0203125
0 0.1609375 0.0625 0.0734375 0.046875
0 0.2640625 0.09609375 0.0484375 0.0328125
0 0.27890625 0.196875 0.0828125 0.065625
0 0.2125 0.2125 0.0609375 0.0453125
0 0.35234375 0.29765625 0.065625 0.03125
0 0.34140625 0.225 0.0671875 0.03125
0 0.04375 0.19375 0.0578125 0.0390625
0 0.0359375 0.225 0.0578125 0.03125
0 0.01796875 0.06875 0.0359375 0.046875
0 0.03125 0.11875 0.053125 0.0390625
0 0.53125 0.103125 0.053125 0.0390625
0 0.79375 0.1890625 0.0921875 0.0640625
0 0.85234375 0.28125 0.05 0.028125
0 0.9578125 0.79375 0.05 0.0328125
0 0.95859375 0.86953125 0.0578125 0.0328125
0 0.6734375 0.65078125 0.0921875 0.04375
0 0.56484375 0.634375 0.0796875 0.0328125
0 0.390625 0.8828125 0.0453125 0.0296875
0 0.44140625 0.91015625 0.040625 0.028125
0 0.46015625 0.78203125 0.0515625 0.021875
0 0.71796875 0.86484375 0.0390625 0.021875
0 0.82421875 0.86796875 0.0328125 0.01875
0 0.775 0.8765625 0.0265625 0.0203125
0 0.81015625 0.8953125 0.025 0.009375
0 0.9328125 0.759375 0.04375 0.0234375
0 0.93125 0.7078125 0.0453125 0.0234375
0 0.91796875 0.73203125 0.040625 0.021875
0 0.93828125 0.640625 0.0265625 0.0171875
0 0.92734375 0.61796875 0.025 0.015625
0 0.94140625 0.57890625 0.03125 0.021875
0 0.8109375 0.65 0.034375 0.0171875
0 0.7421875 0.63828125 0.0203125 0.015625
0 0.7375 0.6171875 0.015625 0.0140625
0 0.70859375 0.62421875 0.0171875 0.0140625
0 0.69609375 0.6125 0.0234375 0.0125
0 0.72109375 0.57578125 0.0203125 0.015625
0 0.69921875 0.57421875 0.0234375 0.0140625
0 0.78046875 0.575 0.0296875 0.01875
0 0.6328125 0.5484375 0.0265625 0.015625
0 0.5171875 0.6234375 0.0265625 0.021875
0 0.49609375 0.60546875 0.028125 0.01875
0 0.5015625 0.57890625 0.0234375 0.015625
0 0.484375 0.5703125 0.0265625 0.015625
0 0.46171875 0.58359375 0.0234375 0.015625
0 0.75234375 0.70625 0.04375 0.0234375
0 0.75 0.6828125 0.0265625 0.015625
0 0.70546875 0.6984375 0.0234375 0.0125
0 0.90859375 0.67734375 0.0296875 0.0171875
0 0.871875 0.68125 0.01875 0.009375
0 0.8671875 0.61875 0.0234375 0.0171875
0 0.784375 0.6078125 0.025 0.0140625
0 0.9328125 0.509375 0.034375 0.03125
0 0.8671875 0.51328125 0.0296875 0.0203125
0 0.884375 0.46640625 0.01875 0.0171875
0 0.8625 0.46328125 0.0203125 0.0203125
0 0.86328125 0.48125 0.028125 0.0171875
0 0.87265625 0.49375 0.0265625 0.0109375
0 0.8515625 0.4984375 0.0265625 0.01875
0 0.8484375 0.4640625 0.0203125 0.015625
0 0.82421875 0.4625 0.025 0.0125
0 0.9203125 0.44609375 0.0296875 0.0203125
0 0.85703125 0.4390625 0.03125 0.028125
0 0.89140625 0.4203125 0.025 0.0203125
0 0.86640625 0.4015625 0.0328125 0.015625
0 0.8546875 0.4203125 0.0203125 0.009375
0 0.90546875 0.3921875 0.0203125 0.0125
0 0.88203125 0.371875 0.01875 0.0125
0 0.86953125 0.35625 0.021875 0.0140625
0 0.84453125 0.3734375 0.021875 0.0125
0 0.8484375 0.353125 0.0203125 0.0171875
0 0.8828125 0.315625 0.015625 0.0109375
0 0.85703125 0.32578125 0.0390625 0.0203125
0 0.83359375 0.32578125 0.015625 0.015625
0 0.98046875 0.33125 0.0296875 0.01875
0 0.84609375 0.2609375 0.025 0.0125
0 0.815625 0.25546875 0.021875 0.0171875
0 0.78046875 0.32265625 0.0171875 0.0125
0 0.7921875 0.36015625 0.040625 0.015625
0 0.60625 0.28359375 0.0640625 0.0328125
0 0.60390625 0.3078125 0.0296875 0.0203125
0 0.6234375 0.346875 0.0296875 0.028125
0 0.665625 0.375 0.0328125 0.0203125
0 0.615625 0.375 0.0265625 0.0171875
0 0.48046875 0.42421875 0.0375 0.03125
0 0.50234375 0.3078125 0.0265625 0.0125
0 0.5125 0.27734375 0.0234375 0.0140625
0 0.7578125 0.28125 0.0265625 0.0171875
0 0.74609375 0.259375 0.025 0.0125
0 0.70703125 0.31875 0.0234375 0.01875
0 0.72421875 0.29453125 0.0171875 0.0203125
0 0.80703125 0.39453125 0.03125 0.034375
0 0.94453125 0.41875 0.028125 0.021875
0 0.5828125 0.4703125 0.034375 0.025
0 0.7828125 0.503125 0.0453125 0.0265625
0 0.6734375 0.4890625 0.04375 0.0234375
0 0.73046875 0.42421875 0.01875 0.0140625
0 0.75390625 0.346875 0.0203125 0.0109375
0 0.7515625 0.35859375 0.01875 0.0125
0 0.603125 0.1671875 0.0328125 0.021875
0 0.62890625 0.1609375 0.034375 0.0171875
0 0.58046875 0.15 0.01875 0.0140625
0 0.6171875 0.13125 0.0328125 0.01875
0 0.584375 0.1296875 0.0265625 0.0171875
0 0.61171875 0.109375 0.034375 0.0234375
0 0.6046875 0.0671875 0.028125 0.0234375
0 0.4390625 0.05859375 0.03125 0.0171875
0 0.42265625 0.10546875 0.028125 0.0171875
0 0.4046875 0.0609375 0.0203125 0.0140625
0 0.49140625 0.0984375 0.0234375 0.0125
0 0.475 0.15 0.0234375 0.0140625
0 0.48125 0.13046875 0.0203125 0.0125
0 0.60234375 0.19609375 0.0359375 0.0203125
0 0.58828125 0.2390625 0.034375 0.0234375
0 0.63046875 0.23828125 0.028125 0.0171875
0 0.43984375 0.26953125 0.03125 0.021875
0 0.43984375 0.24140625 0.0359375 0.0203125
0 0.4375 0.20078125 0.0328125 0.0203125
0 0.3828125 0.22109375 0.025 0.0171875
0 0.39296875 0.271875 0.025 0.0140625
0 0.33984375 0.25859375 0.0265625 0.015625
0 0.284375 0.2953125 0.028125 0.0140625
0 0.27890625 0.32421875 0.0421875 0.0171875
0 0.359375 0.33359375 0.0359375 0.0171875
0 0.39765625 0.33359375 0.0140625 0.0109375
0 0.39453125 0.33203125 0.021875 0.0125
0 0.40234375 0.3484375 0.0265625 0.0125
0 0.38359375 0.36484375 0.0234375 0.0109375
0 0.3765625 0.34921875 0.0203125 0.0125
0 0.37734375 0.35078125 0.01875 0.0109375
0 0.38046875 0.1546875 0.0171875 0.015625
0 0.35234375 0.15234375 0.028125 0.01875
0 0.403125 0.125 0.021875 0.015625
0 0.37890625 0.13515625 0.0359375 0.0203125
0 0.37734375 0.0890625 0.01875 0.0125
0 0.3484375 0.08671875 0.03125 0.0328125
0 0.37578125 0.05 0.01875 0.0140625
0 0.38828125 0.165625 0.015625 0.0125
0 0.20546875 0.14453125 0.025 0.0140625
0 0.11953125 0.15 0.021875 0.0140625
0 0.1046875 0.1234375 0.021875 0.0109375
0 0.11171875 0.13515625 0.0125 0.0078125
0 0.090625 0.140625 0.01875 0.0171875
0 0.08984375 0.075 0.0171875 0.0125
0 0.08984375 0.05078125 0.01875 0.0125
0 0.0828125 0.33828125 0.025 0.0125
0 0.0625 0.31953125 0.025 0.0125
0 0.06953125 0.3296875 0.015625 0.0109375
0 0.1609375 0.353125 0.0421875 0.0296875
0 0.19921875 0.3515625 0.0234375 0.0140625
0 0.21015625 0.32421875 0.025 0.0140625
0 0.2296875 0.3015625 0.0265625 0.0140625
0 0.2625 0.359375 0.0375 0.021875
0 0.346875 0.35234375 0.028125 0.01875
0 0.04296875 0.39921875 0.0375 0.0125
0 0.01015625 0.3859375 0.0203125 0.01875
0 0.3328125 0.46875 0.03125 0.01875
0 0.34453125 0.44296875 0.0171875 0.0171875
0 0.3375 0.39609375 0.0265625 0.0171875
0 0.34140625 0.41484375 0.0171875 0.0125
0 0.32578125 0.42890625 0.01875 0.0125
0 0.3234375 0.44296875 0.0234375 0.0171875
0 0.30625 0.43125 0.0203125 0.015625
0 0.27109375 0.5109375 0.03125 0.015625
0 0.32421875 0.51015625 0.0359375 0.0171875
0 0.275 0.4875 0.0234375 0.01875
0 0.18828125 0.58203125 0.0515625 0.0453125
0 0.02265625 0.6765625 0.0265625 0.0171875
0 0.1484375 0.6875 0.021875 0.0140625
0 0.0234375 0.8765625 0.021875 0.015625
0 0.00625 0.92578125 0.0125 0.0109375
0 0.0328125 0.85546875 0.0203125 0.01875
0 0.021875 0.834375 0.0171875 0.0109375
0 0.49453125 0.4953125 0.034375 0.0203125
0 0.7875 0.090625 0.0265625 0.0203125
0 0.809375 0.0859375 0.021875 0.01875
0 0.8296875 0.090625 0.0171875 0.0125
0 0.81875 0.0984375 0.0203125 0.01875
0 0.85390625 0.0828125 0.0171875 0.0140625
0 0.834375 0.06640625 0.025 0.0140625
0 0.82734375 0.025 0.0328125 0.0234375