0 0.7515625 0.3078125 0.1265625 0.1015625
0 0.75078125 0.40390625 0.11875 0.109375
0 0.57421875 0.15546875 0.128125 0.1125
0 0.90546875 0.15234375 0.1359375 0.0984375
0 0.25234375 0.59296875 0.1703125 0.125
0 0.26953125 0.7796875 0.1234375 0.10625
0 0.6828125 0.78828125 0.090625 0.1375
0 0.7046875 0.68984375 0.0984375 0.0625
0 0.3875 0.33125 0.1 0.0546875
0 0.415625 0.26015625 0.121875 0.0609375
0 0.16796875 0.28125 0.10625 0.0484375
0 0.9625 0.5328125 0.075 0.0734375
0 0.678125 0.5484375 0.090625 0.08125
0 0.46953125 0.47109375 0.1015625 0.071875
0 0.36796875 0.41953125 0.0859375 0.0625