0 0.875 0.9390625 0.065625 0.0359375
0 0.9421875 0.95625 0.0546875 0.0421875
0 0.6078125 0.95859375 0.0703125 0.04375
0 0.46875 0.9765625 0.053125 0.025
0 0.10078125 0.9125 0.0359375 0.0296875
0 0.13359375 0.93984375 0.053125 0.0375
0 0.1953125 0.9703125 0.065625 0.025
0 0.22109375 0.91953125 0.0578125 0.0390625
0 0.2234375 0.80625 0.078125 0.0453125
0 0.52890625 0.8140625 0.0578125 0.0421875
0 0.41875 0.834375 0.0578125 0.0484375
0 0.5171875 0.86953125 0.05 0.0375
0 0.2546875 0.75546875 0.0796875 0.03125
0 0.3609375 0.77421875 0.078125 0.0578125
0 0.3234375 0.9328125 0.0625 0.0453125
0 0.7453125 0.6703125 0.0703125 0.0171875
0 0.76640625 0.71953125 0.0734375 0.0296875
0 0.7640625 0.75 0.0921875 0.0265625
0 0.78515625 0.7765625 0.0546875 0.0171875
0 0.8 0.8203125 0.0453125 0.0265625
0 0.8140625 0.85859375 0.0421875 0.0375
0 0.9 0.81328125 0.0546875 0.0296875
0 0.0953125 0.5421875 0.0609375 0.040625
0 0.1203125 0.58046875 0.075 0.0484375
0 0.5140625 0.534375 0.0671875 0.05625
0 0.7453125 0.58046875 0.0453125 0.0296875
0 0.7953125 0.53203125 0.065625 0.053125
0 0.46015625 0.3625 0.0546875 0.028125
0 0.3359375 0.4546875 0.0578125 0.0515625
0 0.1734375 0.5296875 0.0578125 0.0328125
0 0.02109375 0.453125 0.0421875 0.0390625
0 0.06015625 0.359375 0.0703125 0.05
0 0.0453125 0.20546875 0.065625 0.03125
0 0.0640625 0.24609375 0.078125 0.0375
0 0.07734375 0.13515625 0.0453125 0.028125
0 0.2 0.125 0.040625 0.0203125
0 0.8390625 0.0625 0.0734375 0.046875
0 0.7359375 0.09609375 0.0484375 0.0328125
0 0.72109375 0.196875 0.0828125 0.065625
0 0.7875 0.2125 0.0609375 0.0453125
0 0.64765625 0.29765625 0.065625 0.03125
0 0.65859375 0.225 0.0671875 0.03125
0 0.95625 0.19375 0.0578125 0.0390625
0 0.9640625 0.225 0.0578125 0.03125
0 0.98203125 0.06875 0.0359375 0.046875
0 0.96875 0.11875 0.053125 0.0390625
0 0.46875 0.103125 0.053125 0.0390625
0 0.20625 0.1890625 0.0921875 0.0640625
0 0.14765625 0.28125 0.05 0.028125
0 0.0421875 0.79375 0.05 0.0328125
0 0.04140625 0.86953125 0.0578125 0.0328125
0 0.3265625 0.65078125 0.0921875 0.04375
0 0.43515625 0.634375 0.0796875 0.0328125
0 0.609375 0.8828125 0.0453125 0.0296875
0 0.55859375 0.91015625 0.040625 0.028125
0 0.53984375 0.78203125 0.0515625 0.021875
0 0.28203125 0.86484375 0.0390625 0.021875
0 0.17578125 0.86796875 0.0328125 0.01875
0 0.225 0.8765625 0.0265625 0.0203125
0 0.18984375 0.8953125 0.025 0.009375
0 0.0671875 0.759375 0.04375 0.0234375
0 0.06875 0.7078125 0.0453125 0.0234375
0 0.08203125 0.73203125 0.040625 0.021875
0 0.06171875 0.640625 0.0265625 0.0171875
0 0.07265625 0.61796875 0.025 0.015625
0 0.05859375 0.57890625 0.03125 0.021875
0 0.1890625 0.65 0.034375 0.0171875
0 0.2578125 0.63828125 0.0203125 0.015625
0 0.2625 0.6171875 0.015625 0.0140625
0 0.29140625 0.62421875 0.0171875 0.0140625
0 0.30390625 0.6125 0.0234375 0.0125
0 0.27890625 0.57578125 0.0203125 0.015625
0 0.30078125 0.57421875 0.0234375 0.0140625
0 0.21953125 0.575 0.0296875 0.01875
0 0.3671875 0.5484375 0.0265625 0.015625
0 0.4828125 0.6234375 0.0265625 0.021875
0 0.50390625 0.60546875 0.028125 0.01875
0 0.4984375 0.57890625 0.0234375 0.015625
0 0.515625 0.5703125 0.0265625 0.015625
0 0.53828125 0.58359375 0.0234375 0.015625
0 0.24765625 0.70625 0.04375 0.0234375
0 0.25 0.6828125 0.0265625 0.015625
0 0.29453125 0.6984375 0.0234375 0.0125
0 0.09140625 0.67734375 0.0296875 0.0171875
0 0.128125 0.68125 0.01875 0.009375
0 0.1328125 0.61875 0.0234375 0.0171875
0 0.215625 0.6078125 0.025 0.0140625
0 0.0671875 0.509375 0.034375 0.03125
0 0.1328125 0.51328125 0.0296875 0.0203125
0 0.115625 0.46640625 0.01875 0.0171875
0 0.1375 0.46328125 0.0203125 0.0203125
0 0.13671875 0.48125 0.028125 0.0171875
0 0.12734375 0.49375 0.0265625 0.0109375
0 0.1484375 0.4984375 0.0265625 0.01875
0 0.1515625 0.4640625 0.0203125 0.015625
0 0.17578125 0.4625 0.025 0.0125
0 0.0796875 0.44609375 0.0296875 0.0203125
0 0.14296875 0.4390625 0.03125 0.028125
0 0.10859375 0.4203125 0.025 0.0203125
0 0.13359375 0.4015625 0.0328125 0.015625
0 0.1453125 0.4203125 0.0203125 0.009375
0 0.09453125 0.3921875 0.0203125 0.0125
0 0.11796875 0.371875 0.01875 0.0125
0 0.13046875 0.35625 0.021875 0.0140625
0 0.15546875 0.3734375 0.021875 0.0125
0 0.1515625 0.353125 0.0203125 0.0171875
0 0.1171875 0.315625 0.015625 0.0109375
0 0.14296875 0.32578125 0.0390625 0.0203125
0 0.16640625 0.32578125 0.015625 0.015625
0 0.01953125 0.33125 0.0296875 0.01875
0 0.15390625 0.2609375 0.025 0.0125
0 0.184375 0.25546875 0.021875 0.0171875
0 0.21953125 0.32265625 0.0171875 0.0125
0 0.2078125 0.36015625 0.040625 0.015625
0 0.39375 0.28359375 0.0640625 0.0328125
0 0.39609375 0.3078125 0.0296875 0.0203125
0 0.3765625 0.346875 0.0296875 0.028125
0 0.334375 0.375 0.0328125 0.0203125
0 0.384375 0.375 0.0265625 0.0171875
0 0.51953125 0.42421875 0.0375 0.03125
0 0.49765625 0.3078125 0.0265625 0.0125
0 0.4875 0.27734375 0.0234375 0.0140625
0 0.2421875 0.28125 0.0265625 0.0171875
0 0.25390625 0.259375 0.025 0.0125
0 0.29296875 0.31875 0.0234375 0.01875
0 0.27578125 0.29453125 0.0171875 0.0203125
0 0.19296875 0.39453125 0.03125 0.034375
0 0.05546875 0.41875 0.028125 0.021875
0 0.4171875 0.4703125 0.034375 0.025
0 0.2171875 0.503125 0.0453125 0.0265625
0 0.3265625 0.4890625 0.04375 0.0234375
0 0.26953125 0.42421875 0.01875 0.0140625
0 0.24609375 0.346875 0.0203125 0.0109375
0 0.2484375 0.35859375 0.01875 0.0125
0 0.396875 0.1671875 0.0328125 0.021875
0 0.37109375 0.1609375 0.034375 0.0171875
0 0.41953125 0.15 0.01875 0.0140625
0 0.3828125 0.13125 0.0328125 0.01875
0 0.415625 0.1296875 0.0265625 0.0171875
0 0.38828125 0.109375 0.034375 0.0234375
0 0.3953125 0.0671875 0.028125 0.0234375
0 0.5609375 0.05859375 0.03125 0.0171875
0 0.57734375 0.10546875 0.028125 0.0171875
0 0.5953125 0.0609375 0.0203125 0.0140625
0 0.50859375 0.0984375 0.0234375 0.0125
0 0.525 0.15 0.0234375 0.0140625
0 0.51875 0.13046875 0.0203125 0.0125
0 0.39765625 0.19609375 0.0359375 0.0203125
0 0.41171875 0.2390625 0.034375 0.0234375
0 0.36953125 0.23828125 0.028125 0.0171875
0 0.56015625 0.26953125 0.03125 0.021875
0 0.56015625 0.24140625 0.0359375 0.0203125
0 0.5625 0.20078125 0.0328125 0.0203125
0 0.6171875 0.22109375 0.025 0.0171875
0 0.60703125 0.271875 0.025 0.0140625
0 0.66015625 0.25859375 0.0265625 0.015625
0 0.715625 0.2953125 0.028125 0.0140625
0 0.72109375 0.32421875 0.0421875 0.0171875
0 0.640625 0.33359375 0.0359375 0.0171875
0 0.60234375 0.33359375 0.0140625 0.0109375
0 0.60546875 0.33203125 0.021875 0.0125
0 0.59765625 0.3484375 0.0265625 0.0125
0 0.61640625 0.36484375 0.0234375 0.0109375
0 0.6234375 0.34921875 0.0203125 0.0125
0 0.62265625 0.35078125 0.01875 0.0109375
0 0.61953125 0.1546875 0.0171875 0.015625
0 0.64765625 0.15234375 0.028125 0.01875
0 0.596875 0.125 0.021875 0.015625
0 0.62109375 0.13515625 0.0359375 0.0203125
0 0.62265625 0.0890625 0.01875 0.0125
0 0.6515625 0.08671875 0.03125 0.0328125
0 0.62421875 0.05 0.01875 0.0140625
0 0.61171875 0.165625 0.015625 0.0125
0 0.79453125 0.14453125 0.025 0.0140625
0 0.88046875 0.15 0.021875 0.0140625
0 0.8953125 0.1234375 0.021875 0.0109375
0 0.88828125 0.13515625 0.0125 0.0078125
0 0.909375 0.140625 0.01875 0.0171875
0 0.91015625 0.075 0.0171875 0.0125
0 0.91015625 0.05078125 0.01875 0.0125
0 0.9171875 0.33828125 0.025 0.0125
0 0.9375 0.31953125 0.025 0.0125
0 0.93046875 0.3296875 0.015625 0.0109375
0 0.8390625 0.353125 0.0421875 0.0296875
0 0.80078125 0.3515625 0.0234375 0.0140625
0 0.78984375 0.32421875 0.025 0.0140625
0 0.7703125 0.3015625 0.0265625 0.0140625
0 0.7375 0.359375 0.0375 0.021875
0 0.653125 0.35234375 0.028125 0.01875
0 0.95703125 0.39921875 0.0375 0.0125
0 0.98984375 0.3859375 0.0203125 0.01875
0 0.6671875 0.46875 0.03125 0.01875
0 0.65546875 0.44296875 0.0171875 0.0171875
0 0.6625 0.39609375 0.0265625 0.0171875
0 0.65859375 0.41484375 0.0171875 0.0125
0 0.67421875 0.42890625 0.01875 0.0125
0 0.6765625 0.44296875 0.0234375 0.0171875
0 0.69375 0.43125 0.0203125 0.015625
0 0.72890625 0.5109375 0.03125 0.015625
0 0.67578125 0.51015625 0.0359375 0.0171875
0 0.725 0.4875 0.0234375 0.01875
0 0.81171875 0.58203125 0.0515625 0.0453125
0 0.97734375 0.6765625 0.0265625 0.0171875
0 0.8515625 0.6875 0.021875 0.0140625
0 0.9765625 0.8765625 0.021875 0.015625
0 0.99375 0.92578125 0.0125 0.0109375
0 0.9671875 0.85546875 0.0203125 0.01875
0 0.978125 0.834375 0.0171875 0.0109375
0 0.50546875 0.4953125 0.034375 0.0203125
0 0.2125 0.090625 0.0265625 0.0203125
0 0.190625 0.0859375 0.021875 0.01875
0 0.1703125 0.090625 0.0171875 0.0125
0 0.18125 0.0984375 0.0203125 0.01875
0 0.14609375 0.0828125 0.0171875 0.0140625
0 0.165625 0.06640625 0.025 0.0140625
0 0.17265625 0.025 0.0328125 0.0234375