0 0.7385119625 0.08984375 0.6785974125 0.083984375 0.662967528125 0.08984375 0.63431274375 0.091796875 0.5796081531249999 0.107421875 0.549650878125 0.1357421875 0.5366259765625 0.1572265625 0.5470458984375 0.1923828125 0.573095703125 0.2138671875 0.582213134375 0.232421875 0.6004479968750001 0.240234375 0.6199853515625 0.2392578125 0.6317077640625001 0.23828125 0.6512451171875 0.2294921875 0.6825048828125 0.1884765625 0.7111596671875 0.1630859375 0.72939453125 0.1279296875 0.72939453125 0.1181640625 0.7450244140625 0.1005859375 0.7385119625 0.08984375
0 0.9143481453125 0.2333984375 0.9364904781250001 0.25390625 0.96775024375 0.267578125 0.9977075203125001 0.2724609375 1 0.1533203125 0.996405028125 0.14453125 0.96775024375 0.140625 0.94951538125 0.1484375 0.929978028125 0.1650390625 0.9091381843749999 0.2001953125 0.906533203125 0.2197265625 0.9143481453125 0.2333984375
0 0 0.1455078125 0.010419921875 0.1455078125 0.037772215625 0.13671875 0.0807543953125 0.1083984375 0.10159423906250001 0.0751953125 0.112014159375 0.0302734375 0.10419921875 0.0166015625 0.082056884375 0 0 0.0009765625 0 0.1455078125
0 0.3985620109375 0.4833984375 0.4141918953125 0.4619140625 0.4115869140625 0.4130859375 0.3985620109375 0.3798828125 0.403771971875 0.3525390625 0.3894445796875 0.341796875 0.332135009375 0.33984375 0.25919555625 0.353515625 0.19928100625 0.37890625 0.1901635734375 0.3876953125 0.1927685546875 0.4365234375 0.200583496875 0.4560546875 0.22012084999999998 0.470703125 0.2800354 0.494140625 0.3191101078125 0.501953125 0.3386474609375 0.5146484375 0.346462403125 0.5263671875 0.346462403125 0.5380859375 0.325622559375 0.5654296875 0.3308325203125 0.5927734375 0.34255493124999997 0.609375 0.363394775 0.619140625 0.38032714843750004 0.6181640625 0.41549438437499997 0.61328125 0.43503173906250003 0.6005859375 0.44545165937500003 0.5732421875 0.44545165937500003 0.5595703125 0.42330932656250003 0.5390625 0.406376953125 0.5322265625 0.3985620109375 0.5205078125 0.3985620109375 0.4833984375
0 0.656455078125 0.4755859375 0.6512451171875 0.4853515625 0.6512451171875 0.5029296875 0.674689940625 0.5302734375 0.7150671390625 0.56640625 0.733302003125 0.5703125 0.758049315625 0.5693359375 0.772376709375 0.56640625 0.7919140625 0.5439453125 0.7945190421875 0.5185546875 0.7893090828125 0.5009765625 0.7684692390625 0.4716796875 0.7437219234375 0.455078125 0.696832275 0.44921875 0.656455078125 0.4755859375
0 0.957330321875 0.642578125 0.975565184375 0.65234375 0.9977075203125001 0.6513671875 1 0.5400390625 0.9859851078125 0.5390625 0.975565184375 0.541015625 0.9612377921874999 0.5517578125 0.9508178718750001 0.5673828125 0.9403979484375 0.6103515625 0.948212890625 0.6318359375 0.957330321875 0.642578125
0 0.7228820796875 0.65234375 0.6942272953125 0.646484375 0.621287840625 0.6171875 0.603052978125 0.61328125 0.5691882328125 0.623046875 0.5600708015625 0.6337890625 0.5626757812500001 0.6748046875 0.5913305656250001 0.7197265625 0.644732665625 0.744140625 0.683807371875 0.74609375 0.704647215625 0.751953125 0.7319995109375 0.7509765625 0.767166746875 0.744140625 0.78279663125 0.73828125 0.7997290031250001 0.7255859375 0.8101489265625 0.7099609375 0.8101489265625 0.6943359375 0.8023339843749999 0.6865234375 0.7437219234375 0.6640625 0.7228820796875 0.65234375
0 0.42200683593750005 0.7607421875 0.4115869140625 0.7763671875 0.4115869140625 0.7900390625 0.418099365625 0.796875 0.43372924687500003 0.802734375 0.47801391562499995 0.810546875 0.5027612296874999 0.8095703125 0.5118786625 0.806640625 0.531416015625 0.7880859375 0.534020996875 0.7724609375 0.528811034375 0.7568359375 0.496248778125 0.732421875 0.46238403437500003 0.73046875 0.4519641109375 0.734375 0.42200683593750005 0.7607421875
0 0.575700684375 0.8388671875 0.5704907218749999 0.8642578125 0.552255859375 0.8798828125 0.5470458984375 0.8896484375 0.5678857421875 0.9365234375 0.587423096875 0.953125 0.677294921875 0.9560546875 0.68771484375 0.9462890625 0.7085546875000001 0.9111328125 0.7085546875000001 0.8896484375 0.6864123531249999 0.865234375 0.6551525875 0.8515625 0.6186828609374999 0.826171875 0.59263305625 0.822265625 0.575700684375 0.8388671875
0 0.8309887703125 0.9072265625 0.823173828125 0.9228515625 0.7997290031250001 0.9462890625 0.7971240234375 0.9599609375 0.7997290031250001 0.9697265625 0.814056396875 0.98046875 0.832291259375 0.986328125 0.8531311031250001 1 0.9977075203125001 0.9990234375 1 0.8857421875 0.9977075203125001 0.8701171875 0.99119506875 0.865234375 0.975565184375 0.861328125 0.9052307125000001 0.861328125 0.850526121875 0.875 0.8283837890625 0.8857421875 0.8309887703125 0.9072265625
0 0.3568823234375 0.9755859375 0.3607897953125 1 0.5157861328125 0.9990234375 0.513181153125 0.9814453125 0.4975512703125 0.9580078125 0.47801391562499995 0.94140625 0.454569090625 0.93359375 0.42330932656250003 0.93359375 0.399864503125 0.943359375 0.373814696875 0.95703125 0.3568823234375 0.9755859375
0 0 0.9990234375 0.1510888671875 0.9990234375 0.15890380937499998 0.9658203125 0.1510888671875 0.9072265625 0.128946534375 0.890625 0.0976867671875 0.875 0.0065124515625 0.8671875 0 0.8720703125 0 0.9990234375
0 0.114619140625 0.7392578125 0.128946534375 0.75390625 0.1523913578125 0.763671875 0.1823486328125 0.7666015625 0.2018859859375 0.76171875 0.2083984375 0.7548828125 0.2083984375 0.7373046875 0.196676025 0.7265625 0.183651121875 0.720703125 0.1393664546875 0.71875 0.1198291015625 0.7275390625 0.114619140625 0.7392578125
0 0.144576415625 0.62109375 0.114619140625 0.6376953125 0.114619140625 0.6591796875 0.128946534375 0.669921875 0.18625610312500002 0.689453125 0.2266333015625 0.6904296875 0.2357507328125 0.6875 0.2526831046875 0.6728515625 0.2526831046875 0.6572265625 0.239658203125 0.6357421875 0.22272582968750002 0.62109375 0.196676025 0.61328125 0.18104614218749998 0.61328125 0.144576415625 0.62109375
0 0.0416796875 0.7333984375 0.031259765625000005 0.7060546875 0.009117431249999999 0.6953125 0 0.6982421875 0.0026049796875 0.7666015625 0.031259765625000005 0.7470703125 0.0416796875 0.7333984375
0 0.28915283281250004 0.7998046875 0.2917578125 0.8076171875 0.295665284375 0.810546875 0.31520263593750003 0.8095703125 0.3516723640625 0.7802734375 0.35427734375000003 0.7666015625 0.34255493124999997 0.755859375 0.3217150875 0.755859375 0.2982702640625 0.76171875 0.2735229484375 0.7783203125 0.2735229484375 0.7861328125 0.28915283281250004 0.7998046875
0 0.382932128125 0.6845703125 0.403771971875 0.6748046875 0.403771971875 0.6650390625 0.3868396 0.65234375 0.3686047359375 0.650390625 0.35427734375000003 0.6591796875 0.3516723640625 0.6708984375 0.36599975625000003 0.68359375 0.382932128125 0.6845703125
0 0.042982178125 0.380859375 0.049494628125 0.3740234375 0.049494628125 0.3662109375 0.027352295312500004 0.341796875 0.001302490625 0.333984375 0 0.3837890625 0.010419921875 0.3857421875 0.042982178125 0.380859375
0 0.1849536140625 0.2236328125 0.1823486328125 0.2607421875 0.2018859859375 0.267578125 0.221423340625 0.2666015625 0.27482544062500003 0.25390625 0.29696777343749997 0.2412109375 0.29696777343749997 0.2236328125 0.2774304203125 0.203125 0.2644055171875 0.19921875 0.24096069375 0.201171875 0.20449096562500002 0.2109375 0.1849536140625 0.2236328125
0 0.0859643546875 0.3154296875 0.1107116703125 0.32421875 0.1432739265625 0.3232421875 0.1719287109375 0.3056640625 0.1719287109375 0.2880859375 0.1602062984375 0.279296875 0.14197143437499998 0.2734375 0.11592163124999999 0.2734375 0.10289672812499999 0.27734375 0.0807543953125 0.2978515625 0.0859643546875 0.3154296875
0 0.049494628125 0.2431640625 0.0573095703125 0.2509765625 0.063822021875 0.255859375 0.0807543953125 0.2568359375 0.10289672812499999 0.248046875 0.1198291015625 0.2353515625 0.12243408281249998 0.2255859375 0.11852661093750001 0.220703125 0.0976867671875 0.21484375 0.061217040625 0.22265625 0.052099609375 0.2294921875 0.049494628125 0.2431640625
0 0.50927368125 0 0.496248778125 0.00390625 0.4819213859375 0.0166015625 0.48452636718750003 0.0361328125 0.50927368125 0.048828125 0.5444409171875 0.0498046875 0.5561633296874999 0.048828125 0.5704907218749999 0.0400390625 0.5783056640625001 0.0283203125 0.575700684375 0.0205078125 0.5535583500000001 0.0078125 0.530113525 0 0.50927368125 0
0 0.63431274375 0 0.623892821875 0.00390625 0.6095654296874999 0.0166015625 0.60435546875 0.0361328125 0.6069604484375 0.0439453125 0.6160778812500001 0.048828125 0.635615234375 0.0478515625 0.65775756875 0.044921875 0.677294921875 0.0283203125 0.674689940625 0.0146484375 0.6525476078125 0 0.63431274375 0
0 0.385537109375 0.2724609375 0.41028442343749993 0.2890625 0.429821778125 0.2900390625 0.44675415 0.28515625 0.468896484375 0.2607421875 0.4610815421875 0.2314453125 0.44675415 0.21875 0.4311242671875 0.21875 0.41028442343749993 0.2265625 0.382932128125 0.2470703125 0.385537109375 0.2724609375
0 0.492341309375 0.4072265625 0.5001562500000001 0.4228515625 0.5118786625 0.431640625 0.5392309578125001 0.4384765625 0.5704907218749999 0.4267578125 0.5783056640625001 0.4169921875 0.5783056640625001 0.3955078125 0.566583253125 0.3828125 0.530113525 0.373046875 0.4975512703125 0.3837890625 0.492341309375 0.3916015625 0.492341309375 0.4072265625
0 0.6942272953125 0.37109375 0.7085546875000001 0.3720703125 0.7150671390625 0.37109375 0.7267895515625 0.3603515625 0.7267895515625 0.3408203125 0.7150671390625 0.33203125 0.689017334375 0.333984375 0.679899903125 0.3447265625 0.679899903125 0.3564453125 0.6942272953125 0.37109375
0 0.7359069828125 0.41796875 0.7450244140625 0.4189453125 0.767166746875 0.412109375 0.7762841796875 0.4052734375 0.778889159375 0.3974609375 0.7645617671875 0.384765625 0.74111694375 0.3828125 0.72939453125 0.3896484375 0.72939453125 0.4111328125 0.7359069828125 0.41796875
0 0.5144836421875 0.51171875 0.534020996875 0.5107421875 0.5483483890625 0.5078125 0.5600708015625 0.4990234375 0.5600708015625 0.4873046875 0.5483483890625 0.474609375 0.5118786625 0.478515625 0.48973632812499995 0.4931640625 0.49885375937500004 0.505859375 0.5144836421875 0.51171875
0 0.9078356937500001 0.33984375 0.9143481453125 0.3388671875 0.9273730468749999 0.3310546875 0.9325830078124999 0.3212890625 0.9325830078124999 0.3154296875 0.9234655765625 0.306640625 0.913045653125 0.306640625 0.8961132812500001 0.3251953125 0.8987182609375 0.3349609375 0.9078356937500001 0.33984375
0 0.2083984375 0.1064453125 0.227935790625 0.119140625 0.257893065625 0.1201171875 0.267010496875 0.119140625 0.278732909375 0.1103515625 0.283942871875 0.0966796875 0.272220459375 0.087890625 0.24096069375 0.076171875 0.2149108890625 0.078125 0.20579345781249997 0.0869140625 0.2083984375 0.1064453125
0 0.8283837890625 0.0751953125 0.8309887703125 0.0908203125 0.8388037109375001 0.0986328125 0.8531311031250001 0.109375 0.864853515625 0.1103515625 0.9026257328125 0.1015625 0.9143481453125 0.0888671875 0.9143481453125 0.0791015625 0.906533203125 0.0673828125 0.8817858890625001 0.0546875 0.8583410656250001 0.0546875 0.8401062015624999 0.060546875 0.8283837890625 0.0751953125
0 0.179743653125 0.5498046875 0.1901635734375 0.5419921875 0.1849536140625 0.5244140625 0.147181396875 0.501953125 0.126341553125 0.50390625 0.117224121875 0.5166015625 0.12243408281249998 0.5302734375 0.16802124062499998 0.55078125 0.179743653125 0.5498046875
0 0 0.5166015625 0.029957275 0.53125 0.049494628125 0.5302734375 0.063822021875 0.52734375 0.075544434375 0.5185546875 0.0781494140625 0.5009765625 0.063822021875 0.486328125 0.042982178125 0.478515625 0.022142334375 0.48046875 0 0.4970703125 0 0.5166015625
0 0.7202771 0.8359375 0.7359069828125 0.8359375 0.7489318843749999 0.85546875 0.778889159375 0.8544921875 0.784099121875 0.8447265625 0.7658642578125 0.8330078125 0.7606542968750001 0.8193359375 0.746326903125 0.80859375 0.730697021875 0.806640625 0.7137646484375 0.8154296875 0.7111596671875 0.8291015625 0.7202771 0.8359375
0 0.816661378125 0.833984375 0.8388037109375001 0.8330078125 0.855736084375 0.828125 0.864853515625 0.8193359375 0.855736084375 0.802734375 0.814056396875 0.80078125 0.7971240234375 0.8095703125 0.7945190421875 0.8212890625 0.803636475 0.830078125 0.816661378125 0.833984375
0 0.450661621875 0.8955078125 0.468896484375 0.8818359375 0.4610815421875 0.8603515625 0.441544190625 0.849609375 0.41549438437499997 0.8515625 0.408981934375 0.8662109375 0.416796875 0.8837890625 0.4311242671875 0.896484375 0.450661621875 0.8955078125
0 0.0716369625 0.8515625 0.08856933593750001 0.8505859375 0.10419921875 0.8388671875 0.10159423906250001 0.8212890625 0.0950817875 0.81640625 0.0481921390625 0.810546875 0.033864746875000004 0.8173828125 0.031259765625000005 0.8291015625 0.042982178125 0.84375 0.0716369625 0.8515625
0 0.3640625 0.06875 0.0984375 0.0625
0 0.05234375 0.6203125 0.075 0.0546875
0 0.11484375 0.43984375 0.0671875 0.05625
0 0.17109375 0.16171875 0.084375 0.059375
0 0.50234375 0.1171875 0.0625 0.04375
0 0.45625 0.1890625 0.0546875 0.0515625
0 0.3390625 0.21484375 0.05 0.0296875
0 0.35703125 0.18359375 0.0671875 0.046875
0 0.71328125 0.29296875 0.0328125 0.025
0 0.734375 0.2640625 0.0234375 0.021875
0 0.75078125 0.23984375 0.0296875 0.0390625
0 0.79453125 0.2171875 0.0390625 0.03125
0 0.83984375 0.19375 0.0484375 0.0515625
0 0.890625 0.17109375 0.0625 0.040625
0 0.86796875 0.25859375 0.0640625 0.0390625
0 0.4734375 0.33515625 0.078125 0.0453125
0 0.540625 0.3203125 0.0546875 0.0375
0 0.61640625 0.33828125 0.06875 0.0515625
0 0.7734375 0.62734375 0.0953125 0.053125
0 0.89765625 0.51171875 0.0484375 0.0328125
0 0.95546875 0.51328125 0.0421875 0.0390625
0 0.86796875 0.71953125 0.0578125 0.0421875
0 0.27890625 0.05390625 0.065625 0.0421875
0 0.0546875 0.1859375 0.046875 0.028125
0 0.0484375 0.16015625 0.0359375 0.0234375
0 0.09921875 0.14140625 0.04375 0.0296875
0 0.15234375 0.23359375 0.0296875 0.025
0 0.39375 0.1125 0.040625 0.0328125
0 0.33359375 0.12421875 0.04375 0.025
0 0.34296875 0.31484375 0.0609375 0.03125
0 0.10703125 0.39140625 0.0359375 0.03125
0 0.1203125 0.3671875 0.0359375 0.0328125
0 0.14453125 0.3828125 0.0390625 0.03125
0 0.17890625 0.36796875 0.0390625 0.0234375
0 0.49765625 0.19609375 0.0328125 0.0296875
0 0.35625 0.246875 0.034375 0.0234375
0 0.53359375 0.28046875 0.028125 0.03125
0 0.64296875 0.28125 0.040625 0.028125
0 0.82109375 0.0453125 0.0390625 0.0234375
0 0.86484375 0.0140625 0.0484375 0.028125
0 0.72890625 0.06171875 0.040625 0.021875
0 0.7359375 0.0328125 0.0359375 0.021875
0 0.75703125 0.08125 0.034375 0.0234375
0 0.7421875 0.1984375 0.0375 0.028125
0 0.7671875 0.33359375 0.0375 0.040625
0 0.79140625 0.29921875 0.0453125 0.03125
0 0.82890625 0.3125 0.04375 0.0453125
0 0.9421875 0.36171875 0.0625 0.03125
0 0.81640625 0.47578125 0.0390625 0.0265625
0 0.78359375 0.43203125 0.040625 0.0328125
0 0.63359375 0.43046875 0.0796875 0.040625
0 0.58203125 0.46953125 0.0546875 0.0296875
0 0.4640625 0.48984375 0.0453125 0.0234375
0 0.45078125 0.46953125 0.03125 0.0171875
0 0.47265625 0.43828125 0.0359375 0.025
0 0.4671875 0.415625 0.046875 0.0265625
0 0.26796875 0.51875 0.053125 0.0453125
0 0.2171875 0.5265625 0.0375 0.03125
0 0.2765625 0.575 0.0484375 0.0359375
0 0.446875 0.6375 0.04375 0.03125
0 0.48515625 0.62578125 0.0515625 0.034375
0 0.50703125 0.66953125 0.0546875 0.0359375
0 0.68359375 0.575 0.04375 0.040625
0 0.890625 0.55546875 0.05 0.034375
0 0.83671875 0.53125 0.0453125 0.0328125
0 0.9015625 0.61015625 0.040625 0.03125
0 0.84609375 0.67578125 0.0453125 0.028125
0 0.83125 0.65625 0.0375 0.025
0 0.86640625 0.65234375 0.03125 0.0203125
0 0.9015625 0.66953125 0.0390625 0.028125
0 0.98203125 0.81875 0.0359375 0.0328125
0 0.9 0.834375 0.046875 0.0390625
0 0.93046875 0.8109375 0.046875 0.028125
0 0.66875 0.76171875 0.040625 0.040625
0 0.7734375 0.9015625 0.046875 0.0453125
0 0.71640625 0.96796875 0.0359375 0.0359375
0 0.7625 0.97265625 0.04375 0.025
0 0.29296875 0.7125 0.05625 0.034375
0 0.2421875 0.709375 0.05 0.03125
0 0.23046875 0.7734375 0.053125 0.0421875
0 0.13984375 0.790625 0.0765625 0.040625
0 0.3171875 0.6859375 0.04375 0.0328125
0 0.0828125 0.68515625 0.0375 0.0328125
0 0.01953125 0.66328125 0.0390625 0.040625
0 0.12109375 0.6015625 0.05625 0.0359375
0 0.08125 0.553125 0.05625 0.0359375
0 0.21484375 0.88125 0.0640625 0.0390625
0 0.2203125 0.9203125 0.0453125 0.0296875
0 0.29140625 0.92734375 0.053125 0.0390625
0 0.33828125 0.84296875 0.0484375 0.0375