0 0.06640625156249999 0.0044025359375 0.0283203125 0.002935025 0.025390625 0.045492871875 0.0380859375 0.0675055484375 0.048828125 0.06603803750000001 0.064453125 0.033752776562499996 0.06640625156249999 0.0044025359375
0 0.2265625 0.1746339234375 0.232421875 0.1540887546875 0.2177734375 0.143816171875 0.2109375 0.16582885 0.2265625 0.1746339234375
0 0.2539062515625 0.11593344531250001 0.255859375 0.1335435875 0.265625 0.1423486578125 0.2773437484375 0.127673540625 0.2685546875 0.088050715625 0.2539062515625 0.11593344531250001
0 0.2529296875 0.176101434375 0.2412109375 0.18197148125 0.2382812515625 0.2010491359375 0.2470703125 0.2142567453125 0.2578125 0.2127892328125 0.265625 0.189309040625 0.2529296875 0.176101434375
0 0.517578125 0.2597496140625 0.5244140625 0.2758922453125 0.5351562515625 0.277359759375 0.5429687484375 0.25387956875 0.5263671875 0.23773693749999997 0.517578125 0.2597496140625
0 0.59375 0.26561966406250004 0.5976562515625 0.245074496875 0.5908203125 0.2289318640625 0.5771484375 0.2259968421875 0.568359375 0.23626942343750001 0.5664062515625 0.25681459218749997 0.583984375 0.27148971093749996 0.59375 0.26561966406250004
0 0.6396484375 0.14968621875000002 0.630859375 0.162893828125 0.630859375 0.1805039703125 0.6416015625 0.20251665000000002 0.650390625 0.2010491359375 0.65625 0.1746339234375 0.6396484375 0.14968621875000002
0 0.701171875 0.18637401874999998 0.7060546875 0.199581625 0.716796875 0.2010491359375 0.7304687484375 0.1775689453125 0.7099609375 0.16142631406250002 0.701171875 0.18637401874999998
0 0.6708984375 0.055765453124999996 0.6640625 0.077778134375 0.681640625 0.08951822968749999 0.689453125 0.071908084375 0.6806640625 0.055765453124999996 0.6708984375 0.055765453124999996
0 0.7109375 0.0689730625 0.71875 0.045492871875 0.7021484375 0.0381553109375 0.697265625 0.0601679890625 0.7109375 0.0689730625
0 0.7822265625 0.0733755984375 0.7724609375 0.0733755984375 0.7539062515625 0.10419335 0.7607421875 0.1232710046875 0.7695312515625 0.1218034921875 0.7851562515625 0.0865832046875 0.7822265625 0.0733755984375
0 0.978515625 0.1129984203125 0.9716796875 0.08218066874999999 0.9609375 0.0865832046875 0.962890625 0.10419335 0.9453125 0.14528368281249998 0.9482421875 0.15555626718749999 0.9609375 0.1540887546875 0.978515625 0.1129984203125
0 0.8320312515625 0.391825690625 0.8359375 0.37128052500000003 0.8271484375 0.3639429640625 0.818359375 0.38595564531250004 0.8320312515625 0.391825690625
0 0.8486328125 0.3081775109375 0.8359375 0.344865309375 0.857421875 0.3507353578125 0.8632812515625 0.3301901890625 0.859375 0.312580046875 0.8486328125 0.3081775109375
0 0.9023437484375 0.27442473437500003 0.90625 0.26561966406250004 0.8974609375 0.2524120546875 0.888671875 0.2685546890625 0.9023437484375 0.27442473437500003
0 0.849609375 0.24800951875 0.8476562515625 0.22159430625 0.8349609375 0.211321721875 0.830078125 0.2333344015625 0.849609375 0.24800951875
0 0.900390625 0.2303993765625 0.904296875 0.2127892328125 0.8916015625 0.1966466015625 0.8867187484375 0.22159430625 0.900390625 0.2303993765625
0 0.9023437484375 0.1775689453125 0.9101562515625 0.159958803125 0.8955078125 0.15555626718749999 0.892578125 0.1716988984375 0.9023437484375 0.1775689453125
0 0.966796875 0.06603803750000001 0.970703125 0.039622821875000006 0.9599609375 0.0352202875 0.9492187484375 0.0572329671875 0.966796875 0.06603803750000001
0 0.9755859375 0.267087175 0.970703125 0.3008399515625 0.984375 0.312580046875 0.994140625 0.2979049265625 0.994140625 0.280294784375 0.9755859375 0.267087175
0 0.9960937484375 0.2392044484375 0.998046875 0.22159430625 0.9873046875 0.2142567453125 0.982421875 0.23626942343750001 0.9960937484375 0.2392044484375
0 0.9390625 0.38984375 0.0234375 0.053125
0 0.9609375 0.4094358359375 0.9658203125 0.4226434421875 0.974609375 0.42117593124999997 0.9804687484375 0.397695740625 0.9658203125 0.378618084375 0.9609375 0.4094358359375
0 0.9804687484375 0.365410475 0.9833984375 0.3404627734375 0.9726562515625 0.3478003328125 0.9726562515625 0.36247545312499996 0.9804687484375 0.365410475
0 0.896484375 0.5033566015625001 0.90625 0.48281143125000003 0.8876953125 0.46373377656250003 0.880859375 0.4916165046875 0.896484375 0.5033566015625001
0 0.970703125 0.6178225328125 0.9677734375 0.5899398062500001 0.9492187484375 0.5884722921875001 0.9580078125 0.616355021875 0.970703125 0.6178225328125
0 0.962890625 0.5591220546875 0.9609375 0.5385768875 0.9501953125 0.5312393281250001 0.947265625 0.550316984375 0.962890625 0.5591220546875
0 0.974609375 0.6501077953125 0.9765625 0.667717940625 0.9882812515625 0.6735879859375 0.9960937484375 0.65597784375 0.9912109375 0.6222250687499999 0.974609375 0.6501077953125
0 0.951171875 0.8849097078125 0.953125 0.861429515625 0.9443359375 0.85702698125 0.939453125 0.8790396609375 0.951171875 0.8849097078125
0 0.958984375 0.8291442546875001 0.962890625 0.8085990875 0.9541015625 0.8041965515625 0.947265625 0.8232742046875 0.958984375 0.8291442546875001
0 0.951171875 0.7733787999999999 0.9560546875 0.7836513828125 0.966796875 0.7821838718749999 0.9726562515625 0.7645737265625 0.9599609375 0.7513661203125 0.951171875 0.7733787999999999
0 0.9609375 0.9758954484375 0.966796875 0.9436101859375 0.9521484375 0.9333376015624999 0.943359375 0.9612203312500001 0.9609375 0.9758954484375
0 0.859375 0.89077975625 0.865234375 0.8731696124999999 0.8564453125 0.8628970265625 0.8515625 0.8819746828125 0.859375 0.89077975625
0 0.8974609375 0.82474171875 0.8857421875 0.8218066937499999 0.880859375 0.8555594703124999 0.8896484375 0.8687670765625001 0.900390625 0.867299565625 0.908203125 0.843819375 0.8974609375 0.82474171875
0 0.849609375 0.9729604265624999 0.8554687484375 0.9201299953125 0.8251953125 0.9274675546875001 0.8203125 0.95828530625 0.849609375 0.9729604265624999
0 0.884765625 0.9788304734375 0.8916015625 0.994973103125 0.9023437484375 0.9964406171875 0.90625 0.9758954484375 0.8916015625 0.9626878421875 0.884765625 0.9788304734375
0 0.802734375 0.832079278125 0.8085937484375 0.8144691343750001 0.7998046875 0.8012615265624999 0.794921875 0.8262092296875 0.802734375 0.832079278125
0 0.8398437484375 0.811534109375 0.8466796875 0.82474171875 0.857421875 0.8232742046875 0.861328125 0.7968589921875 0.8486328125 0.7836513828125 0.8398437484375 0.811534109375
0 0.865234375 0.72348339375 0.869140625 0.7058732484375 0.8583984375 0.6956006671875 0.853515625 0.7117432984375001 0.865234375 0.72348339375
0 0.8710937484375 0.6765230109375 0.876953125 0.65597784375 0.8623046875 0.6398352125 0.8554687484375 0.661847890625 0.8710937484375 0.6765230109375
0 0.8867187484375 0.6383677 0.892578125 0.632497653125 0.8896484375 0.613419996875 0.876953125 0.6236925796875 0.8867187484375 0.6383677
0 0.796875 0.6413027234374999 0.798828125 0.65597784375 0.8125 0.664782915625 0.818359375 0.6530428203125 0.8154296875 0.61929004375 0.796875 0.6413027234374999
0 0.859375 0.6002123874999999 0.857421875 0.5796672218750001 0.8466796875 0.5723296609374999 0.84375 0.5943423421875 0.859375 0.6002123874999999
0 0.888671875 0.5914073171875 0.8945312515625 0.567927125 0.8837890625 0.55471951875 0.876953125 0.5796672218750001 0.888671875 0.5914073171875
0 0.7851562515625 0.7352234890625 0.7890625 0.714678321875 0.7763671875 0.6985356890625 0.7695312515625 0.72641841875 0.7851562515625 0.7352234890625
0 0.7236328125 0.6867955953125 0.720703125 0.7058732484375 0.7382812515625 0.71761334375 0.7421875 0.694133153125 0.7353515625 0.6838605703125 0.7236328125 0.6867955953125
0 0.8890625 0.378125 0.0203125 0.0375
0 0.8875 0.33203125 0.0203125 0.034375
0 0.8984375 0.29203487968749997 0.8984375 0.3184500921875 0.904296875 0.3243201421875 0.9140625 0.303774975 0.9091796875 0.2846973203125 0.8984375 0.29203487968749997
0 0.7421875 0.3243201421875 0.7421875 0.2979049265625 0.7294921875 0.296437415625 0.7265625 0.312580046875 0.7421875 0.3243201421875
0 0.7890625 0.309645021875 0.7861328125 0.29056736562499996 0.7695312515625 0.29496990156249997 0.7763671875 0.3111125359375 0.7890625 0.309645021875
0 0.7470703125 0.413838371875 0.740234375 0.4417210984375 0.7617187484375 0.45346119375000005 0.7695312515625 0.4417210984375 0.7695312515625 0.42117593124999997 0.7470703125 0.413838371875
0 0.658203125 0.42704597812499995 0.6679687484375 0.40063076249999996 0.6513671875 0.38155310937500003 0.642578125 0.4065008109375 0.658203125 0.42704597812499995
0 0.701171875 0.40063076249999996 0.703125 0.3800855953125 0.6845703125 0.3727480359375 0.6835937484375 0.39476071562500004 0.701171875 0.40063076249999996
0 0.611328125 0.5062916234375 0.6220703125 0.528304303125 0.6367187484375 0.5297718140625001 0.638671875 0.509226646875 0.6318359375 0.498954065625 0.611328125 0.5062916234375
0 0.642578125 0.5033566015625001 0.6494140625 0.5194992328125 0.6640625 0.51803171875 0.669921875 0.48868148125 0.6552734375 0.478408896875 0.642578125 0.5033566015625001
0 0.607421875 0.479876409375 0.6044921875 0.4578637296875 0.591796875 0.45933124062499997 0.5966796875 0.4813439203125 0.607421875 0.479876409375
0 0.5380859375 0.35513789375 0.53125 0.38595564531250004 0.544921875 0.397695740625 0.5537109375 0.3962282265625 0.560546875 0.3742155484375 0.5380859375 0.35513789375
0 0.552734375 0.39476071562500004 0.5585937484375 0.3742155484375 0.5380859375 0.35807291874999997 0.533203125 0.391825690625 0.552734375 0.39476071562500004
0 0.470703125 0.22159430625 0.46875 0.24800951875 0.4804687484375 0.25681459218749997 0.4882812515625 0.2303993765625 0.4775390625 0.2142567453125 0.470703125 0.22159430625
0 0.3046875 0.27148971093749996 0.310546875 0.24800951875 0.2978515625 0.243606984375 0.2890625 0.2685546890625 0.3046875 0.27148971093749996
0 0.34375 0.24800951875 0.3466796875 0.267087175 0.359375 0.26561966406250004 0.3671875 0.25681459218749997 0.3642578125 0.2406719625 0.34375 0.24800951875
0 0.3828125 0.2069191859375 0.3867187484375 0.2333344015625 0.404296875 0.2392044484375 0.412109375 0.2039841609375 0.3876953125 0.199581625 0.3828125 0.2069191859375
0 0.515625 0.16582885 0.521484375 0.1482187078125 0.5107421875 0.13794612343749998 0.5039062515625 0.1482187078125 0.515625 0.16582885
0 0.5351562515625 0.1335435875 0.548828125 0.1188684671875 0.5380859375 0.0968557890625 0.529296875 0.10419335 0.5351562515625 0.1335435875
0 0.5429687484375 0.07484310937500001 0.5478515625 0.0440253578125 0.5273437484375 0.0542979421875 0.5322265625 0.0733755984375 0.5429687484375 0.07484310937500001
0 0.5195312515625 0.0044025359375 0.5244140625 0.020545167187499998 0.537109375 0.0220126796875 0.5429687484375 0.01614263125 0.5400390625 0 0.5195312515625 0.0044025359375
0 0.4375 0.1394136359375 0.439453125 0.1188684671875 0.4287109375 0.11446593125 0.4257812515625 0.13647861249999999 0.4375 0.1394136359375
0 0.4765625 0.1335435875 0.482421875 0.1188684671875 0.4677734375 0.1085958859375 0.4648437484375 0.127673540625 0.4765625 0.1335435875
0 0.3515625 0.06310301406249999 0.3554687484375 0.042557846875 0.3466796875 0.0381553109375 0.3398437484375 0.0572329671875 0.3515625 0.06310301406249999
0 0.375 0.0572329671875 0.380859375 0.039622821875000006 0.3701171875 0.0322852625 0.3671875 0.05136291875 0.375 0.0572329671875
0 0.279296875 0.06603803750000001 0.28125 0.04842789375 0.2666015625 0.0381553109375 0.263671875 0.0601679890625 0.279296875 0.06603803750000001
0 0.201171875 0.0220126796875 0.2060546875 0 0.1835937484375 0.007337559374999999 0.1865234375 0.023480190625 0.201171875 0.0220126796875
0 0.03125 0.190625 0.0171875 0.0375
0 0.072265625 0.168763875 0.076171875 0.1540887546875 0.0673828125 0.14968621875000002 0.060546875 0.16582885 0.072265625 0.168763875
0 0.095703125 0.1129984203125 0.1005859375 0.1232710046875 0.111328125 0.1218034921875 0.115234375 0.10712837187499999 0.1025390625 0.093920765625 0.095703125 0.1129984203125
0 0.046875 0.3331252125 0.0507812515625 0.312580046875 0.0341796875 0.3023074625 0.0273437484375 0.3213851171875 0.046875 0.3331252125
0 0.0390625 0.277359759375 0.044921875 0.2626846390625 0.0341796875 0.2494770328125 0.025390625 0.27148971093749996 0.0390625 0.277359759375
0 0.048828125 0.4974865515625 0.052734375 0.479876409375 0.0419921875 0.47253885 0.037109375 0.49455152656249995 0.048828125 0.4974865515625
0 0.078125 0.45346119375000005 0.0859375 0.43585104843750005 0.0712890625 0.42557846718750003 0.06640625156249999 0.4417210984375 0.078125 0.45346119375000005
0 0.076171875 0.5826022453124999 0.083984375 0.5561870296875 0.0712890625 0.53417435 0.0585937484375 0.5737971749999999 0.076171875 0.5826022453124999
0 0.087890625 0.78805391875 0.08203125156249999 0.7645737265625 0.0673828125 0.7513661203125 0.0517578125 0.7543011453124999 0.044921875 0.7645737265625 0.0507812515625 0.78805391875 0.07421874843750001 0.8027290375 0.087890625 0.78805391875
0 0.32734375 0.68125 0.0234375 0.034375
0 0.34375 0.694133153125 0.3505859375 0.713210809375 0.359375 0.714678321875 0.365234375 0.6706529625 0.3525390625 0.6574453546875 0.34375 0.694133153125
0 0.283203125 0.7058732484375 0.291015625 0.6823930578125 0.2783203125 0.672120475 0.271484375 0.697068178125 0.283203125 0.7058732484375
0 0.4189453125 0.8981173171875 0.4140625 0.8937147781249999 0.416015625 0.9083898984375001 0.427734375 0.89077975625 0.4228515625 0.883442196875 0.4189453125 0.8981173171875
0 0.470703125 0.8496894203125 0.466796875 0.8291442546875001 0.4384765625 0.82474171875 0.4296875 0.843819375 0.431640625 0.864364540625 0.4443359375 0.877572146875 0.458984375 0.8761046359375 0.470703125 0.8496894203125
0 0.4726562515625 0.905454875 0.4794921875 0.9215975078125 0.4921875 0.9201299953125 0.498046875 0.8937147781249999 0.4833984375 0.8805071718749999 0.4726562515625 0.905454875
0 0.537109375 0.9201299953125 0.546875 0.905454875 0.5322265625 0.8922472671874999 0.525390625 0.9113249234374999 0.537109375 0.9201299953125
0 0.564453125 0.864364540625 0.568359375 0.84088435 0.5556640625 0.830611765625 0.548828125 0.8555594703124999 0.564453125 0.864364540625
0 0.50078125 0.590625 0.0171875 0.03125
0 0.548828125 0.57086215 0.5283203125 0.5635245906249999 0.525390625 0.5943423421875 0.5322265625 0.613419996875 0.541015625 0.6119524843749999 0.5507812515625 0.6031474125 0.548828125 0.57086215
0 0.4335937484375 0.3771505703125 0.443359375 0.3830206203125 0.4443359375 0.3727480359375 0.4335937484375 0.3771505703125
0 0.4609375 0.3595404296875 0.470703125 0.3683455 0.4716796875 0.35807291874999997 0.4609375 0.3595404296875
0 0.4101562515625 0.4035657875 0.4179687484375 0.4035657875 0.4130859375 0.38742315625 0.4101562515625 0.4035657875
0 0.3671875 0.3800855953125 0.376953125 0.38595564531250004 0.3779296875 0.3727480359375 0.3671875 0.3800855953125
0 0.482421875 0.3595404296875 0.498046875 0.3742155484375 0.4912109375 0.35220286875 0.482421875 0.3595404296875
0 0.3710937484375 0.3478003328125 0.373046875 0.3360602375 0.3662109375 0.3316577015625 0.361328125 0.3478003328125 0.3710937484375 0.3478003328125
0 0.435546875 0.424110953125 0.4306640625 0.40209827656249997 0.421875 0.4065008109375 0.4287109375 0.42557846718750003 0.435546875 0.424110953125
0 0.416015625 0.365410475 0.4140625 0.344865309375 0.4072265625 0.3404627734375 0.4023437484375 0.3595404296875 0.416015625 0.365410475
0 0.3242187484375 0.3536703796875 0.3242187484375 0.37128052500000003 0.3398437484375 0.3800855953125 0.353515625 0.341930284375 0.3486328125 0.3345927265625 0.3242187484375 0.3536703796875
0 0.287109375 0.45933124062499997 0.2890625 0.43585104843750005 0.2763671875 0.42851349218749996 0.2734375 0.45346119375000005 0.287109375 0.45933124062499997
0 0.337890625 0.4681363140625 0.341796875 0.4475911453125 0.3310546875 0.440253584375 0.326171875 0.462266265625 0.337890625 0.4681363140625
0 0.359375 0.5591220546875 0.361328125 0.550316984375 0.3525390625 0.5459144484375 0.3515625 0.5591220546875 0.359375 0.5591220546875
0 0.3984375 0.5884722921875001 0.400390625 0.57086215 0.3916015625 0.5664596140625 0.3867187484375 0.5855372703125 0.3984375 0.5884722921875001
0 0.3632812515625 0.6236925796875 0.3671875 0.6060824375 0.3564453125 0.6016799015625 0.353515625 0.6207575578125 0.3632812515625 0.6236925796875
0 0.3398437484375 0.5591220546875 0.341796875 0.5385768875 0.3330078125 0.5312393281250001 0.328125 0.5591220546875 0.3398437484375 0.5591220546875
0 0.140625 0.9406751609375 0.1484375 0.9436101859375 0.158203125 0.9348051140625 0.15625 0.9171949703125 0.1679687484375 0.899584828125 0.1591796875 0.8863772187500001 0.1484375 0.8937147781249999 0.150390625 0.905454875 0.1367187484375 0.92306501875 0.140625 0.9406751609375
0 0.1162109375 0.936272625 0.1044921875 0.936272625 0.095703125 0.95535028125 0.09765625156249999 0.9788304734375 0.109375 0.984700521875 0.123046875 0.9612203312500001 0.1162109375 0.936272625
0 0.0585937484375 0.8849097078125 0.06640625156249999 0.8878447328125001 0.0634765625 0.8746371249999999 0.0585937484375 0.8849097078125
0 0.0507812515625 0.92306501875 0.052734375 0.905454875 0.0458984375 0.9010523390625 0.041015625 0.9171949703125 0.0507812515625 0.92306501875
0 0.0078125 0.9935055921875 0.017578125 0.9729604265624999 0.0009765625 0.9597528171875 0 0.9905705687499999 0.0078125 0.9935055921875
0 0.0546875 0.864364540625 0.0585937484375 0.84088435 0.0400390625 0.8335467890625001 0.041015625 0.861429515625 0.0546875 0.864364540625
0 0.072265625 0.729353440625 0.07421874843750001 0.714678321875 0.0654296875 0.7102757875 0.060546875 0.72641841875 0.072265625 0.729353440625
0 0.11328125156249999 0.6823930578125 0.1162109375 0.6956006671875 0.123046875 0.694133153125 0.1289062515625 0.6823930578125 0.1240234375 0.6691854515625 0.11328125156249999 0.6823930578125
0 0.1181640625 0.6339651640625 0.11328125156249999 0.65597784375 0.126953125 0.664782915625 0.138671875 0.6471727703125 0.1318359375 0.6339651640625 0.1181640625 0.6339651640625
0 0.013671875 0.7792488468750001 0.019531251562499997 0.7528336312499999 0.0087890625 0.7454960703125 0.0039062515625 0.7733787999999999 0.013671875 0.7792488468750001
0 0.453125 0.7381585140625 0.4570312515625 0.72348339375 0.4404296875 0.7161458328125 0.439453125 0.7352234890625 0.453125 0.7381585140625
0 0.529296875 0.6735879859375 0.529296875 0.694133153125 0.541015625 0.7000032015625 0.546875 0.68532808125 0.5380859375 0.6662504265625 0.529296875 0.6735879859375
0 0.587890625 0.72641841875 0.59375 0.7117432984375001 0.5810546875 0.7073407625 0.578125 0.7205483687500001 0.587890625 0.72641841875
0 0.5898437484375 0.6794580359375 0.591796875 0.661847890625 0.5810546875 0.65451033125 0.578125 0.6765230109375 0.5898437484375 0.6794580359375
0 0.6210937484375 0.8937147781249999 0.6328125 0.896649803125 0.6240234375 0.8717021015625 0.6210937484375 0.8937147781249999
0 0.5625 0.905454875 0.5664062515625 0.9201299953125 0.580078125 0.92600004375 0.578125 0.899584828125 0.5673828125 0.8981173171875 0.5625 0.905454875
0 0.646484375 0.9348051140625 0.6484375 0.9201299953125 0.6376953125 0.915727459375 0.6367187484375 0.9318700906249999 0.646484375 0.9348051140625
0 0.6640625 0.9612203312500001 0.6689453125 0.9773629625 0.6757812515625 0.9758954484375 0.681640625 0.9612203312500001 0.6708984375 0.9450777 0.6640625 0.9612203312500001
0 0.7539062515625 0.9113249234374999 0.7568359375 0.8951822921874999 0.7382812515625 0.896649803125 0.7451171875 0.9127924343749999 0.7539062515625 0.9113249234374999
0 0.734375 0.861429515625 0.736328125 0.843819375 0.7216796875 0.8364818140624999 0.71875 0.8526244453125 0.734375 0.861429515625
0 0.7929687484375 0.867299565625 0.796875 0.843819375 0.7841796875 0.8394168359374999 0.78125 0.861429515625 0.7929687484375 0.867299565625
0 0.71875 0.6090174625 0.71875 0.6207575578125 0.732421875 0.629562628125 0.7460937484375 0.6090174625 0.7412109375 0.59287483125 0.71875 0.6090174625
0 0.6289062515625 0.6413027234374999 0.638671875 0.6471727703125 0.6337890625 0.6310301390624999 0.6289062515625 0.6413027234374999
0 0.638671875 0.626627603125 0.640625 0.6148875078125 0.6337890625 0.6075499484375 0.630859375 0.6178225328125 0.638671875 0.626627603125
0 0.625 0.661847890625 0.626953125 0.6501077953125 0.6181640625 0.642770234375 0.615234375 0.65597784375 0.625 0.661847890625
0 0.3623046875 0.85702698125 0.3671875 0.8702345875 0.369140625 0.8584944921875 0.3623046875 0.85702698125
0 0.326171875 0.89077975625 0.330078125 0.8761046359375 0.3212890625 0.8687670765625001 0.314453125 0.8878447328125001 0.326171875 0.89077975625
0 0.361328125 0.8203391828125 0.369140625 0.8232742046875 0.3642578125 0.8130016234375 0.361328125 0.8203391828125
0 0.279296875 0.78805391875 0.291015625 0.7939239671875 0.2861328125 0.7836513828125 0.279296875 0.78805391875
0 0.310546875 0.7909889421875 0.318359375 0.7997940140625001 0.3154296875 0.7807163609375001 0.310546875 0.7909889421875
0 0.3164062515625 0.8027290375 0.3242187484375 0.7909889421875 0.3193359375 0.7777813359375 0.3085937484375 0.7909889421875 0.3164062515625 0.8027290375
0 0.2851562515625 0.8085990875 0.2929687484375 0.7997940140625001 0.2900390625 0.7836513828125 0.275390625 0.7939239671875 0.2851562515625 0.8085990875
0 0.3125 0.7675087515625 0.314453125 0.744028559375 0.2998046875 0.739626025 0.298828125 0.7616387046875001 0.3125 0.7675087515625
0 0.333984375 0.92600004375 0.341796875 0.92600004375 0.3388671875 0.918662484375 0.333984375 0.92600004375
0 0.40625 0.9524152562499999 0.412109375 0.9524152562499999 0.4072265625 0.936272625 0.40625 0.9524152562499999
0 0.287109375 0.964155353125 0.294921875 0.964155353125 0.2900390625 0.9509477453124999 0.287109375 0.964155353125
0 0.2734375 0.9289350656250001 0.279296875 0.9142599484374999 0.2666015625 0.9069223875000001 0.263671875 0.92600004375 0.2734375 0.9289350656250001
0 0.3867187484375 0.9700254015625 0.390625 0.95535028125 0.3779296875 0.9480127218750001 0.3710937484375 0.964155353125 0.3867187484375 0.9700254015625
0 0.205078125 0.6765230109375 0.208984375 0.661847890625 0.2021484375 0.65451033125 0.1953125 0.6706529625 0.205078125 0.6765230109375
0 0.189453125 0.6207575578125 0.1943359375 0.6310301390624999 0.205078125 0.629562628125 0.208984375 0.6119524843749999 0.1962890625 0.6016799015625 0.189453125 0.6207575578125
0 0.326171875 0.189309040625 0.3359375 0.19811411406249999 0.3349609375 0.1849065046875 0.326171875 0.189309040625
0 0.2929687484375 0.1716988984375 0.2958984375 0.18197148125 0.306640625 0.1805039703125 0.310546875 0.168763875 0.3017578125 0.1584912890625 0.2929687484375 0.1716988984375
0 0.365234375 0.1805039703125 0.3564453125 0.173166409375 0.345703125 0.18637401874999998 0.3476562515625 0.2010491359375 0.3554687484375 0.2039841609375 0.365234375 0.195179090625 0.365234375 0.1805039703125
0 0.16953125 0.42734375 0.028125 0.053125
0 0.103125 0.42734375 0.0203125 0.0375
0 0.1015625 0.39609375 0.028125 0.0328125
0 0.078125 0.29921875 0.0265625 0.03125
0 0.08828125 0.2671875 0.021875 0.028125
0 0.15546875 0.7890625 0.025 0.0375
0 0.1125 0.73828125 0.021875 0.0453125
0 0.209375 0.7234375 0.0203125 0.059375
0 0.38984375 0.1109375 0.01875 0.0359375
0 0.35234375 0.115625 0.0234375 0.0390625
0 0.5875 0.33984375 0.0234375 0.034375
0 0.51171875 0.4921875 0.0234375 0.034375
0 0.5140625 0.54375 0.0296875 0.046875
0 0.79921875 0.3921875 0.0375 0.0765625
0 0.9484375 0.71953125 0.0109375 0.0375
0 0.91796875 0.73671875 0.028125 0.0359375
0 0.4203125 0.5421875 0.0125 0.0265625
0 0.44375 0.5390625 0.01875 0.0328125
0 0.45546875 0.4984375 0.025 0.028125
0 0.40234375 0.53046875 0.01875 0.0328125
0 0.2875 0.6578125 0.025 0.03125
0 0.30703125 0.6390625 0.028125 0.0328125
0 0.16640625 0.27265625 0.025 0.04375
0 0.10546875 0.29609375 0.0140625 0.0234375
0 0.21875 0.24921875 0.021875 0.0296875
0 0.16484375 0.12578125 0.01875 0.034375
0 0.4890625 0.31484375 0.021875 0.04375
0 0.70234375 0.27265625 0.0234375 0.025
0 0.94296875 0.215625 0.021875 0.0296875
0 0.94609375 0.31875 0.0234375 0.0328125
0 0.82109375 0.4921875 0.0265625 0.0453125
0 0.7921875 0.45390625 0.0234375 0.034375
0 0.63671875 0.790625 0.025 0.0453125
0 0.74296875 0.5359375 0.03125 0.053125
0 0.76953125 0.584375 0.021875 0.040625