0 0.1046875 0.56875 0.0625 0.134375
0 0.16875 0.9546875 0.053125 0.090625
0 0.45234375 0.58046875 0.053125 0.090625
0 0.43515625 0.4828125 0.0640625 0.1140625
0 0.46015625 0.34140625 0.0390625 0.09375
0 0.49765625 0.66484375 0.053125 0.1203125
0 0.64140625 0.75390625 0.0484375 0.1125
0 0.846875 0.60703125 0.0453125 0.1421875
0 0.61796875 0.53125 0.06875 0.1171875
0 0.67109375 0.57578125 0.0546875 0.0578125
0 0.6640625 0.45859375 0.0421875 0.1078125
0 0.6734375 0.29375 0.0625 0.128125
0 0.684375 0.196875 0.0546875 0.128125
0 0.06328125 0.38203125 0.05 0.0828125
0 0.13125 0.3796875 0.04375 0.084375
0 0.13125 0.27265625 0.0484375 0.09375