0 0.678125 0.1609375 0.0828125 0.1625
0 0.5625 0.11484375 0.06875 0.165625
0 0.4203125 0.06640625 0.078125 0.1328125
0 0.26875 0.04921875 0.0609375 0.096875
0 0.375 0.309375 0.0578125 0.10625
0 0.37578125 0.23125 0.04375 0.0765625
0 0.15703125 0.26796875 0.0359375 0.084375
0 0.19453125 0.24765625 0.0484375 0.1
0 0.1359375 0.1953125 0.040625 0.0875
0 0.5140625 0.54921875 0.0484375 0.10625
0 0.4796875 0.75390625 0.078125 0.1109375
0 0.6671875 0.85 0.0828125 0.140625
0 0.65078125 0.5828125 0.059375 0.125
0 0.70078125 0.71953125 0.05 0.0671875
0 0.71015625 0.63671875 0.05625 0.0953125
0 0.59921875 0.32578125 0.04375 0.09375
0 0.6953125 0.4609375 0.0328125 0.0671875
0 0.64921875 0.37421875 0.0359375 0.084375
0 0.6890625 0.39296875 0.0484375 0.065625
0 0.69765625 0.328125 0.06875 0.0953125
0 0.715625 0.52890625 0.0421875 0.0640625
0 0.85625 0.16015625 0.0484375 0.10625
0 0.75859375 0.090625 0.065625 0.1203125
0 0.69296875 0.02734375 0.0546875 0.0546875
0 0.3984375 0.46171875 0.0484375 0.0828125
0 0.29453125 0.51875 0.04375 0.071875
0 0.0734375 0.546875 0.0625 0.08125
0 0.41328125 0.9125 0.04375 0.0796875