0 0.21328125 0.659375 0.1203125 0.0546875
0 0.22890625 0.6546875 0.1125 0.059375
0 0.15390625 0.925 0.1078125 0.0546875
0 0.23515625 0.97109375 0.1421875 0.0578125
0 0.94921875 0.859375 0.1 0.059375
0 0.81171875 0.7265625 0.075 0.046875
0 0.92265625 0.6796875 0.096875 0.0359375
0 0.96328125 0.74375 0.0734375 0.075
0 0.915625 0.58671875 0.0875 0.065625
0 0.62421875 0.4515625 0.0953125 0.065625
0 0.30625 0.48359375 0.1234375 0.06875
0 0.259375 0.3765625 0.125 0.0640625
0 0.28515625 0.7078125 0.1265625 0.071875
0 0.49609375 0.615625 0.0921875 0.0671875
0 0.75 0.30859375 0.1015625 0.0734375
0 0.94609375 0.34375 0.1078125 0.059375
0 0.78046875 0.2171875 0.125 0.065625
0 0.6234375 0.0703125 0.125 0.071875
0 0.259375 0.22578125 0.103125 0.08125
0 0.5515625 0.809375 0.09375 0.075
0 0.63515625 0.9015625 0.090625 0.075