0 0.4625 0.75859375 0.0640625 0.1265625
0 0.18984375 0.6140625 0.0640625 0.0875
0 0.23984375 0.52734375 0.0484375 0.1125
0 0.2453125 0.5734375 0.06875 0.09375
0 0.33515625 0.0640625 0.0703125 0.1046875
0 0.3828125 0.1296875 0.053125 0.0875
0 0.5015625 0.215625 0.0640625 0.0890625
0 0.49765625 0.26953125 0.0609375 0.09375
0 0.49765625 0.40859375 0.0609375 0.10625
0 0.578125 0.596875 0.0515625 0.09375
0 0.8171875 0.7140625 0.0515625 0.0859375
0 0.79765625 0.91015625 0.0671875 0.115625
0 0.95390625 0.4953125 0.0515625 0.084375
0 0.97421875 0.65859375 0.0515625 0.09375
0 0.621875 0.1125 0.0484375 0.046875
0 0.63671875 0.16328125 0.0484375 0.0796875
0 0.74609375 0.2390625 0.065625 0.090625
0 0.74375 0.3953125 0.0578125 0.0890625
0 0.36484375 0.8609375 0.0625 0.0765625
0 0.4765625 0.95078125 0.0421875 0.0671875
0 0.8015625 0.21328125 0.053125 0.0890625