0 0.66328125 0.28828125 0.0421875 0.0578125
0 0.7671875 0.22890625 0.0421875 0.075
0 0.9046875 0.44375 0.0515625 0.0765625
0 0.9171875 0.73359375 0.040625 0.078125
0 0.83359375 0.8234375 0.0390625 0.078125
0 0.6359375 0.58359375 0.071875 0.0625
0 0.6265625 0.47734375 0.046875 0.075
0 0.4515625 0.7390625 0.0484375 0.0625
0 0.45 0.63515625 0.05 0.075
0 0.37578125 0.6109375 0.0421875 0.065625
0 0.3796875 0.09375 0.05 0.05625
0 0.19921875 0.659375 0.0515625 0.0765625
0 0.14765625 0.6234375 0.053125 0.0671875
0 0.32734375 0.7828125 0.046875 0.0703125