0 0.78125 0.48984375 0.1046875 0.10625
0 0.45625 0.6390625 0.109375 0.075
0 0.26953125 0.5921875 0.10625 0.0609375
0 0.4578125 0.871875 0.1125 0.1296875
0 0.4453125 0.77421875 0.09375 0.0609375
0 0.30390625 0.74140625 0.10625 0.0828125
0 0.30234375 0.7359375 0.0859375 0.053125
0 0.2765625 0.678125 0.0671875 0.0546875
0 0.778125 0.7890625 0.096875 0.1078125
0 0.6734375 0.69375 0.0875 0.078125
0 0.73984375 0.38671875 0.10625 0.1078125
0 0.54375 0.0921875 0.090625 0.08125
0 0.41875 0.284375 0.1015625 0.15