0 0.44765625 0.14609375 0.065625 0.09375
0 0.05625 0.1125 0.065625 0.0765625
0 0.671875 0.38046875 0.0421875 0.09375
0 0.7640625 0.31328125 0.05625 0.0828125
0 0.97265625 0.31796875 0.0546875 0.0921875
0 0.41328125 0.36484375 0.0515625 0.0828125
0 0.35234375 0.821875 0.0453125 0.0890625
0 0.6734375 0.90859375 0.0515625 0.103125
0 0.63125 0.78203125 0.0546875 0.0828125
0 0.92890625 0.834375 0.04375 0.1140625
0 0.89765625 0.6375 0.046875 0.065625
0 0.4375 0.053125 0.05 0.10625
0 0.4875 0.0453125 0.04375 0.090625