0 0.04296875 0.22578125 0.0859375 0.2015625
0 0.16953125 0.40546875 0.078125 0.15
0 0.20859375 0.509375 0.0734375 0.140625
0 0.20703125 0.653125 0.0796875 0.165625
0 0.28046875 0.6953125 0.0640625 0.134375
0 0.434375 0.69609375 0.08125 0.16875
0 0.37734375 0.34921875 0.0578125 0.1125
0 0.50546875 0.38828125 0.071875 0.1578125
0 0.38515625 0.434375 0.0546875 0.109375
0 0.5609375 0.53984375 0.0671875 0.128125
0 0.53046875 0.74765625 0.071875 0.1484375
0 0.74296875 0.76875 0.078125 0.1578125
0 0.96953125 0.6234375 0.0609375 0.1875
0 0.9359375 0.41171875 0.109375 0.1375
0 0.94140625 0.14765625 0.0703125 0.165625
0 0.7546875 0.378125 0.0859375 0.16875