0 0.71328125 0.17109375 0.078125 0.065625
0 0.49375 0.19609375 0.115625 0.06875
0 0.65 0.3125 0.103125 0.0609375
0 0.7734375 0.31875 0.084375 0.0546875
0 0.7546875 0.4953125 0.071875 0.06875
0 0.78046875 0.56484375 0.06875 0.04375
0 0.9640625 0.6265625 0.071875 0.06875
0 0.80625 0.64609375 0.075 0.0421875
0 0.4078125 0.57578125 0.090625 0.053125
0 0.334375 0.65625 0.090625 0.053125
0 0.046875 0.2984375 0.09375 0.0671875
0 0.06953125 0.46015625 0.0859375 0.0484375
0 0.11015625 0.39609375 0.0640625 0.046875
0 0.196875 0.39453125 0.08125 0.0734375
0 0.30859375 0.4125 0.05625 0.05
0 0.11328125 0.53359375 0.06875 0.0515625
0 0.1453125 0.4890625 0.08125 0.05
0 0.10859375 0.65859375 0.0703125 0.0453125
0 0.20234375 0.115625 0.0703125 0.0578125
0 0.25546875 0.05703125 0.071875 0.0609375
0 0.4203125 0.0421875 0.10625 0.046875
0 0.82734375 0.184375 0.0453125 0.0453125
0 0.87109375 0.17265625 0.053125 0.046875
0 0.1859375 0.33359375 0.08125 0.0515625
0 0.1796875 0.2765625 0.0890625 0.0578125
0 0.73359375 0.4015625 0.0625 0.0625
0 0.8171875 0.4109375 0.0625 0.05
0 0.865625 0.47578125 0.0546875 0.040625
0 0.88984375 0.4515625 0.0578125 0.0375
0 0.04296875 0.18203125 0.0859375 0.0625
0 0.546875 0.08515625 0.0578125 0.05625
0 0.7328125 0.89375 0.0875 0.0484375
0 0.96796875 0.8265625 0.0640625 0.05
0 0.0578125 0.86875 0.0671875 0.053125