0 0.58359375 0.1046875 0.05625 0.084375
0 0.74375 0.24765625 0.0375 0.065625
0 0.14453125 0.065625 0.04375 0.0671875
0 0.13828125 0.18125 0.0421875 0.0484375
0 0.17734375 0.34375 0.0375 0.0640625
0 0.1734375 0.4546875 0.0359375 0.059375
0 0.5484375 0.7703125 0.0421875 0.06875
0 0.8078125 0.72734375 0.0390625 0.0671875
0 0.659375 0.68203125 0.0453125 0.0671875
0 0.73359375 0.6703125 0.0421875 0.0734375
0 0.78125 0.41640625 0.0390625 0.06875
0 0.665625 0.42265625 0.0328125 0.05625
0 0.29609375 0.57890625 0.046875 0.065625
0 0.17421875 0.58359375 0.05625 0.075