0 0.23203125 0.27265625 0.040625 0.0421875
0 0.278125 0.228125 0.059375 0.040625
0 0.146875 0.43203125 0.0578125 0.0390625
0 0.19375 0.40703125 0.059375 0.0390625
0 0.2921875 0.3765625 0.065625 0.053125
0 0.7125 0.30390625 0.0640625 0.053125
0 0.603125 0.4359375 0.0453125 0.0296875
0 0.38671875 0.44609375 0.0734375 0.0359375
0 0.353125 0.34140625 0.0546875 0.046875
0 0.7015625 0.25 0.0640625 0.03125
0 0.625 0.5296875 0.065625 0.0390625
0 0.4109375 0.53515625 0.075 0.034375
0 0.33671875 0.6375 0.059375 0.03125
0 0.36640625 0.603125 0.06875 0.03125
0 0.14375 0.35546875 0.0453125 0.04375
0 0.87734375 0.41484375 0.0703125 0.0421875
0 0.96640625 0.459375 0.0625 0.0375