0 0.39921875 0.684375 0.0578125 0.0921875
0 0.13046875 0.8734375 0.040625 0.0609375
0 0.1546875 0.7921875 0.053125 0.075
0 0.39296875 0.42421875 0.0484375 0.0828125
0 0.46484375 0.578125 0.0421875 0.0921875
0 0.5390625 0.58203125 0.046875 0.0828125
0 0.45390625 0.746875 0.0359375 0.071875
0 0.6546875 0.9640625 0.04375 0.071875
0 0.6578125 0.85625 0.0515625 0.0796875
0 0.75 0.8546875 0.034375 0.0765625
0 0.66171875 0.61796875 0.040625 0.0609375
0 0.65859375 0.53515625 0.046875 0.0859375
0 0.74609375 0.653125 0.0328125 0.0671875