0 0.04609375 0.4953125 0.078125 0.0578125
0 0.02578125 0.334375 0.0515625 0.059375
0 0.028125 0.27578125 0.05625 0.04375
0 0.05859375 0.2109375 0.0578125 0.0515625
0 0.26328125 0.07890625 0.0546875 0.040625
0 0.3328125 0.05703125 0.065625 0.0484375
0 0.67421875 0.07265625 0.1015625 0.053125
0 0.546875 0.053125 0.065625 0.0421875
0 0.9828125 0.12109375 0.034375 0.046875
0 0.88515625 0.5296875 0.0625 0.0484375
0 0.31953125 0.15390625 0.059375 0.040625
0 0.4734375 0.1890625 0.053125 0.0328125
0 0.5390625 0.19921875 0.0546875 0.03125
0 0.98046875 0.31875 0.0390625 0.03125
0 0.97734375 0.2109375 0.0453125 0.028125
0 0.79609375 0.32421875 0.0515625 0.0390625
0 0.9328125 0.47265625 0.06875 0.0375
0 0.22734375 0.69453125 0.0609375 0.04375
0 0.06953125 0.64296875 0.065625 0.046875
0 0.15546875 0.621875 0.08125 0.0390625
0 0.146875 0.53671875 0.06875 0.04375
0 0.15234375 0.44765625 0.0625 0.046875
0 0.40703125 0.765625 0.078125 0.059375
0 0.45859375 0.73984375 0.0625 0.0453125
0 0.77109375 0.79765625 0.065625 0.0390625
0 0.865625 0.83984375 0.0453125 0.046875
0 0.9203125 0.83203125 0.053125 0.040625
0 0.971875 0.8484375 0.05625 0.0359375
0 0.92890625 0.76171875 0.08125 0.034375
0 0.90234375 0.71015625 0.0578125 0.046875
0 0.90546875 0.640625 0.0515625 0.0453125
0 0.96171875 0.70390625 0.0515625 0.0453125
0 0.95078125 0.66484375 0.059375 0.0375