0 0.15859375 0.76640625 0.1203125 0.06875
0 0.30234375 0.840625 0.125 0.05625
0 0.0328125 0.7234375 0.065625 0.0734375
0 0.05703125 0.1625 0.1140625 0.078125
0 0.72890625 0.49765625 0.0953125 0.0671875
0 0.640625 0.36171875 0.1203125 0.075
0 0.85390625 0.8234375 0.1046875 0.0953125
0 0.9484375 0.93046875 0.103125 0.0765625
0 0.48125 0.66171875 0.0890625 0.0640625
0 0.48359375 0.83984375 0.1 0.0765625
0 0.51328125 0.95 0.0578125 0.0703125
0 0.5828125 0.8703125 0.090625 0.071875
0 0.60078125 0.97265625 0.078125 0.0546875
0 0.53125 0.7828125 0.0890625 0.065625
0 0.31328125 0.77109375 0.1234375 0.0734375
0 0.8828125 0.45078125 0.084375 0.0484375
0 0.5765625 0.4484375 0.090625 0.059375
0 0.5578125 0.5359375 0.0984375 0.0625
0 0.64453125 0.57734375 0.096875 0.05625
0 0.70390625 0.62421875 0.090625 0.0578125
0 0.82734375 0.60078125 0.078125 0.0546875
0 0.8859375 0.3625 0.0703125 0.0578125
0 0.67734375 0.05234375 0.0796875 0.0609375
0 0.0984375 0.4859375 0.1109375 0.0890625
0 0.08359375 0.2859375 0.1046875 0.065625
0 0.4453125 0.35234375 0.0953125 0.0625