0 0.2890625 0.1453125 0.109375 0.0953125
0 0.28828125 0.3296875 0.096875 0.053125
0 0.14765625 0.29140625 0.0703125 0.0734375
0 0.26953125 0.27890625 0.0546875 0.0453125
0 0.26015625 0.52109375 0.0875 0.075
0 0.1328125 0.5125 0.1 0.1359375
0 0.6421875 0.6625 0.065625 0.05625
0 0.75546875 0.66640625 0.0828125 0.0515625
0 0.71796875 0.9421875 0.0875 0.0515625
0 0.60859375 0.9234375 0.0609375 0.0484375
0 0.43515625 0.88515625 0.053125 0.0390625
0 0.39609375 0.71640625 0.078125 0.0671875
0 0.184375 0.85703125 0.0671875 0.0515625
0 0.19765625 0.6921875 0.0609375 0.046875
0 0.81953125 0.959375 0.05625 0.0453125
0 0.8890625 0.95078125 0.0546875 0.0453125
0 0.93828125 0.95390625 0.059375 0.0484375
0 0.9671875 0.87421875 0.05 0.0421875
0 0.8921875 0.84765625 0.05625 0.0515625
0 0.91875 0.778125 0.046875 0.05
0 0.93671875 0.61953125 0.0578125 0.0515625
0 0.65546875 0.5875 0.0515625 0.0421875
0 0.72109375 0.5859375 0.053125 0.0671875
0 0.665625 0.53125 0.065625 0.040625
0 0.60703125 0.43984375 0.059375 0.0453125
0 0.36796875 0.3421875 0.0640625 0.046875
0 0.67109375 0.08515625 0.0828125 0.05625
0 0.7671875 0.41328125 0.065625 0.04375