0 0.66328125 0.71171875 0.0421875 0.0578125
0 0.7671875 0.77109375 0.0421875 0.075
0 0.9046875 0.55625 0.0515625 0.0765625
0 0.9171875 0.26640625 0.040625 0.078125
0 0.83359375 0.1765625 0.0390625 0.078125
0 0.6359375 0.41640625 0.071875 0.0625
0 0.6265625 0.52265625 0.046875 0.075
0 0.4515625 0.2609375 0.0484375 0.0625
0 0.45 0.36484375 0.05 0.075
0 0.37578125 0.3890625 0.0421875 0.065625
0 0.3796875 0.90625 0.05 0.05625
0 0.19921875 0.340625 0.0515625 0.0765625
0 0.14765625 0.3765625 0.053125 0.0671875
0 0.32734375 0.2171875 0.046875 0.0703125