0 0.10390625 0.95859375 0.0671875 0.06875
0 0.2921875 0.97265625 0.06875 0.0546875
0 0.2921875 0.84453125 0.0625 0.05625
0 0.1484375 0.809375 0.0484375 0.0515625
0 0.03515625 0.79140625 0.05 0.059375
0 0.46171875 0.95078125 0.0875 0.0578125
0 0.4109375 0.7875 0.0578125 0.046875
0 0.4453125 0.85703125 0.065625 0.05625
0 0.28125 0.64375 0.0671875 0.0609375
0 0.30546875 0.721875 0.05 0.0453125
0 0.21484375 0.6921875 0.0796875 0.0546875
0 0.075 0.65390625 0.0734375 0.05625
0 0.4578125 0.67265625 0.0734375 0.05625
0 0.49140625 0.728125 0.0484375 0.040625
0 0.53046875 0.7875 0.0625 0.0671875
0 0.61015625 0.85078125 0.0625 0.0609375
0 0.64765625 0.81328125 0.046875 0.040625
0 0.81171875 0.95078125 0.0625 0.046875
0 0.88359375 0.85390625 0.0734375 0.075
0 0.89140625 0.7546875 0.0703125 0.0703125
0 0.97265625 0.77109375 0.0546875 0.0703125
0 0.615625 0.684375 0.0578125 0.0640625
0 0.67109375 0.70234375 0.0609375 0.05625
0 0.86171875 0.65234375 0.0546875 0.0734375
0 0.77734375 0.56640625 0.0578125 0.046875
0 0.60546875 0.58359375 0.0609375 0.059375
0 0.4734375 0.5109375 0.0671875 0.0609375
0 0.3515625 0.53984375 0.0640625 0.059375
0 0.36484375 0.60390625 0.0609375 0.053125
0 0.0453125 0.4875 0.0515625 0.05
0 0.053125 0.38125 0.0546875 0.05625
0 0.05546875 0.296875 0.0625 0.053125
0 0.028125 0.1453125 0.05625 0.065625
0 0.1015625 0.21796875 0.059375 0.065625
0 0.14375 0.53671875 0.0390625 0.04375
0 0.30625 0.4609375 0.0453125 0.0421875
0 0.3625 0.42890625 0.059375 0.05
0 0.31953125 0.31640625 0.0625 0.065625
0 0.271875 0.378125 0.0515625 0.0421875
0 0.178125 0.31953125 0.0390625 0.0421875
0 0.371875 0.275 0.05 0.0546875
0 0.4109375 0.35 0.0484375 0.0453125
0 0.45 0.37578125 0.0453125 0.05625
0 0.53671875 0.37421875 0.0640625 0.0625
0 0.56953125 0.446875 0.05625 0.065625
0 0.578125 0.2828125 0.0640625 0.0640625
0 0.440625 0.23125 0.046875 0.0515625
0 0.2578125 0.1734375 0.0453125 0.0515625
0 0.1328125 0.09921875 0.040625 0.05
0 0.21953125 0.0984375 0.040625 0.0453125
0 0.37734375 0.02890625 0.05 0.0578125
0 0.44375 0.06328125 0.0578125 0.0625
0 0.33671875 0.1125 0.0546875 0.0515625
0 0.66640625 0.18125 0.059375 0.0703125
0 0.71640625 0.3265625 0.0703125 0.0625
0 0.83515625 0.32578125 0.053125 0.059375
0 0.95625 0.390625 0.0625 0.0578125
0 0.94453125 0.1734375 0.0546875 0.0640625
0 0.9109375 0.03203125 0.05625 0.0640625
0 0.70546875 0.028125 0.0484375 0.05625
0 0.7328125 0.246875 0.059375 0.0546875
0 0.8203125 0.21171875 0.0546875 0.059375
0 0.8515625 0.13828125 0.0578125 0.053125