0 0.30546875 0.48515625 0.0671875 0.140625
0 0.340625 0.57265625 0.065625 0.15625
0 0.134375 0.68046875 0.090625 0.1703125
0 0.415625 0.734375 0.06875 0.16875
0 0.6421875 0.7234375 0.0546875 0.1625
0 0.73515625 0.709375 0.05625 0.125
0 0.71484375 0.93203125 0.08125 0.1359375
0 0.2390625 0.7859375 0.103125 0.15
0 0.38203125 0.9421875 0.0765625 0.115625
0 0.509375 0.94453125 0.075 0.1109375
0 0.6484375 0.19921875 0.071875 0.128125
0 0.51015625 0.23828125 0.06875 0.0875
0 0.64609375 0.2828125 0.084375 0.1328125
0 0.428125 0.3453125 0.0796875 0.128125
0 0.0546875 0.3890625 0.109375 0.2