0 0.1921875 0.67890625 0.0953125 0.246875
0 0.23984375 0.80390625 0.0625 0.14375
0 0.32734375 0.75546875 0.090625 0.1640625
0 0.428125 0.66484375 0.1046875 0.184375
0 0.5234375 0.72421875 0.09375 0.134375
0 0.6484375 0.73984375 0.1078125 0.15625
0 0.6046875 0.89609375 0.08125 0.1171875
0 0.421875 0.88515625 0.0640625 0.1046875
0 0.403125 0.5109375 0.1015625 0.19375
0 0.3328125 0.39375 0.065625 0.121875
0 0.15859375 0.23359375 0.0671875 0.1140625
0 0.0453125 0.31640625 0.0625 0.125
0 0.39375 0.16640625 0.0625 0.125
0 0.34453125 0.1953125 0.065625 0.1171875
0 0.44765625 0.11796875 0.071875 0.11875
0 0.528125 0.1078125 0.0671875 0.0875
0 0.48828125 0.32421875 0.0875 0.16875
0 0.58828125 0.33671875 0.09375 0.13125
0 0.58125 0.2171875 0.065625 0.109375
0 0.66640625 0.46484375 0.071875 0.128125
0 0.72421875 0.321875 0.071875 0.121875
0 0.86171875 0.36171875 0.0734375 0.10625
0 0.925 0.5734375 0.090625 0.1578125
0 0.95078125 0.23125 0.075 0.1234375