0 0.7046875 0.19609375 0.05 0.0828125
0 0.8 0.36953125 0.04375 0.0796875
0 0.9359375 0.3953125 0.0421875 0.0859375
0 0.42109375 0.4828125 0.0515625 0.08125
0 0.39296875 0.93984375 0.059375 0.090625
0 0.26328125 0.86328125 0.0421875 0.06875
0 0.1359375 0.5703125 0.0515625 0.075
0 0.109375 0.67265625 0.046875 0.0703125
0 0.0734375 0.36015625 0.046875 0.0734375
0 0.24140625 0.37421875 0.0453125 0.078125
0 0.2625 0.19453125 0.040625 0.0609375
0 0.6015625 0.3734375 0.040625 0.0640625
0 0.54140625 0.178125 0.040625 0.0734375
0 0.7578125 0.88671875 0.0546875 0.084375
0 0.78828125 0.78125 0.0484375 0.0734375
0 0.846875 0.89140625 0.0546875 0.0703125
0 0.6625 0.95703125 0.0515625 0.0734375
0 0.64375 0.7 0.0421875 0.0703125
0 0.84765625 0.51640625 0.0375 0.0703125