0 0.53125 0.35390625 0.0734375 0.1015625
0 0.30390625 0.33671875 0.09375 0.1125
0 0.1796875 0.3484375 0.0828125 0.075
0 0.21328125 0.259375 0.071875 0.0890625
0 0.29375 0.44453125 0.1078125 0.1046875
0 0.525 0.25078125 0.071875 0.109375
0 0.59140625 0.11328125 0.1296875 0.14375
0 0.93203125 0.4328125 0.090625 0.14375
0 0.82734375 0.325 0.0671875 0.109375
0 0.77890625 0.4546875 0.08125 0.1140625
0 0.84375 0.54609375 0.078125 0.078125
0 0.75546875 0.63203125 0.0796875 0.1046875
0 0.640625 0.62421875 0.0796875 0.0890625
0 0.66875 0.52578125 0.065625 0.0953125
0 0.6703125 0.41328125 0.0515625 0.0875
0 0.69765625 0.221875 0.0703125 0.0890625
0 0.84609375 0.21640625 0.0796875 0.1109375
0 0.9796875 0.2046875 0.040625 0.1296875
0 0.85390625 0.0625 0.0765625 0.103125
0 0.46015625 0.23515625 0.071875 0.0953125
0 0.40390625 0.4578125 0.09375 0.1078125
0 0.325 0.59921875 0.08125 0.10625
0 0.3953125 0.5609375 0.06875 0.0984375
0 0.11953125 0.10078125 0.0765625 0.128125
0 0.4890625 0.80703125 0.0796875 0.121875
0 0.6515625 0.84765625 0.0578125 0.078125
0 0.68359375 0.740625 0.075 0.0953125
0 0.87109375 0.76875 0.075 0.1140625