0 0.390625 0.95546875 0.0640625 0.0703125
0 0.9828125 0.86796875 0.034375 0.059375
0 0.91015625 0.83984375 0.0421875 0.0515625
0 0.9609375 0.70625 0.0375 0.0734375
0 0.95234375 0.7515625 0.0484375 0.0609375
0 0.975 0.55078125 0.05 0.0671875
0 0.9765625 0.60859375 0.046875 0.071875
0 0.98359375 0.63515625 0.0328125 0.0390625
0 0.921875 0.5984375 0.053125 0.040625
0 0.83046875 0.6140625 0.0421875 0.0671875
0 0.80625 0.6125 0.0359375 0.0671875
0 0.79921875 0.671875 0.046875 0.065625
0 0.86484375 0.65546875 0.05 0.0578125
0 0.82890625 0.76171875 0.0484375 0.0796875
0 0.7078125 0.71875 0.05 0.06875
0 0.6578125 0.59609375 0.0703125 0.0625
0 0.68203125 0.65078125 0.053125 0.0453125
0 0.95078125 0.509375 0.0671875 0.0609375
0 0.834375 0.42109375 0.0515625 0.065625
0 0.90703125 0.4796875 0.053125 0.0546875
0 0.73515625 0.47578125 0.059375 0.0703125
0 0.84609375 0.51796875 0.0546875 0.0609375
0 0.80859375 0.525 0.04375 0.0515625
0 0.60546875 0.409375 0.075 0.0703125
0 0.69375 0.30390625 0.0515625 0.0546875
0 0.76875 0.4 0.0703125 0.06875
0 0.82890625 0.1578125 0.0671875 0.0765625
0 0.93203125 0.2171875 0.0609375 0.059375
0 0.61953125 0.128125 0.0640625 0.0703125
0 0.71328125 0.0703125 0.05625 0.075
0 0.590625 0.028125 0.075 0.05625
0 0.640625 0.0265625 0.046875 0.053125
0 0.55546875 0.19296875 0.065625 0.1265625
0 0.45859375 0.44765625 0.0734375 0.096875
0 0.4921875 0.38984375 0.0609375 0.075
0 0.49296875 0.1984375 0.0578125 0.0671875
0 0.4578125 0.20390625 0.0578125 0.059375
0 0.46875 0.2453125 0.059375 0.059375
0 0.45625 0.30625 0.0546875 0.0703125
0 0.39765625 0.1828125 0.05 0.065625
0 0.32265625 0.121875 0.075 0.0984375
0 0.27578125 0.1703125 0.059375 0.0625
0 0.2171875 0.1640625 0.0546875 0.0765625
0 0.184375 0.034375 0.084375 0.06875
0 0.17265625 0.0953125 0.0625 0.08125
0 0.140625 0.1328125 0.0578125 0.0546875
0 0.05078125 0.046875 0.0484375 0.0765625
0 0.0265625 0.10390625 0.0484375 0.0703125
0 0.04140625 0.18359375 0.0640625 0.0859375
0 0.0890625 0.13984375 0.0609375 0.078125
0 0.0703125 0.25 0.0640625 0.071875
0 0.1125 0.27265625 0.0609375 0.0796875
0 0.16015625 0.30859375 0.0609375 0.0875
0 0.21171875 0.3171875 0.059375 0.0671875
0 0.16796875 0.50078125 0.0453125 0.065625
0 0.08203125 0.40625 0.040625 0.0703125
0 0.07578125 0.45 0.0625 0.0703125
0 0.12734375 0.39609375 0.0390625 0.0734375
0 0.33984375 0.45546875 0.0515625 0.078125
0 0.2984375 0.4359375 0.0453125 0.0703125
0 0.24140625 0.63828125 0.065625 0.0625
0 0.11171875 0.64609375 0.0421875 0.0671875
0 0.034375 0.64296875 0.0484375 0.0625
0 0.359375 0.60625 0.0765625 0.0671875