0 0.15390625 0.38515625 0.0609375 0.1125
0 0.07265625 0.36640625 0.0609375 0.0984375
0 0.16328125 0.5421875 0.0859375 0.1015625
0 0.03515625 0.55703125 0.0703125 0.10625
0 0.109375 0.67578125 0.0546875 0.1
0 0.15390625 0.67890625 0.04375 0.078125
0 0.16875 0.825 0.0640625 0.0921875
0 0.41484375 0.8703125 0.0796875 0.0828125
0 0.41875 0.81015625 0.075 0.0984375
0 0.540625 0.71796875 0.0515625 0.09375
0 0.6875 0.8734375 0.08125 0.0953125
0 0.703125 0.7578125 0.0546875 0.0921875
0 0.82421875 0.85078125 0.071875 0.0984375
0 0.8015625 0.75546875 0.059375 0.084375
0 0.97890625 0.68125 0.0421875 0.1140625
0 0.9703125 0.85859375 0.059375 0.0921875
0 0.9578125 0.5765625 0.0609375 0.0953125
0 0.82578125 0.5421875 0.059375 0.0984375
0 0.8140625 0.4125 0.0609375 0.0875
0 0.97265625 0.3625 0.0546875 0.08125
0 0.8078125 0.2171875 0.059375 0.1015625
0 0.68515625 0.14765625 0.0703125 0.0890625
0 0.49296875 0.18515625 0.059375 0.0953125
0 0.51796875 0.33984375 0.06875 0.0984375
0 0.13671875 0.23515625 0.0625 0.1140625