0 0.76796875 0.27265625 0.040625 0.0421875
0 0.721875 0.228125 0.059375 0.040625
0 0.853125 0.43203125 0.0578125 0.0390625
0 0.80625 0.40703125 0.059375 0.0390625
0 0.7078125 0.3765625 0.065625 0.053125
0 0.2875 0.30390625 0.0640625 0.053125
0 0.396875 0.4359375 0.0453125 0.0296875
0 0.61328125 0.44609375 0.0734375 0.0359375
0 0.646875 0.34140625 0.0546875 0.046875
0 0.2984375 0.25 0.0640625 0.03125
0 0.375 0.5296875 0.065625 0.0390625
0 0.5890625 0.53515625 0.075 0.034375
0 0.66328125 0.6375 0.059375 0.03125
0 0.63359375 0.603125 0.06875 0.03125
0 0.85625 0.35546875 0.0453125 0.04375
0 0.12265625 0.41484375 0.0703125 0.0421875
0 0.03359375 0.459375 0.0625 0.0375