0 0.946875 0.7046875 0.10625 0.18125
0 0.84609375 0.9140625 0.071875 0.1578125
0 0.81328125 0.4796875 0.0703125 0.15625
0 0.0765625 0.73203125 0.1265625 0.203125
0 0.6953125 0.590625 0.0953125 0.15625
0 0.59765625 0.57578125 0.10625 0.128125
0 0.71328125 0.46640625 0.115625 0.146875
0 0.64453125 0.47421875 0.0921875 0.1453125
0 0.49921875 0.04921875 0.109375 0.0984375
0 0.17890625 0.1890625 0.08125 0.1484375
0 0.54609375 0.56171875 0.053125 0.140625
0 0.4203125 0.91328125 0.0953125 0.1234375
0 0.3625 0.94140625 0.1 0.1171875
0 0.63671875 0.846875 0.1078125 0.1875