0 0.68984375 0.14296875 0.1765625 0.1859375
0 0.690625 0.3484375 0.09375 0.1140625
0 0.25859375 0.05078125 0.1015625 0.0890625
0 0.32421875 0.1328125 0.090625 0.071875
0 0.321875 0.04921875 0.0859375 0.0890625
0 0.40703125 0.16328125 0.0765625 0.084375
0 0.4109375 0.0796875 0.0734375 0.0765625
0 0.38125 0.0359375 0.0703125 0.071875
0 0.4984375 0.034375 0.0984375 0.06875
0 0.8359375 0.1359375 0.08125 0.0984375
0 0.85390625 0.053125 0.0828125 0.10625
0 0.95859375 0.1796875 0.071875 0.0921875
0 0.95 0.071875 0.0890625 0.1171875
0 0.71484375 0.9359375 0.159375 0.128125
0 0.86640625 0.928125 0.1609375 0.14375
0 0.48046875 0.71484375 0.1 0.103125
0 0.55390625 0.71484375 0.084375 0.103125
0 0.4296875 0.9421875 0.115625 0.115625
0 0.05703125 0.9453125 0.1140625 0.109375