0 0.9 0.33359375 0.078125 0.1390625
0 0.8046875 0.3578125 0.11875 0.1453125
0 0.9578125 0.47734375 0.084375 0.178125
0 0.49453125 0.728125 0.078125 0.125
0 0.496875 0.92265625 0.075 0.1546875
0 0.21875 0.33984375 0.071875 0.14375
0 0.15703125 0.43671875 0.0796875 0.10625
0 0.23984375 0.08125 0.0671875 0.1625
0 0.34296875 0.13203125 0.078125 0.1328125
0 0.60234375 0.68203125 0.05 0.115625
0 0.684375 0.91796875 0.0671875 0.13125
0 0.65546875 0.278125 0.0625 0.0859375
0 0.04765625 0.35 0.0546875 0.1140625
0 0.334375 0.4046875 0.09375 0.10625
0 0.909375 0.71015625 0.075 0.096875