0 0.36796875 0.1421875 0.0921875 0.1
0 0.13515625 0.09765625 0.1265625 0.11875
0 0.17890625 0.28671875 0.125 0.121875
0 0.16328125 0.50390625 0.1453125 0.1796875
0 0.146875 0.3796875 0.1203125 0.10625
0 0.13984375 0.728125 0.153125 0.16875
0 0.14765625 0.8703125 0.121875 0.1578125
0 0.31484375 0.64375 0.078125 0.084375
0 0.26328125 0.30703125 0.0828125 0.08125
0 0.55390625 0.296875 0.0890625 0.1078125
0 0.61953125 0.43671875 0.1203125 0.11875
0 0.6375 0.6046875 0.10625 0.1015625
0 0.64296875 0.69140625 0.0859375 0.10625
0 0.6828125 0.8546875 0.1484375 0.15625
0 0.82109375 0.73671875 0.1375 0.1546875
0 0.72265625 0.65703125 0.1046875 0.134375
0 0.9140625 0.6484375 0.1390625 0.1203125
0 0.79375 0.60390625 0.1109375 0.1375
0 0.88046875 0.534375 0.140625 0.1421875
0 0.76796875 0.5203125 0.1125 0.134375
0 0.69375 0.52578125 0.10625 0.1328125
0 0.83203125 0.415625 0.1375 0.1328125
0 0.72265625 0.4359375 0.14375 0.1375
0 0.634375 0.34375 0.103125 0.1171875
0 0.7609375 0.33203125 0.153125 0.1125
0 0.70390625 0.26796875 0.1015625 0.1109375
0 0.64296875 0.18046875 0.103125 0.090625
0 0.57578125 0.20234375 0.1015625 0.096875