0 0.671875 0.50703125 0.1671875 0.121875
0 0.56640625 0.63984375 0.1703125 0.09375
0 0.43046875 0.65078125 0.1640625 0.084375
0 0.43671875 0.72578125 0.0984375 0.084375
0 0.32890625 0.7453125 0.090625 0.0828125
0 0.13515625 0.825 0.103125 0.1125
0 0.56875 0.35 0.1328125 0.1109375
0 0.67734375 0.31796875 0.0921875 0.1125
0 0.90625 0.17734375 0.13125 0.1046875
0 0.91328125 0.34375 0.1734375 0.1296875
0 0.4953125 0.2109375 0.0890625 0.125
0 0.68671875 0.15078125 0.1390625 0.14375
0 0.434375 0.25390625 0.10625 0.0765625
0 0.46640625 0.35390625 0.10625 0.11875
0 0.7875 0.0765625 0.1296875 0.1484375
0 0.40546875 0.03515625 0.1359375 0.0703125