0 0.7296875 0.12265625 0.0578125 0.0453125
0 0.74609375 0.29453125 0.0578125 0.0390625
0 0.7328125 0.22578125 0.0640625 0.04375
0 0.63125 0.175 0.059375 0.04375
0 0.6296875 0.125 0.0625 0.0453125
0 0.74921875 0.4328125 0.05 0.040625
0 0.71171875 0.3625 0.0578125 0.0421875
0 0.5046875 0.6796875 0.05625 0.0421875
0 0.38359375 0.60546875 0.059375 0.046875
0 0.22734375 0.64375 0.059375 0.040625
0 0.57734375 0.775 0.0546875 0.0515625
0 0.5390625 0.81328125 0.0453125 0.0515625
0 0.48125 0.75546875 0.053125 0.046875