0 0.58125 0.2171875 0.0546875 0.1046875
0 0.54765625 0.28828125 0.0484375 0.09375
0 0.590625 0.11328125 0.0484375 0.0734375
0 0.578125 0.03046875 0.040625 0.0609375
0 0.5390625 0.0875 0.0421875 0.0671875
0 0.45546875 0.09453125 0.04375 0.0703125
0 0.4984375 0.159375 0.046875 0.084375
0 0.4578125 0.1796875 0.05 0.0828125
0 0.41953125 0.153125 0.04375 0.0640625
0 0.3671875 0.18828125 0.046875 0.08125
0 0.54765625 0.14296875 0.046875 0.075
0 0.52734375 0.23046875 0.046875 0.0734375
0 0.48203125 0.21953125 0.0359375 0.05625
0 0.5 0.35 0.040625 0.096875
0 0.5421875 0.65078125 0.0625 0.140625
0 0.48828125 0.621875 0.0640625 0.1234375
0 0.503125 0.4765625 0.040625 0.084375
0 0.4734375 0.52421875 0.0484375 0.0921875
0 0.55625 0.53828125 0.0421875 0.0859375
0 0.459375 0.71640625 0.05625 0.1109375
0 0.603125 0.678125 0.05 0.0703125
0 0.6796875 0.6796875 0.0453125 0.0921875
0 0.653125 0.81796875 0.0515625 0.096875
0 0.725 0.909375 0.0375 0.090625
0 0.64453125 0.92109375 0.0546875 0.10625
0 0.6109375 0.7875 0.040625 0.078125
0 0.5921875 0.8609375 0.040625 0.078125
0 0.5734375 0.7796875 0.0421875 0.06875
0 0.5109375 0.7890625 0.0421875 0.0578125
0 0.55234375 0.9078125 0.0375 0.075
0 0.50546875 0.8765625 0.0359375 0.078125
0 0.34921875 0.815625 0.040625 0.0765625
0 0.3453125 0.87578125 0.040625 0.084375
0 0.7671875 0.9359375 0.053125 0.08125