0 0.60625 0.71953125 0.046875 0.0765625
0 0.509375 0.88046875 0.0421875 0.065625
0 0.55859375 0.85859375 0.0375 0.065625
0 0.42890625 0.6359375 0.05625 0.0625
0 0.3390625 0.5625 0.0609375 0.065625
0 0.609375 0.19140625 0.065625 0.0734375
0 0.34765625 0.44296875 0.0453125 0.04375
0 0.1171875 0.69921875 0.04375 0.06875
0 0.15859375 0.62109375 0.0609375 0.0546875
0 0.6515625 0.62265625 0.0546875 0.059375
0 0.709375 0.4484375 0.053125 0.0640625
0 0.78984375 0.8609375 0.05625 0.0609375
0 0.04921875 0.5046875 0.0421875 0.0515625
0 0.19453125 0.196875 0.0546875 0.0625
0 0.2765625 0.15390625 0.0546875 0.0609375
0 0.86015625 0.17890625 0.0453125 0.0640625
0 0.93046875 0.390625 0.040625 0.0640625
0 0.92421875 0.79921875 0.05 0.0484375
0 0.9203125 0.696875 0.0421875 0.05625
0 0.53046875 0.4078125 0.0484375 0.059375
0 0.46328125 0.246875 0.0453125 0.040625