0 0.95546875 0.0828125 0.0890625 0.06875
0 0.9703125 0.0234375 0.059375 0.0421875
0 0.90390625 0.01328125 0.06875 0.0265625
0 0.69375 0.01953125 0.0859375 0.0390625
0 0.62109375 0.01796875 0.059375 0.03125
0 0.471875 0.0703125 0.0734375 0.0453125
0 0.53515625 0.0484375 0.0546875 0.0484375
0 0.32109375 0.04296875 0.0671875 0.0375
0 0.24375 0.0640625 0.05625 0.0390625
0 0.2515625 0.1796875 0.071875 0.040625
0 0.2171875 0.1453125 0.06875 0.0421875
0 0.18828125 0.075 0.075 0.04375
0 0.18203125 0.0375 0.0578125 0.034375
0 0.11328125 0.04375 0.0703125 0.0421875
0 0.33125 0.28203125 0.0640625 0.034375
0 0.2046875 0.2828125 0.059375 0.0359375
0 0.22265625 0.2484375 0.0578125 0.0484375
0 0.14140625 0.18125 0.0609375 0.046875
0 0.05390625 0.1546875 0.0765625 0.04375
0 0.96328125 0.1859375 0.0515625 0.0453125
0 0.85625 0.1546875 0.0515625 0.0484375
0 0.83671875 0.11953125 0.0484375 0.0359375
0 0.775 0.2515625 0.071875 0.0421875
0 0.79453125 0.18828125 0.05625 0.046875
0 0.7453125 0.12578125 0.065625 0.0375
0 0.93828125 0.39296875 0.075 0.0421875
0 0.971875 0.3390625 0.05625 0.0453125
0 0.88203125 0.37578125 0.0765625 0.046875
0 0.871875 0.3328125 0.0578125 0.03125
0 0.4734375 0.44140625 0.059375 0.05
0 0.49453125 0.38125 0.053125 0.0421875
0 0.41171875 0.3796875 0.059375 0.0453125
0 0.34140625 0.3640625 0.075 0.05
0 0.44921875 0.30625 0.0484375 0.040625
0 0.7171875 0.3203125 0.05625 0.046875
0 0.67734375 0.27578125 0.0640625 0.0390625
0 0.64296875 0.23046875 0.0703125 0.0375
0 0.8875 0.4953125 0.0703125 0.0453125
0 0.8140625 0.5359375 0.071875 0.0515625
0 0.84609375 0.47265625 0.0609375 0.040625
0 0.74453125 0.45390625 0.08125 0.0515625
0 0.66171875 0.4046875 0.0703125 0.053125
0 0.63984375 0.31875 0.0609375 0.0328125
0 0.59453125 0.25625 0.065625 0.0390625
0 0.35 0.4484375 0.0484375 0.0328125
0 0.27421875 0.44921875 0.0375 0.0421875
0 0.2765625 0.39375 0.075 0.0375
0 0.1578125 0.36640625 0.06875 0.0515625
0 0.0296875 0.3625 0.059375 0.053125
0 0.4421875 0.5515625 0.0625 0.0421875
0 0.21796875 0.5890625 0.0703125 0.04375
0 0.2109375 0.50703125 0.0671875 0.0390625
0 0.13671875 0.45859375 0.078125 0.0421875
0 0.05234375 0.4484375 0.0578125 0.0390625
0 0.625 0.55234375 0.084375 0.0484375
0 0.75546875 0.66328125 0.0640625 0.04375
0 0.7171875 0.63515625 0.0625 0.046875
0 0.9609375 0.63828125 0.078125 0.0453125
0 0.690625 0.725 0.0546875 0.028125
0 0.61015625 0.65 0.075 0.040625
0 0.53828125 0.6390625 0.0703125 0.0390625
0 0.440625 0.67890625 0.065625 0.05
0 0.31796875 0.5984375 0.0671875 0.0359375
0 0.41171875 0.7671875 0.065625 0.028125
0 0.2796875 0.73125 0.0796875 0.0390625
0 0.246875 0.69296875 0.0578125 0.0359375
0 0.15859375 0.6765625 0.075 0.0375
0 0.02109375 0.83984375 0.0421875 0.0453125
0 0.175 0.8234375 0.065625 0.0375
0 0.3375 0.91796875 0.0828125 0.040625
0 0.59453125 0.8375 0.053125 0.0296875