0 0.442804428125 0.5806451609375001 0.42435424375 0.39784946250000003 0.39483394843749997 0.354838709375 0.34317343125 0.3655913984375 0.30627306249999997 0.4301075265625 0.3099631 0.5215053765625 0.3800738 0.6182795703124999 0.4095940953125 0.6182795703124999 0.442804428125 0.5806451609375001
0 0.9741697421875 0.456989246875 0.9778597781249999 0.354838709375 0.9483394828125 0.3172043015625 0.9114391140625001 0.3225806453125 0.8782287828124999 0.39247311875 0.8782287828124999 0.456989246875 0.9188191874999999 0.5161290328125 0.95940959375 0.50537634375 0.9741697421875 0.456989246875
0 0.5867158671875 0.8225806453125 0.5867158671875 0.7688172046874999 0.560885609375 0.70967741875 0.5129151296875001 0.7204301078124999 0.479704796875 0.79032258125 0.479704796875 0.8333333328125001 0.5129151296875001 0.8924731187500001 0.5535055343749999 0.8817204296875 0.5867158671875 0.8225806453125
0 0.5984375 0.4328125 0.1015625 0.1296875
0 0.6484375 0.73515625 0.0625 0.1125
0 0.68203125 0.87109375 0.075 0.121875
0 0.85078125 0.9140625 0.0609375 0.1
0 0.76484375 0.8890625 0.0328125 0.0625
0 0.54453125 0.2328125 0.084375 0.1234375
0 0.55 0.07734375 0.0734375 0.1046875
0 0.3765625 0.06171875 0.16875 0.1234375
0 0.128125 0.509375 0.1203125 0.15625
0 0.325 0.71015625 0.1140625 0.16875
0 0.44453125 0.75546875 0.078125 0.0984375
0 0.571875 0.66796875 0.0546875 0.09375
0 0.528125 0.59609375 0.059375 0.0734375
0 0.696875 0.56640625 0.0703125 0.0625
0 0.76875 0.49453125 0.05 0.0859375
0 0.871875 0.51875 0.065625 0.078125
0 0.9328125 0.62734375 0.046875 0.075
0 0.809375 0.828125 0.0625 0.0875
0 0.97109375 0.05546875 0.0578125 0.1
0 0.05390625 0.95703125 0.084375 0.0859375