0 0.4625 0.24140625 0.0640625 0.1265625
0 0.18984375 0.3859375 0.0640625 0.0875
0 0.23984375 0.47265625 0.0484375 0.1125
0 0.2453125 0.4265625 0.06875 0.09375
0 0.33515625 0.9359375 0.0703125 0.1046875
0 0.3828125 0.8703125 0.053125 0.0875
0 0.5015625 0.784375 0.0640625 0.0890625
0 0.49765625 0.73046875 0.0609375 0.09375
0 0.49765625 0.59140625 0.0609375 0.10625
0 0.578125 0.403125 0.0515625 0.09375
0 0.8171875 0.2859375 0.0515625 0.0859375
0 0.79765625 0.08984375 0.0671875 0.115625
0 0.95390625 0.5046875 0.0515625 0.084375
0 0.97421875 0.34140625 0.0515625 0.09375
0 0.621875 0.8875 0.0484375 0.046875
0 0.63671875 0.83671875 0.0484375 0.0796875
0 0.74609375 0.7609375 0.065625 0.090625
0 0.74375 0.6046875 0.0578125 0.0890625
0 0.36484375 0.1390625 0.0625 0.0765625
0 0.4765625 0.04921875 0.0421875 0.0671875
0 0.8015625 0.78671875 0.053125 0.0890625