0 0.709375 0.6953125 0.04375 0.071875
0 0.60625 0.7703125 0.0515625 0.0859375
0 0.69609375 0.940625 0.0375 0.075
0 0.98203125 0.753125 0.0359375 0.084375
0 0.859375 0.20234375 0.04375 0.0609375
0 0.7703125 0.05234375 0.0421875 0.0609375
0 0.778125 0.14375 0.0515625 0.06875
0 0.70625 0.225 0.034375 0.0640625
0 0.6625 0.28828125 0.0421875 0.078125
0 0.53828125 0.15546875 0.046875 0.0625
0 0.3890625 0.05546875 0.040625 0.0515625
0 0.42265625 0.13125 0.0421875 0.0625
0 0.46328125 0.2078125 0.04375 0.0625
0 0.225 0.259375 0.0296875 0.0484375
0 0.278125 0.3109375 0.03125 0.05
0 0.07734375 0.146875 0.034375 0.053125
0 0.14140625 0.203125 0.0421875 0.0671875
0 0.215625 0.5828125 0.040625 0.0703125
0 0.38828125 0.6125 0.03125 0.0609375
0 0.3203125 0.7046875 0.034375 0.059375
0 0.46640625 0.40625 0.03125 0.053125
0 0.31875 0.2359375 0.0234375 0.0640625
0 0.015625 0.765625 0.03125 0.078125