0 0.58671875 0.16484375 0.053125 0.084375
0 0.53671875 0.20078125 0.0390625 0.0703125
0 0.50546875 0.1671875 0.0453125 0.075
0 0.55703125 0.62421875 0.05 0.09375
0 0.50546875 0.60078125 0.046875 0.078125
0 0.5203125 0.52734375 0.040625 0.0609375
0 0.60625 0.6078125 0.0578125 0.096875
0 0.56171875 0.49375 0.0421875 0.0671875
0 0.53046875 0.4484375 0.0453125 0.0734375
0 0.49453125 0.48125 0.0484375 0.096875
0 0.23515625 0.040625 0.053125 0.08125
0 0.1203125 0.2984375 0.04375 0.0703125
0 0.12265625 0.2453125 0.0421875 0.0703125
0 0.2046875 0.4359375 0.0390625 0.0640625
0 0.13203125 0.53203125 0.05 0.0703125
0 0.11640625 0.46171875 0.0484375 0.06875
0 0.11328125 0.6859375 0.05 0.0828125
0 0.11640625 0.59609375 0.0421875 0.0828125
0 0.13359375 0.83125 0.05625 0.09375
0 0.1359375 0.96875 0.0546875 0.0625
0 0.50078125 0.9328125 0.05 0.0734375
0 0.4953125 0.8265625 0.0390625 0.0640625
0 0.4390625 0.925 0.0515625 0.0796875
0 0.59765625 0.96875 0.0484375 0.0625