0 0.4078125 0.61953125 0.0390625 0.0640625
0 0.44609375 0.603125 0.05625 0.0890625
0 0.534375 0.6953125 0.053125 0.090625
0 0.53203125 0.78984375 0.0453125 0.0640625
0 0.58671875 0.83046875 0.0328125 0.059375
0 0.88125 0.7265625 0.05 0.0890625
0 0.79765625 0.58515625 0.06875 0.078125
0 0.73671875 0.2171875 0.040625 0.0640625
0 0.82578125 0.2296875 0.0453125 0.078125
0 0.940625 0.33359375 0.0359375 0.0578125
0 0.9515625 0.4296875 0.0421875 0.05625
0 0.95 0.71015625 0.034375 0.046875
0 0.1671875 0.4609375 0.06875 0.1015625
0 0.021875 0.628125 0.04375 0.078125
0 0.01640625 0.8265625 0.0328125 0.0640625
0 0.05703125 0.7609375 0.05 0.0703125
0 0.09140625 0.69140625 0.0390625 0.053125
0 0.15078125 0.63984375 0.0390625 0.0703125
0 0.0890625 0.79765625 0.05 0.0578125
0 0.1515625 0.76015625 0.0359375 0.0578125
0 0.20390625 0.559375 0.040625 0.0546875
0 0.24453125 0.60390625 0.0390625 0.0640625
0 0.25703125 0.73984375 0.025 0.046875
0 0.26015625 0.64765625 0.0296875 0.0390625
0 0.225 0.4296875 0.0484375 0.059375
0 0.4515625 0.45390625 0.0390625 0.0828125
0 0.4625 0.07890625 0.0421875 0.0546875
0 0.365625 0.0296875 0.046875 0.059375
0 0.0546875 0.19609375 0.09375 0.08125
0 0.07421875 0.096875 0.040625 0.0421875
0 0.14296875 0.0921875 0.04375 0.059375
0 0.0921875 0.25 0.04375 0.053125
0 0.12734375 0.26953125 0.0296875 0.046875
0 0.21640625 0.33671875 0.05 0.0609375
0 0.203125 0.23515625 0.025 0.0359375
0 0.07890625 0.01796875 0.034375 0.0359375
0 0.1359375 0.02109375 0.0421875 0.0421875