0 0.72578125 0.05234375 0.0546875 0.1046875
0 0.7453125 0.21953125 0.0671875 0.0890625
0 0.79296875 0.35625 0.0625 0.084375
0 0.69765625 0.32421875 0.06875 0.0796875
0 0.69296875 0.39921875 0.0609375 0.1015625
0 0.64453125 0.51484375 0.06875 0.0953125
0 0.815625 0.54453125 0.046875 0.071875
0 0.52421875 0.48828125 0.0546875 0.09375
0 0.55546875 0.0484375 0.08125 0.090625
0 0.50703125 0.221875 0.0640625 0.10625
0 0.4796875 0.39296875 0.0515625 0.0984375
0 0.19375 0.30703125 0.065625 0.1109375
0 0.21796875 0.38828125 0.0546875 0.0984375
0 0.31796875 0.0765625 0.0734375 0.103125
0 0.1453125 0.2546875 0.0546875 0.0859375
0 0.3515625 0.54296875 0.0546875 0.0859375
0 0.271875 0.7140625 0.05625 0.0859375
0 0.22734375 0.725 0.0546875 0.084375
0 0.634375 0.63984375 0.059375 0.08125
0 0.565625 0.659375 0.078125 0.078125
0 0.39765625 0.80078125 0.059375 0.096875
0 0.35 0.78828125 0.0578125 0.0953125
0 0.8515625 0.95078125 0.06875 0.09375
0 0.403125 0.128125 0.0546875 0.0765625