0 0.29375 0.46328125 0.0515625 0.0875
0 0.10859375 0.565625 0.04375 0.078125
0 0.1640625 0.60703125 0.0609375 0.0671875
0 0.02578125 0.7375 0.0359375 0.06875
0 0.07890625 0.90625 0.0578125 0.0671875
0 0.22890625 0.909375 0.053125 0.0953125
0 0.2890625 0.6359375 0.05 0.065625
0 0.4609375 0.2875 0.0359375 0.090625
0 0.89375 0.10390625 0.05 0.08125
0 0.96796875 0.275 0.04375 0.090625
0 0.9796875 0.55859375 0.040625 0.0953125
0 0.80859375 0.6828125 0.0578125 0.1015625
0 0.6921875 0.74296875 0.06875 0.0796875
0 0.11953125 0.27890625 0.040625 0.0828125
0 0.24609375 0.134375 0.053125 0.0796875
0 0.01796875 0.484375 0.0359375 0.071875