0 0.15234375 0.4203125 0.1125 0.0546875
0 0.4703125 0.46015625 0.121875 0.09375
0 0.16484375 0.325 0.1140625 0.0625
0 0.146875 0.5734375 0.0875 0.059375
0 0.2140625 0.63125 0.09375 0.0546875
0 0.15234375 0.66796875 0.0953125 0.040625
0 0.13359375 0.73828125 0.0984375 0.059375
0 0.1671875 0.89140625 0.1140625 0.075
0 0.0703125 0.91015625 0.1140625 0.065625
0 0.43984375 0.1734375 0.078125 0.046875
0 0.4390625 0.228125 0.090625 0.04375
0 0.07109375 0.25703125 0.0875 0.0515625
0 0.0734375 0.1625 0.078125 0.053125
0 0.3140625 0.02421875 0.1015625 0.046875
0 0.33671875 0.07890625 0.090625 0.0625