0 0.465625 0.44609375 0.128125 0.1703125
0 0.35703125 0.24453125 0.1703125 0.1765625
0 0.26484375 0.5390625 0.128125 0.15625
0 0.17109375 0.45625 0.1203125 0.121875
0 0.16953125 0.7328125 0.0953125 0.11875
0 0.51796875 0.8625 0.096875 0.1265625
0 0.39140625 0.83984375 0.1015625 0.1140625
0 0.7078125 0.73046875 0.0859375 0.0953125
0 0.65078125 0.553125 0.05625 0.0984375
0 0.73515625 0.4796875 0.0515625 0.0828125
0 0.575 0.27265625 0.10625 0.1375
0 0.6734375 0.2078125 0.0734375 0.103125
0 0.590625 0.1796875 0.0859375 0.090625
0 0.6578125 0.35390625 0.065625 0.0984375
0 0.75703125 0.30546875 0.109375 0.121875
0 0.88203125 0.23046875 0.0515625 0.0890625
0 0.95625 0.340625 0.065625 0.0953125
0 0.8265625 0.4734375 0.0703125 0.0890625
0 0.81328125 0.54296875 0.08125 0.0921875
0 0.23984375 0.93671875 0.0734375 0.1078125
0 0.09609375 0.93359375 0.0859375 0.1125
0 0.91953125 0.68046875 0.053125 0.0984375