0 0.62265625 0.4921875 0.0359375 0.0828125
0 0.6359375 0.61015625 0.0390625 0.046875
0 0.67265625 0.5625 0.0265625 0.059375
0 0.71171875 0.6203125 0.0390625 0.0671875
0 0.23046875 0.48359375 0.0484375 0.0734375
0 0.2484375 0.63125 0.096875 0.059375
0 0.3078125 0.76953125 0.0625 0.0765625
0 0.36328125 0.76328125 0.04375 0.0828125
0 0.18046875 0.84140625 0.05625 0.0640625
0 0.8203125 0.228125 0.04375 0.059375
0 0.88828125 0.1640625 0.0484375 0.0828125
0 0.96171875 0.1890625 0.0515625 0.090625
0 0.49765625 0.19921875 0.05 0.053125
0 0.45546875 0.45703125 0.0390625 0.0640625
0 0.41953125 0.54921875 0.0546875 0.059375
0 0.33828125 0.53984375 0.053125 0.09375
0 0.77421875 0.87421875 0.05 0.05
0 0.6265625 0.86484375 0.0484375 0.059375
0 0.7375 0.6734375 0.046875 0.0609375
0 0.840625 0.49453125 0.0375 0.05625
0 0.721875 0.40625 0.0453125 0.071875
0 0.68125 0.15546875 0.0546875 0.0625