0 0.41640625 0.8953125 0.05625 0.084375
0 0.25625 0.75234375 0.0375 0.065625
0 0.85546875 0.934375 0.04375 0.0671875
0 0.86171875 0.81875 0.0421875 0.0484375
0 0.82265625 0.65625 0.0375 0.0640625
0 0.8265625 0.5453125 0.0359375 0.059375
0 0.4515625 0.2296875 0.0421875 0.06875
0 0.1921875 0.27265625 0.0390625 0.0671875
0 0.340625 0.31796875 0.0453125 0.0671875
0 0.26640625 0.3296875 0.0421875 0.0734375
0 0.21875 0.58359375 0.0390625 0.06875
0 0.334375 0.57734375 0.0328125 0.05625
0 0.70390625 0.42109375 0.046875 0.065625
0 0.82578125 0.41640625 0.05625 0.075