0 0.728125 0.2609375 0.1 0.084375
0 0.66328125 0.1703125 0.078125 0.065625
0 0.50703125 0.19375 0.1046875 0.090625
0 0.35234375 0.1734375 0.0734375 0.0578125
0 0.57734375 0.33125 0.071875 0.04375
0 0.77421875 0.3546875 0.084375 0.0640625
0 0.9625 0.17890625 0.075 0.0765625
0 0.9578125 0.284375 0.084375 0.0640625
0 0.86484375 0.56484375 0.11875 0.06875
0 0.75859375 0.7046875 0.1140625 0.059375
0 0.896875 0.8140625 0.0875 0.0640625
0 0.5390625 0.7765625 0.084375 0.05625
0 0.63359375 0.54609375 0.09375 0.053125
0 0.6046875 0.48125 0.0984375 0.065625
0 0.578125 0.971875 0.096875 0.05625
0 0.703125 0.89375 0.090625 0.0421875