0 0.921875 0.334375 0.0328125 0.0609375
0 0.8734375 0.3203125 0.046875 0.08125
0 0.85 0.034375 0.05 0.06875
0 0.7546875 0.4390625 0.053125 0.090625
0 0.6984375 0.334375 0.040625 0.0734375
0 0.94921875 0.68515625 0.0421875 0.0515625
0 0.93828125 0.6203125 0.0421875 0.0734375
0 0.8796875 0.6109375 0.0421875 0.071875
0 0.88046875 0.74140625 0.0296875 0.065625
0 0.87265625 0.89296875 0.0421875 0.0734375
0 0.81015625 0.95078125 0.040625 0.053125
0 0.58046875 0.86015625 0.046875 0.0640625
0 0.5890625 0.78515625 0.0390625 0.078125
0 0.62890625 0.728125 0.034375 0.0703125
0 0.509375 0.384375 0.04375 0.071875
0 0.496875 0.53984375 0.0421875 0.0546875
0 0.3453125 0.696875 0.065625 0.0984375
0 0.53359375 0.30390625 0.0484375 0.075
0 0.69765625 0.68125 0.0421875 0.059375
0 0.73203125 0.7796875 0.0359375 0.0609375
0 0.3640625 0.09140625 0.0359375 0.0578125
0 0.06171875 0.546875 0.046875 0.1015625