0 0.525 0.39453125 0.0546875 0.0515625
0 0.4859375 0.4328125 0.0421875 0.053125
0 0.4375 0.4421875 0.0625 0.05
0 0.53046875 0.484375 0.071875 0.05625
0 0.64375 0.40546875 0.053125 0.059375
0 0.6578125 0.46953125 0.0515625 0.0421875
0 0.5859375 0.5078125 0.059375 0.0515625
0 0.6171875 0.3234375 0.075 0.0734375
0 0.5734375 0.24453125 0.0546875 0.065625
0 0.51953125 0.2734375 0.06875 0.0609375
0 0.88828125 0.371875 0.078125 0.0515625
0 0.93046875 0.5078125 0.053125 0.075
0 0.92734375 0.62578125 0.05625 0.0875
0 0.76171875 0.54453125 0.08125 0.1046875
0 0.32734375 0.59765625 0.1015625 0.084375
0 0.16484375 0.6375 0.078125 0.0796875
0 0.61484375 0.028125 0.0953125 0.05625
0 0.62265625 0.078125 0.0921875 0.059375
0 0.68515625 0.09609375 0.06875 0.0578125
0 0.96015625 0.03359375 0.0796875 0.0578125
0 0.3375 0.47578125 0.08125 0.0640625
0 0.7328125 0.68515625 0.0546875 0.0625
0 0.9015625 0.740625 0.059375 0.078125
0 0.87109375 0.70390625 0.0671875 0.103125
0 0.11953125 0.74140625 0.0609375 0.0640625
0 0.08046875 0.78671875 0.075 0.0703125