0 0.53125 0.64609375 0.0734375 0.1015625
0 0.30390625 0.66328125 0.09375 0.1125
0 0.1796875 0.6515625 0.0828125 0.075
0 0.21328125 0.740625 0.071875 0.0890625
0 0.29375 0.55546875 0.1078125 0.1046875
0 0.525 0.74921875 0.071875 0.109375
0 0.59140625 0.88671875 0.1296875 0.14375
0 0.93203125 0.5671875 0.090625 0.14375
0 0.82734375 0.675 0.0671875 0.109375
0 0.77890625 0.5453125 0.08125 0.1140625
0 0.84375 0.45390625 0.078125 0.078125
0 0.75546875 0.36796875 0.0796875 0.1046875
0 0.640625 0.37578125 0.0796875 0.0890625
0 0.66875 0.47421875 0.065625 0.0953125
0 0.6703125 0.58671875 0.0515625 0.0875
0 0.69765625 0.778125 0.0703125 0.0890625
0 0.84609375 0.78359375 0.0796875 0.1109375
0 0.9796875 0.7953125 0.040625 0.1296875
0 0.85390625 0.9375 0.0765625 0.103125
0 0.46015625 0.76484375 0.071875 0.0953125
0 0.40390625 0.5421875 0.09375 0.1078125
0 0.325 0.40078125 0.08125 0.10625
0 0.3953125 0.4390625 0.06875 0.0984375
0 0.11953125 0.89921875 0.0765625 0.128125
0 0.4890625 0.19296875 0.0796875 0.121875
0 0.6515625 0.15234375 0.0578125 0.078125
0 0.68359375 0.259375 0.075 0.0953125
0 0.87109375 0.23125 0.075 0.1140625