0 0.13046875 0.1984375 0.053125 0.0796875
0 0.32578125 0.15234375 0.0515625 0.078125
0 0.29921875 0.07734375 0.0546875 0.0640625
0 0.19765625 0.3109375 0.05625 0.078125
0 0.18046875 0.45546875 0.040625 0.0578125
0 0.2046875 0.40390625 0.046875 0.0578125
0 0.2953125 0.55625 0.05 0.078125
0 0.484375 0.446875 0.0359375 0.046875
0 0.49296875 0.41328125 0.0453125 0.0609375
0 0.51953125 0.37109375 0.046875 0.071875
0 0.55859375 0.52109375 0.0390625 0.05
0 0.66171875 0.41953125 0.04375 0.05625
0 0.59453125 0.37265625 0.034375 0.0515625
0 0.665625 0.2921875 0.0421875 0.059375
0 0.69765625 0.196875 0.0390625 0.0515625
0 0.70703125 0.15078125 0.040625 0.0671875
0 0.71484375 0.33125 0.034375 0.04375
0 0.77265625 0.3890625 0.03125 0.04375
0 0.753125 0.63828125 0.0390625 0.075
0 0.7890625 0.55625 0.0421875 0.0625
0 0.79453125 0.47265625 0.0359375 0.05625
0 0.56875 0.6265625 0.0390625 0.05625
0 0.625 0.59140625 0.0390625 0.053125
0 0.3875 0.2625 0.0453125 0.06875
0 0.82734375 0.29375 0.0390625 0.0640625
0 0.909375 0.5109375 0.0484375 0.0734375
0 0.9046875 0.421875 0.0453125 0.071875
0 0.96875 0.37265625 0.0515625 0.078125
0 0.87734375 0.13828125 0.040625 0.0578125