0 0.6125 0.86796875 0.0515625 0.090625
0 0.678125 0.77734375 0.0359375 0.05625
0 0.67890625 0.69375 0.05 0.0828125
0 0.72734375 0.5796875 0.0515625 0.065625
0 0.73359375 0.52109375 0.04375 0.0703125
0 0.821875 0.49453125 0.0390625 0.0703125
0 0.834375 0.38515625 0.05 0.0703125
0 0.94375 0.37578125 0.053125 0.13125
0 0.48515625 0.621875 0.053125 0.0859375
0 0.603125 0.4890625 0.0421875 0.0859375
0 0.67734375 0.4578125 0.046875 0.0640625
0 0.790625 0.43359375 0.0484375 0.08125
0 0.47578125 0.4921875 0.05 0.0796875
0 0.809375 0.8078125 0.046875 0.065625
0 0.83984375 0.9046875 0.0625 0.071875
0 0.90078125 0.89609375 0.0515625 0.0828125
0 0.978125 0.80859375 0.04375 0.0984375
0 0.66875 0.32265625 0.0359375 0.0921875
0 0.665625 0.2546875 0.04375 0.0640625
0 0.4703125 0.30625 0.0609375 0.053125
0 0.24765625 0.475 0.0484375 0.065625
0 0.32578125 0.47734375 0.04375 0.096875
0 0.321875 0.6546875 0.028125 0.1046875
0 0.0875 0.9453125 0.0421875 0.08125
0 0.103125 0.159375 0.046875 0.121875
0 0.5546875 0.20625 0.04375 0.0875
0 0.61015625 0.1859375 0.0421875 0.0953125
0 0.60390625 0.09453125 0.0390625 0.0890625
0 0.771875 0.25546875 0.046875 0.0828125
0 0.8 0.26953125 0.046875 0.06875
0 0.80234375 0.1484375 0.04375 0.0828125
0 0.80703125 0.0640625 0.053125 0.0828125
0 0.88046875 0.03046875 0.0546875 0.0609375
0 0.8390625 0.246875 0.040625 0.0734375
0 0.87109375 0.27421875 0.04375 0.084375
0 0.8828125 0.20078125 0.0421875 0.075
0 0.45234375 0.0921875 0.04375 0.0953125
0 0.91875 0.6578125 0.046875 0.08125
0 0.83359375 0.5953125 0.0515625 0.0796875