0 0.3953125 0.10859375 0.059375 0.090625
0 0.45234375 0.371875 0.0609375 0.090625
0 0.3890625 0.44921875 0.059375 0.1125
0 0.403125 0.721875 0.08125 0.13125
0 0.34375 0.8984375 0.059375 0.096875
0 0.07421875 0.9484375 0.053125 0.0703125
0 0.815625 0.80234375 0.075 0.10625
0 0.60703125 0.96640625 0.0640625 0.0671875
0 0.6359375 0.81875 0.0515625 0.0921875
0 0.5875 0.8265625 0.0515625 0.065625
0 0.59375 0.73125 0.06875 0.08125
0 0.59609375 0.37265625 0.0640625 0.1140625
0 0.6984375 0.121875 0.046875 0.09375
0 0.74609375 0.1 0.059375 0.0984375
0 0.63203125 0.03515625 0.04375 0.0703125
0 0.9421875 0.43046875 0.0484375 0.1125
0 0.98359375 0.046875 0.0328125 0.09375