0 0.72578125 0.56953125 0.121875 0.1171875
0 0.26015625 0.70234375 0.1515625 0.103125
0 0.31875 0.61640625 0.1015625 0.084375
0 0.2484375 0.56328125 0.1140625 0.1109375
0 0.34453125 0.5375 0.1046875 0.0875
0 0.34921875 0.41875 0.103125 0.109375
0 0.50703125 0.40390625 0.1171875 0.0984375
0 0.70703125 0.4171875 0.125 0.1015625
0 0.75859375 0.2890625 0.115625 0.0921875
0 0.34453125 0.1421875 0.1453125 0.09375
0 0.078125 0.084375 0.134375 0.1671875
0 0.42421875 0.75703125 0.1234375 0.0921875
0 0.4828125 0.68046875 0.0796875 0.0890625
0 0.528125 0.74140625 0.1265625 0.0828125
0 0.571875 0.6765625 0.1140625 0.0828125
0 0.640625 0.7390625 0.1015625 0.09375
0 0.72734375 0.659375 0.121875 0.065625
0 0.51171875 0.575 0.1 0.0796875
0 0.92109375 0.39375 0.115625 0.0984375
0 0.459375 0.20859375 0.1328125 0.1125
0 0.515625 0.93203125 0.1390625 0.078125
0 0.20078125 0.421875 0.165625 0.1171875
0 0.41953125 0.296875 0.1078125 0.0953125
0 0.23515625 0.3109375 0.115625 0.0984375