0 0.2875 0.45546875 0.0390625 0.065625
0 0.7203125 0.48203125 0.0328125 0.040625
0 0.2296875 0.65234375 0.0359375 0.046875
0 0.22734375 0.615625 0.04375 0.0515625
0 0.0359375 0.62421875 0.0453125 0.0765625
0 0.065625 0.6234375 0.0265625 0.040625
0 0.07578125 0.59375 0.0375 0.046875
0 0.0171875 0.76328125 0.034375 0.053125
0 0.11640625 0.75859375 0.0265625 0.0515625
0 0.12578125 0.95703125 0.0421875 0.0640625
0 0.31171875 0.87890625 0.03125 0.0609375
0 0.590625 0.76953125 0.0265625 0.0484375
0 0.65234375 0.84375 0.0328125 0.040625
0 0.721875 0.778125 0.0359375 0.071875
0 0.809375 0.89765625 0.0359375 0.06875
0 0.93828125 0.353125 0.03125 0.0625
0 0.8828125 0.69453125 0.04375 0.0640625