0 0.396875 0.2515625 0.071875 0.1125
0 0.30625 0.20390625 0.0609375 0.0921875
0 0.1984375 0.1671875 0.0609375 0.0984375
0 0.1390625 0.0828125 0.065625 0.084375
0 0.0796875 0.225 0.096875 0.10625
0 0.384375 0.140625 0.0515625 0.0734375
0 0.42890625 0.034375 0.0796875 0.06875
0 0.31484375 0.07734375 0.06875 0.0890625
0 0.496875 0.23359375 0.0546875 0.0859375
0 0.56171875 0.06640625 0.0625 0.103125
0 0.6265625 0.03671875 0.0515625 0.0734375
0 0.696875 0.18046875 0.08125 0.1390625
0 0.72734375 0.06328125 0.0515625 0.0703125
0 0.77265625 0.20078125 0.04375 0.0765625
0 0.84375 0.08984375 0.0671875 0.1171875
0 0.959375 0.0421875 0.06875 0.084375
0 0.9578125 0.1703125 0.0625 0.109375
0 0.9125 0.3890625 0.06875 0.1328125
0 0.97734375 0.48203125 0.0453125 0.10625
0 0.803125 0.3 0.0625 0.1015625
0 0.62109375 0.3703125 0.090625 0.1328125
0 0.47578125 0.43828125 0.059375 0.1078125
0 0.51875 0.353125 0.053125 0.084375
0 0.340625 0.371875 0.0546875 0.09375
0 0.3796875 0.5 0.0390625 0.0875
0 0.39609375 0.4015625 0.0484375 0.078125
0 0.2109375 0.41171875 0.05 0.0875
0 0.28125 0.33515625 0.0453125 0.0625
0 0.06953125 0.41171875 0.059375 0.096875
0 0.05859375 0.6 0.0859375 0.140625
0 0.15703125 0.53828125 0.0765625 0.109375
0 0.2875 0.54140625 0.0546875 0.103125
0 0.33046875 0.6546875 0.05625 0.1078125
0 0.203125 0.74140625 0.0734375 0.1125
0 0.103125 0.73984375 0.05625 0.0984375
0 0.10078125 0.85703125 0.053125 0.071875
0 0.19453125 0.90546875 0.059375 0.1015625
0 0.27890625 0.89921875 0.05625 0.0984375
0 0.3265625 0.80234375 0.0546875 0.1171875
0 0.50390625 0.6359375 0.05625 0.121875
0 0.6234375 0.51875 0.0953125 0.0921875
0 0.40234375 0.66953125 0.046875 0.0984375
0 0.490625 0.84765625 0.059375 0.1078125
0 0.6203125 0.8546875 0.065625 0.1140625
0 0.74765625 0.825 0.0546875 0.096875
0 0.89296875 0.79921875 0.071875 0.1015625
0 0.8625 0.6875 0.053125 0.09375
0 0.9125 0.6109375 0.0625 0.1140625
0 0.76015625 0.66015625 0.0671875 0.1046875
0 0.6265625 0.70703125 0.059375 0.0765625
0 0.64375 0.625 0.04375 0.0859375
0 0.790625 0.4359375 0.0546875 0.1046875
0 0.8390625 0.928125 0.0609375 0.1046875
0 0.89140625 0.9671875 0.0484375 0.065625
0 0.76875 0.94140625 0.05 0.078125
0 0.384375 0.95703125 0.0546875 0.0765625
0 0.51171875 0.9765625 0.04375 0.046875
0 0.31015625 0.97421875 0.0375 0.0515625
0 0.4296875 0.55390625 0.0484375 0.08125
0 0.94765625 0.909375 0.04375 0.0953125