0 0.53359375 0.16484375 0.1578125 0.0828125
0 0.89609375 0.0859375 0.1015625 0.0734375
0 0.69609375 0.01953125 0.0875 0.0390625
0 0.19296875 0.0328125 0.109375 0.065625
0 0.30234375 0.06875 0.0984375 0.078125
0 0.07265625 0.20859375 0.0984375 0.071875
0 0.15859375 0.23671875 0.103125 0.0671875
0 0.35 0.303125 0.125 0.0671875
0 0.609375 0.46953125 0.109375 0.0828125
0 0.91796875 0.43046875 0.0859375 0.053125
0 0.8484375 0.296875 0.08125 0.065625
0 0.6671875 0.23359375 0.0703125 0.0421875
0 0.72109375 0.25546875 0.071875 0.04375
0 0.80859375 0.1859375 0.0875 0.065625
0 0.703125 0.309375 0.090625 0.046875
0 0.6609375 0.5765625 0.1046875 0.0734375
0 0.37578125 0.521875 0.0828125 0.040625
0 0.4671875 0.54453125 0.0734375 0.0546875
0 0.86875 0.76015625 0.0875 0.0578125
0 0.95546875 0.89609375 0.0890625 0.0640625
0 0.5765625 0.8703125 0.1171875 0.05625
0 0.6578125 0.8234375 0.0875 0.046875
0 0.6109375 0.97109375 0.0734375 0.0578125
0 0.7609375 0.96484375 0.0890625 0.046875
0 0.53515625 0.978125 0.065625 0.04375
0 0.146875 0.81640625 0.1140625 0.0859375
0 0.26796875 0.84375 0.103125 0.0671875
0 0.60078125 0.2515625 0.0671875 0.0671875
0 0.46015625 0.35234375 0.0640625 0.0421875
0 0.1140625 0.5375 0.0890625 0.0484375
0 0.17890625 0.69609375 0.0875 0.046875
0 0.34453125 0.171875 0.06875 0.071875