0 0.3953125 0.89140625 0.059375 0.090625
0 0.45234375 0.628125 0.0609375 0.090625
0 0.3890625 0.55078125 0.059375 0.1125
0 0.403125 0.278125 0.08125 0.13125
0 0.34375 0.1015625 0.059375 0.096875
0 0.07421875 0.0515625 0.053125 0.0703125
0 0.815625 0.19765625 0.075 0.10625
0 0.60703125 0.03359375 0.0640625 0.0671875
0 0.6359375 0.18125 0.0515625 0.0921875
0 0.5875 0.1734375 0.0515625 0.065625
0 0.59375 0.26875 0.06875 0.08125
0 0.59609375 0.62734375 0.0640625 0.1140625
0 0.6984375 0.878125 0.046875 0.09375
0 0.74609375 0.9 0.059375 0.0984375
0 0.63203125 0.96484375 0.04375 0.0703125
0 0.9421875 0.56953125 0.0484375 0.1125
0 0.98359375 0.953125 0.0328125 0.09375