0 0.4234375 0.315625 0.1078125 0.13125
0 0.5671875 0.21015625 0.1171875 0.1390625
0 0.484375 0.13359375 0.1 0.0890625
0 0.28359375 0.15390625 0.1375 0.1125
0 0.1453125 0.2765625 0.0984375 0.096875
0 0.24296875 0.2921875 0.090625 0.084375
0 0.08359375 0.45546875 0.078125 0.1109375
0 0.1953125 0.59140625 0.1359375 0.1203125
0 0.3265625 0.56015625 0.0984375 0.09375
0 0.44765625 0.51171875 0.09375 0.096875
0 0.64375 0.565625 0.1015625 0.0859375
0 0.6359375 0.35 0.0875 0.103125
0 0.80625 0.40625 0.090625 0.0828125
0 0.88359375 0.53984375 0.0953125 0.1046875
0 0.93671875 0.35234375 0.096875 0.1
0 0.3828125 0.7484375 0.1453125 0.115625
0 0.05 0.35390625 0.08125 0.103125