0 0.475 0.60546875 0.0546875 0.0515625
0 0.5140625 0.5671875 0.0421875 0.053125
0 0.5625 0.5578125 0.0625 0.05
0 0.46953125 0.515625 0.071875 0.05625
0 0.35625 0.59453125 0.053125 0.059375
0 0.3421875 0.53046875 0.0515625 0.0421875
0 0.4140625 0.4921875 0.059375 0.0515625
0 0.3828125 0.6765625 0.075 0.0734375
0 0.4265625 0.75546875 0.0546875 0.065625
0 0.48046875 0.7265625 0.06875 0.0609375
0 0.11171875 0.628125 0.078125 0.0515625
0 0.06953125 0.4921875 0.053125 0.075
0 0.07265625 0.37421875 0.05625 0.0875
0 0.23828125 0.45546875 0.08125 0.1046875
0 0.67265625 0.40234375 0.1015625 0.084375
0 0.83515625 0.3625 0.078125 0.0796875
0 0.38515625 0.971875 0.0953125 0.05625
0 0.37734375 0.921875 0.0921875 0.059375
0 0.31484375 0.90390625 0.06875 0.0578125
0 0.03984375 0.96640625 0.0796875 0.0578125
0 0.6625 0.52421875 0.08125 0.0640625
0 0.2671875 0.31484375 0.0546875 0.0625
0 0.0984375 0.259375 0.059375 0.078125
0 0.12890625 0.29609375 0.0671875 0.103125
0 0.88046875 0.25859375 0.0609375 0.0640625
0 0.91953125 0.21328125 0.075 0.0703125