0 0.62265625 0.5078125 0.0359375 0.0828125
0 0.6359375 0.38984375 0.0390625 0.046875
0 0.67265625 0.4375 0.0265625 0.059375
0 0.71171875 0.3796875 0.0390625 0.0671875
0 0.23046875 0.51640625 0.0484375 0.0734375
0 0.2484375 0.36875 0.096875 0.059375
0 0.3078125 0.23046875 0.0625 0.0765625
0 0.36328125 0.23671875 0.04375 0.0828125
0 0.18046875 0.15859375 0.05625 0.0640625
0 0.8203125 0.771875 0.04375 0.059375
0 0.88828125 0.8359375 0.0484375 0.0828125
0 0.96171875 0.8109375 0.0515625 0.090625
0 0.49765625 0.80078125 0.05 0.053125
0 0.45546875 0.54296875 0.0390625 0.0640625
0 0.41953125 0.45078125 0.0546875 0.059375
0 0.33828125 0.46015625 0.053125 0.09375
0 0.77421875 0.12578125 0.05 0.05
0 0.6265625 0.13515625 0.0484375 0.059375
0 0.7375 0.3265625 0.046875 0.0609375
0 0.840625 0.50546875 0.0375 0.05625
0 0.721875 0.59375 0.0453125 0.071875
0 0.68125 0.84453125 0.0546875 0.0625