0 0.4296875 0.42578125 0.040625 0.053125
0 0.54765625 0.27734375 0.0375 0.065625
0 0.3921875 0.75390625 0.03125 0.0453125
0 0.51484375 0.62265625 0.03125 0.0578125
0 0.48046875 0.64375 0.03125 0.05
0 0.76484375 0.571875 0.0296875 0.0296875
0 0.70078125 0.61484375 0.0375 0.0421875
0 0.70859375 0.678125 0.0265625 0.0375
0 0.653125 0.6671875 0.03125 0.046875
0 0.6921875 0.7140625 0.028125 0.04375
0 0.87578125 0.428125 0.0328125 0.0515625
0 0.96953125 0.196875 0.028125 0.0390625
0 0.95390625 0.23203125 0.0234375 0.0296875
0 0.9328125 0.2140625 0.01875 0.0328125
0 0.2234375 0.41640625 0.0375 0.04375
0 0.2171875 0.47265625 0.0328125 0.0421875
0 0.16796875 0.4203125 0.0375 0.04375
0 0.09609375 0.38125 0.0328125 0.0515625
0 0.1296875 0.2453125 0.0375 0.04375
0 0.09921875 0.27265625 0.03125 0.0546875
0 0.1546875 0.68671875 0.028125 0.0515625
0 0.1078125 0.5984375 0.021875 0.0421875
0 0.21484375 0.56953125 0.03125 0.0390625