0 0.2671875 0.19921875 0.1578125 0.1765625
0 0.4671875 0.24453125 0.096875 0.11875
0 0.50546875 0.13125 0.0890625 0.13125
0 0.68203125 0.41796875 0.1296875 0.1984375
0 0.534375 0.63203125 0.1265625 0.14375
0 0.81953125 0.83046875 0.09375 0.14375
0 0.96640625 0.521875 0.0671875 0.1328125
0 0.7453125 0.26640625 0.0921875 0.1109375
0 0.63984375 0.228125 0.0703125 0.11875
0 0.3078125 0.54609375 0.06875 0.1265625
0 0.46875 0.75 0.09375 0.1078125
0 0.30625 0.85234375 0.075 0.075
0 0.2046875 0.7515625 0.0828125 0.2296875
0 0.1890625 0.48359375 0.06875 0.0921875
0 0.709375 0.82890625 0.0515625 0.08125
0 0.7625 0.61171875 0.0625 0.0984375
0 0.82734375 0.5171875 0.0765625 0.1109375
0 0.86875 0.08984375 0.06875 0.13125
0 0.38203125 0.4421875 0.0515625 0.0875
0 0.28046875 0.43671875 0.04375 0.0984375
0 0.24140625 0.428125 0.0625 0.0953125