0 0.7328125 0.19921875 0.1578125 0.1765625
0 0.5328125 0.24453125 0.096875 0.11875
0 0.49453125 0.13125 0.0890625 0.13125
0 0.31796875 0.41796875 0.1296875 0.1984375
0 0.465625 0.63203125 0.1265625 0.14375
0 0.18046875 0.83046875 0.09375 0.14375
0 0.03359375 0.521875 0.0671875 0.1328125
0 0.2546875 0.26640625 0.0921875 0.1109375
0 0.36015625 0.228125 0.0703125 0.11875
0 0.6921875 0.54609375 0.06875 0.1265625
0 0.53125 0.75 0.09375 0.1078125
0 0.69375 0.85234375 0.075 0.075
0 0.7953125 0.7515625 0.0828125 0.2296875
0 0.8109375 0.48359375 0.06875 0.0921875
0 0.290625 0.82890625 0.0515625 0.08125
0 0.2375 0.61171875 0.0625 0.0984375
0 0.17265625 0.5171875 0.0765625 0.1109375
0 0.13125 0.08984375 0.06875 0.13125
0 0.61796875 0.4421875 0.0515625 0.0875
0 0.71953125 0.43671875 0.04375 0.0984375
0 0.75859375 0.428125 0.0625 0.0953125