0 0.428125 0.515625 0.1015625 0.1140625
0 0.05859375 0.41484375 0.0921875 0.0984375
0 0.14296875 0.35234375 0.090625 0.103125
0 0.2609375 0.325 0.096875 0.06875
0 0.43515625 0.06015625 0.0953125 0.1109375
0 0.3609375 0.23515625 0.06875 0.090625
0 0.45546875 0.1625 0.0828125 0.0671875
0 0.9375 0.0640625 0.1109375 0.109375
0 0.7015625 0.234375 0.0859375 0.084375
0 0.75078125 0.13515625 0.0890625 0.0984375
0 0.646875 0.359375 0.0890625 0.0953125
0 0.75625 0.3265625 0.08125 0.0875
0 0.8578125 0.225 0.078125 0.0875
0 0.8484375 0.41171875 0.0890625 0.0859375
0 0.9296875 0.525 0.090625 0.0921875
0 0.75 0.60234375 0.0859375 0.0796875
0 0.85703125 0.68515625 0.0765625 0.090625
0 0.7578125 0.78671875 0.0921875 0.078125
0 0.6421875 0.825 0.0859375 0.090625
0 0.46796875 0.83515625 0.0828125 0.0671875
0 0.34609375 0.87421875 0.0875 0.0671875
0 0.2578125 0.7875 0.0828125 0.0796875
0 0.1390625 0.825 0.0984375 0.090625
0 0.25390625 0.60625 0.078125 0.06875
0 0.34921875 0.68828125 0.0859375 0.09375
0 0.24921875 0.1421875 0.078125 0.084375
0 0.34609375 0.40546875 0.0828125 0.1015625