0 0.5296875 0.89453125 0.0515625 0.1296875
0 0.6984375 0.9359375 0.0703125 0.1140625
0 0.83515625 0.8703125 0.0453125 0.096875
0 0.73125 0.6546875 0.0546875 0.0984375
0 0.52578125 0.57890625 0.04375 0.0765625
0 0.2671875 0.60859375 0.0515625 0.0671875
0 0.35234375 0.425 0.05 0.071875
0 0.25390625 0.41171875 0.0421875 0.0921875
0 0.56015625 0.40390625 0.0375 0.0765625
0 0.503125 0.4140625 0.04375 0.0640625
0 0.75390625 0.52421875 0.0625 0.075
0 0.9359375 0.28125 0.065625 0.1015625
0 0.978125 0.93515625 0.04375 0.071875
0 0.06328125 0.85 0.053125 0.1046875
0 0.44765625 0.634375 0.0484375 0.0859375
0 0.5421875 0.79765625 0.0546875 0.0796875
0 0.48515625 0.96171875 0.0609375 0.0765625
0 0.453125 0.871875 0.0578125 0.0734375