0 0.06171875 0.7625 0.1234375 0.3890625
0 0.2734375 0.9359375 0.1890625 0.128125
0 0.46484375 0.915625 0.1125 0.16875
0 0.37421875 0.7515625 0.1921875 0.3046875
0 0.540625 0.6734375 0.1421875 0.2140625
0 0.584375 0.8578125 0.146875 0.21875
0 0.8546875 0.7671875 0.1390625 0.2109375
0 0.96875 0.91796875 0.0625 0.153125
0 0.4765625 0.48125 0.16875 0.2265625
0 0.41640625 0.24921875 0.1671875 0.2265625
0 0.740625 0.13125 0.1015625 0.1984375
0 0.6328125 0.18203125 0.1578125 0.25
0 0.95703125 0.12890625 0.0859375 0.1625
0 0.9046875 0.2640625 0.09375 0.15
0 0.7796875 0.4265625 0.125 0.134375
0 0.6796875 0.51484375 0.13125 0.1859375
0 0.71640625 0.675 0.1296875 0.1765625