0 0.2875 0.54453125 0.0390625 0.065625
0 0.7203125 0.51796875 0.0328125 0.040625
0 0.2296875 0.34765625 0.0359375 0.046875
0 0.22734375 0.384375 0.04375 0.0515625
0 0.0359375 0.37578125 0.0453125 0.0765625
0 0.065625 0.3765625 0.0265625 0.040625
0 0.07578125 0.40625 0.0375 0.046875
0 0.0171875 0.23671875 0.034375 0.053125
0 0.11640625 0.24140625 0.0265625 0.0515625
0 0.12578125 0.04296875 0.0421875 0.0640625
0 0.31171875 0.12109375 0.03125 0.0609375
0 0.590625 0.23046875 0.0265625 0.0484375
0 0.65234375 0.15625 0.0328125 0.040625
0 0.721875 0.221875 0.0359375 0.071875
0 0.809375 0.10234375 0.0359375 0.06875
0 0.93828125 0.646875 0.03125 0.0625
0 0.8828125 0.30546875 0.04375 0.0640625