0 0.1 0.040625 0.075 0.08125
0 0.0328125 0.12109375 0.0515625 0.046875
0 0.03515625 0.21171875 0.053125 0.0640625
0 0.0171875 0.30625 0.034375 0.0515625
0 0.103125 0.2578125 0.046875 0.05
0 0.09921875 0.20390625 0.0515625 0.0453125
0 0.15703125 0.1875 0.053125 0.05
0 0.296875 0.1578125 0.0640625 0.05625
0 0.33671875 0.0796875 0.0734375 0.0609375
0 0.22109375 0.021875 0.0703125 0.04375
0 0.290625 0.025 0.071875 0.05
0 0.45859375 0.04375 0.0796875 0.0546875
0 0.41171875 0.2171875 0.05625 0.059375
0 0.4484375 0.14375 0.053125 0.053125
0 0.28515625 0.3515625 0.075 0.0703125
0 0.30703125 0.27421875 0.053125 0.0453125
0 0.21015625 0.3109375 0.065625 0.0578125
0 0.071875 0.34765625 0.06875 0.065625
0 0.04765625 0.5078125 0.0625 0.0578125
0 0.13515625 0.5140625 0.0453125 0.053125
0 0.1734375 0.5515625 0.0640625 0.05625
0 0.3546875 0.46953125 0.065625 0.0640625
0 0.3671875 0.39375 0.059375 0.0671875
0 0.45859375 0.32890625 0.065625 0.065625
0 0.53515625 0.2125 0.0625 0.06875
0 0.61796875 0.15234375 0.0765625 0.071875
0 0.64921875 0.19453125 0.0515625 0.040625
0 0.61328125 0.31484375 0.0578125 0.071875
0 0.67421875 0.29921875 0.05625 0.065625
0 0.6078125 0.41875 0.053125 0.0671875
0 0.46953125 0.4953125 0.0671875 0.08125
0 0.3625 0.57265625 0.075 0.0796875
0 0.2734375 0.61875 0.0640625 0.0515625
0 0.05546875 0.61875 0.059375 0.0578125
0 0.06640625 0.7078125 0.0671875 0.0640625
0 0.31875 0.6828125 0.0390625 0.0625
0 0.365625 0.7203125 0.0625 0.0515625
0 0.103125 0.775 0.053125 0.059375
0 0.165625 0.78203125 0.053125 0.0390625
0 0.03203125 0.85703125 0.0625 0.0671875
0 0.44765625 0.628125 0.0515625 0.05
0 0.53984375 0.6296875 0.0578125 0.0625
0 0.57109375 0.55859375 0.0578125 0.08125
0 0.71640625 0.1125 0.0375 0.046875
0 0.8140625 0.05390625 0.0515625 0.053125
0 0.8875 0.1421875 0.065625 0.065625
0 0.7703125 0.22578125 0.0609375 0.0546875
0 0.7546875 0.16484375 0.0359375 0.0390625
0 0.83359375 0.2515625 0.05 0.059375
0 0.896875 0.24921875 0.0625 0.0703125
0 0.97109375 0.23359375 0.0578125 0.084375
0 0.8671875 0.34765625 0.0453125 0.059375
0 0.915625 0.315625 0.053125 0.0609375
0 0.73203125 0.36484375 0.0375 0.040625
0 0.77265625 0.43671875 0.065625 0.05625
0 0.8125 0.53671875 0.059375 0.0546875
0 0.84296875 0.48828125 0.0453125 0.053125
0 0.8859375 0.45234375 0.0453125 0.046875
0 0.9421875 0.4171875 0.0421875 0.0515625
0 0.9546875 0.61015625 0.084375 0.075
0 0.83671875 0.67578125 0.053125 0.065625
0 0.875 0.6 0.05 0.0546875
0 0.95546875 0.5359375 0.04375 0.053125
0 0.9078125 0.49140625 0.04375 0.0421875
0 0.7171875 0.671875 0.0703125 0.0609375
0 0.73125 0.615625 0.0609375 0.065625
0 0.92421875 0.7109375 0.0609375 0.0578125
0 0.82109375 0.79296875 0.0453125 0.0515625
0 0.65859375 0.81328125 0.059375 0.0703125
0 0.73359375 0.74921875 0.065625 0.05
0 0.58125 0.7234375 0.065625 0.0578125
0 0.43828125 0.77265625 0.05 0.0546875
0 0.44140625 0.9328125 0.059375 0.0703125
0 0.44453125 0.88359375 0.0375 0.0453125
0 0.50703125 0.940625 0.05 0.0515625
0 0.51171875 0.8734375 0.05 0.05
0 0.5234375 0.82578125 0.05625 0.0578125
0 0.34375 0.8828125 0.05625 0.04375
0 0.221875 0.8984375 0.04375 0.05
0 0.2671875 0.840625 0.0515625 0.0640625
0 0.1359375 0.9015625 0.0453125 0.05
0 0.38203125 0.9734375 0.053125 0.053125
0 0.70703125 0.971875 0.0640625 0.05625
0 0.9109375 0.96640625 0.0625 0.0671875
0 0.84765625 0.8625 0.0578125 0.065625
0 0.9375 0.828125 0.053125 0.0734375