0 0.33359375 0.3453125 0.0734375 0.1421875
0 0.4609375 0.35 0.05625 0.1171875
0 0.58515625 0.515625 0.0546875 0.109375
0 0.70234375 0.509375 0.046875 0.0796875
0 0.33125 0.5546875 0.0703125 0.10625
0 0.0765625 0.5421875 0.084375 0.090625
0 0.4015625 0.79140625 0.0765625 0.096875
0 0.94296875 0.6953125 0.0625 0.1140625
0 0.77578125 0.146875 0.05625 0.1015625
0 0.7890625 0.0625 0.0765625 0.096875
0 0.22734375 0.04296875 0.071875 0.0859375
0 0.54921875 0.28828125 0.04375 0.0921875
0 0.79921875 0.4046875 0.0578125 0.1078125
0 0.95234375 0.453125 0.05 0.0859375