0 0.53359375 0.83515625 0.1578125 0.0828125
0 0.89609375 0.9140625 0.1015625 0.0734375
0 0.69609375 0.98046875 0.0875 0.0390625
0 0.19296875 0.9671875 0.109375 0.065625
0 0.30234375 0.93125 0.0984375 0.078125
0 0.07265625 0.79140625 0.0984375 0.071875
0 0.15859375 0.76328125 0.103125 0.0671875
0 0.35 0.696875 0.125 0.0671875
0 0.609375 0.53046875 0.109375 0.0828125
0 0.91796875 0.56953125 0.0859375 0.053125
0 0.8484375 0.703125 0.08125 0.065625
0 0.6671875 0.76640625 0.0703125 0.0421875
0 0.72109375 0.74453125 0.071875 0.04375
0 0.80859375 0.8140625 0.0875 0.065625
0 0.703125 0.690625 0.090625 0.046875
0 0.6609375 0.4234375 0.1046875 0.0734375
0 0.37578125 0.478125 0.0828125 0.040625
0 0.4671875 0.45546875 0.0734375 0.0546875
0 0.86875 0.23984375 0.0875 0.0578125
0 0.95546875 0.10390625 0.0890625 0.0640625
0 0.5765625 0.1296875 0.1171875 0.05625
0 0.6578125 0.1765625 0.0875 0.046875
0 0.6109375 0.02890625 0.0734375 0.0578125
0 0.7609375 0.03515625 0.0890625 0.046875
0 0.53515625 0.021875 0.065625 0.04375
0 0.146875 0.18359375 0.1140625 0.0859375
0 0.26796875 0.15625 0.103125 0.0671875
0 0.60078125 0.7484375 0.0671875 0.0671875
0 0.46015625 0.64765625 0.0640625 0.0421875
0 0.1140625 0.4625 0.0890625 0.0484375
0 0.17890625 0.30390625 0.0875 0.046875
0 0.34453125 0.828125 0.06875 0.071875