0 0.609375 0.04453125 0.0640625 0.0703125
0 0.0171875 0.13203125 0.034375 0.059375
0 0.08984375 0.16015625 0.0421875 0.0515625
0 0.0390625 0.29375 0.0375 0.0734375
0 0.04765625 0.2484375 0.0484375 0.0609375
0 0.025 0.44921875 0.05 0.0671875
0 0.0234375 0.39140625 0.046875 0.071875
0 0.01640625 0.36484375 0.0328125 0.0390625
0 0.078125 0.4015625 0.053125 0.040625
0 0.16953125 0.3859375 0.0421875 0.0671875
0 0.19375 0.3875 0.0359375 0.0671875
0 0.20078125 0.328125 0.046875 0.065625
0 0.13515625 0.34453125 0.05 0.0578125
0 0.17109375 0.23828125 0.0484375 0.0796875
0 0.2921875 0.28125 0.05 0.06875
0 0.3421875 0.40390625 0.0703125 0.0625
0 0.31796875 0.34921875 0.053125 0.0453125
0 0.04921875 0.490625 0.0671875 0.0609375
0 0.165625 0.57890625 0.0515625 0.065625
0 0.09296875 0.5203125 0.053125 0.0546875
0 0.26484375 0.52421875 0.059375 0.0703125
0 0.15390625 0.48203125 0.0546875 0.0609375
0 0.19140625 0.475 0.04375 0.0515625
0 0.39453125 0.590625 0.075 0.0703125
0 0.30625 0.69609375 0.0515625 0.0546875
0 0.23125 0.6 0.0703125 0.06875
0 0.17109375 0.8421875 0.0671875 0.0765625
0 0.06796875 0.7828125 0.0609375 0.059375
0 0.38046875 0.871875 0.0640625 0.0703125
0 0.28671875 0.9296875 0.05625 0.075
0 0.409375 0.971875 0.075 0.05625
0 0.359375 0.9734375 0.046875 0.053125
0 0.44453125 0.80703125 0.065625 0.1265625
0 0.54140625 0.55234375 0.0734375 0.096875
0 0.5078125 0.61015625 0.0609375 0.075
0 0.50703125 0.8015625 0.0578125 0.0671875
0 0.5421875 0.79609375 0.0578125 0.059375
0 0.53125 0.7546875 0.059375 0.059375
0 0.54375 0.69375 0.0546875 0.0703125
0 0.60234375 0.8171875 0.05 0.065625
0 0.67734375 0.878125 0.075 0.0984375
0 0.72421875 0.8296875 0.059375 0.0625
0 0.7828125 0.8359375 0.0546875 0.0765625
0 0.815625 0.965625 0.084375 0.06875
0 0.82734375 0.9046875 0.0625 0.08125
0 0.859375 0.8671875 0.0578125 0.0546875
0 0.94921875 0.953125 0.0484375 0.0765625
0 0.9734375 0.89609375 0.0484375 0.0703125
0 0.95859375 0.81640625 0.0640625 0.0859375
0 0.9109375 0.86015625 0.0609375 0.078125
0 0.9296875 0.75 0.0640625 0.071875
0 0.8875 0.72734375 0.0609375 0.0796875
0 0.83984375 0.69140625 0.0609375 0.0875
0 0.78828125 0.6828125 0.059375 0.0671875
0 0.83203125 0.49921875 0.0453125 0.065625
0 0.91796875 0.59375 0.040625 0.0703125
0 0.92421875 0.55 0.0625 0.0703125
0 0.87265625 0.60390625 0.0390625 0.0734375
0 0.66015625 0.54453125 0.0515625 0.078125
0 0.7015625 0.5640625 0.0453125 0.0703125
0 0.75859375 0.36171875 0.065625 0.0625
0 0.88828125 0.35390625 0.0421875 0.0671875
0 0.965625 0.35703125 0.0484375 0.0625
0 0.640625 0.39375 0.0765625 0.0671875