0 0.63203125 0.8578125 0.0921875 0.1
0 0.86484375 0.90234375 0.1265625 0.11875
0 0.82109375 0.71328125 0.125 0.121875
0 0.83671875 0.49609375 0.1453125 0.1796875
0 0.853125 0.6203125 0.1203125 0.10625
0 0.86015625 0.271875 0.153125 0.16875
0 0.85234375 0.1296875 0.121875 0.1578125
0 0.68515625 0.35625 0.078125 0.084375
0 0.73671875 0.69296875 0.0828125 0.08125
0 0.44609375 0.703125 0.0890625 0.1078125
0 0.38046875 0.56328125 0.1203125 0.11875
0 0.3625 0.3953125 0.10625 0.1015625
0 0.35703125 0.30859375 0.0859375 0.10625
0 0.3171875 0.1453125 0.1484375 0.15625
0 0.17890625 0.26328125 0.1375 0.1546875
0 0.27734375 0.34296875 0.1046875 0.134375
0 0.0859375 0.3515625 0.1390625 0.1203125
0 0.20625 0.39609375 0.1109375 0.1375
0 0.11953125 0.465625 0.140625 0.1421875
0 0.23203125 0.4796875 0.1125 0.134375
0 0.30625 0.47421875 0.10625 0.1328125
0 0.16796875 0.584375 0.1375 0.1328125
0 0.27734375 0.5640625 0.14375 0.1375
0 0.365625 0.65625 0.103125 0.1171875
0 0.2390625 0.66796875 0.153125 0.1125
0 0.29609375 0.73203125 0.1015625 0.1109375
0 0.35703125 0.81953125 0.103125 0.090625
0 0.42421875 0.79765625 0.1015625 0.096875