0 0.053125 0.7046875 0.10625 0.18125
0 0.15390625 0.9140625 0.071875 0.1578125
0 0.18671875 0.4796875 0.0703125 0.15625
0 0.9234375 0.73203125 0.1265625 0.203125
0 0.3046875 0.590625 0.0953125 0.15625
0 0.40234375 0.57578125 0.10625 0.128125
0 0.28671875 0.46640625 0.115625 0.146875
0 0.35546875 0.47421875 0.0921875 0.1453125
0 0.50078125 0.04921875 0.109375 0.0984375
0 0.82109375 0.1890625 0.08125 0.1484375
0 0.45390625 0.56171875 0.053125 0.140625
0 0.5796875 0.91328125 0.0953125 0.1234375
0 0.6375 0.94140625 0.1 0.1171875
0 0.36328125 0.846875 0.1078125 0.1875