0 0.3703125 0.828125 0.034375 0.0640625
0 0.2953125 0.8640625 0.0515625 0.075
0 0.2484375 0.884375 0.040625 0.065625
0 0.1375 0.76796875 0.0328125 0.0671875
0 0.31171875 0.7375 0.0359375 0.0578125
0 0.64453125 0.45390625 0.0359375 0.078125
0 0.62890625 0.54140625 0.03125 0.0515625
0 0.653125 0.1390625 0.0421875 0.06875
0 0.37890625 0.52578125 0.034375 0.0640625
0 0.22265625 0.28046875 0.0359375 0.0703125
0 0.23828125 0.34921875 0.0375 0.0671875
0 0.634375 0.659375 0.03125 0.0640625
0 0.56328125 0.6046875 0.0328125 0.078125
0 0.5 0.5703125 0.028125 0.05
0 0.465625 0.52890625 0.028125 0.0546875
0 0.7203125 0.709375 0.0390625 0.053125
0 0.846875 0.740625 0.0328125 0.0609375