0 0.571875 0.484375 0.1015625 0.1140625
0 0.94140625 0.58515625 0.0921875 0.0984375
0 0.85703125 0.64765625 0.090625 0.103125
0 0.7390625 0.675 0.096875 0.06875
0 0.56484375 0.93984375 0.0953125 0.1109375
0 0.6390625 0.76484375 0.06875 0.090625
0 0.54453125 0.8375 0.0828125 0.0671875
0 0.0625 0.9359375 0.1109375 0.109375
0 0.2984375 0.765625 0.0859375 0.084375
0 0.24921875 0.86484375 0.0890625 0.0984375
0 0.353125 0.640625 0.0890625 0.0953125
0 0.24375 0.6734375 0.08125 0.0875
0 0.1421875 0.775 0.078125 0.0875
0 0.1515625 0.58828125 0.0890625 0.0859375
0 0.0703125 0.475 0.090625 0.0921875
0 0.25 0.39765625 0.0859375 0.0796875
0 0.14296875 0.31484375 0.0765625 0.090625
0 0.2421875 0.21328125 0.0921875 0.078125
0 0.3578125 0.175 0.0859375 0.090625
0 0.53203125 0.16484375 0.0828125 0.0671875
0 0.65390625 0.12578125 0.0875 0.0671875
0 0.7421875 0.2125 0.0828125 0.0796875
0 0.8609375 0.175 0.0984375 0.090625
0 0.74609375 0.39375 0.078125 0.06875
0 0.65078125 0.31171875 0.0859375 0.09375
0 0.75078125 0.8578125 0.078125 0.084375
0 0.65390625 0.59453125 0.0828125 0.1015625