0 0.271875 0.7390625 0.1 0.084375
0 0.33671875 0.8296875 0.078125 0.065625
0 0.49296875 0.80625 0.1046875 0.090625
0 0.64765625 0.8265625 0.0734375 0.0578125
0 0.42265625 0.66875 0.071875 0.04375
0 0.22578125 0.6453125 0.084375 0.0640625
0 0.0375 0.82109375 0.075 0.0765625
0 0.0421875 0.715625 0.084375 0.0640625
0 0.13515625 0.43515625 0.11875 0.06875
0 0.24140625 0.2953125 0.1140625 0.059375
0 0.103125 0.1859375 0.0875 0.0640625
0 0.4609375 0.2234375 0.084375 0.05625
0 0.36640625 0.45390625 0.09375 0.053125
0 0.3953125 0.51875 0.0984375 0.065625
0 0.421875 0.028125 0.096875 0.05625
0 0.296875 0.10625 0.090625 0.0421875