0 0.95546875 0.9171875 0.0890625 0.06875
0 0.9703125 0.9765625 0.059375 0.0421875
0 0.90390625 0.98671875 0.06875 0.0265625
0 0.69375 0.98046875 0.0859375 0.0390625
0 0.62109375 0.98203125 0.059375 0.03125
0 0.471875 0.9296875 0.0734375 0.0453125
0 0.53515625 0.9515625 0.0546875 0.0484375
0 0.32109375 0.95703125 0.0671875 0.0375
0 0.24375 0.9359375 0.05625 0.0390625
0 0.2515625 0.8203125 0.071875 0.040625
0 0.2171875 0.8546875 0.06875 0.0421875
0 0.18828125 0.925 0.075 0.04375
0 0.18203125 0.9625 0.0578125 0.034375
0 0.11328125 0.95625 0.0703125 0.0421875
0 0.33125 0.71796875 0.0640625 0.034375
0 0.2046875 0.7171875 0.059375 0.0359375
0 0.22265625 0.7515625 0.0578125 0.0484375
0 0.14140625 0.81875 0.0609375 0.046875
0 0.05390625 0.8453125 0.0765625 0.04375
0 0.96328125 0.8140625 0.0515625 0.0453125
0 0.85625 0.8453125 0.0515625 0.0484375
0 0.83671875 0.88046875 0.0484375 0.0359375
0 0.775 0.7484375 0.071875 0.0421875
0 0.79453125 0.81171875 0.05625 0.046875
0 0.7453125 0.87421875 0.065625 0.0375
0 0.93828125 0.60703125 0.075 0.0421875
0 0.971875 0.6609375 0.05625 0.0453125
0 0.88203125 0.62421875 0.0765625 0.046875
0 0.871875 0.6671875 0.0578125 0.03125
0 0.4734375 0.55859375 0.059375 0.05
0 0.49453125 0.61875 0.053125 0.0421875
0 0.41171875 0.6203125 0.059375 0.0453125
0 0.34140625 0.6359375 0.075 0.05
0 0.44921875 0.69375 0.0484375 0.040625
0 0.7171875 0.6796875 0.05625 0.046875
0 0.67734375 0.72421875 0.0640625 0.0390625
0 0.64296875 0.76953125 0.0703125 0.0375
0 0.8875 0.5046875 0.0703125 0.0453125
0 0.8140625 0.4640625 0.071875 0.0515625
0 0.84609375 0.52734375 0.0609375 0.040625
0 0.74453125 0.54609375 0.08125 0.0515625
0 0.66171875 0.5953125 0.0703125 0.053125
0 0.63984375 0.68125 0.0609375 0.0328125
0 0.59453125 0.74375 0.065625 0.0390625
0 0.35 0.5515625 0.0484375 0.0328125
0 0.27421875 0.55078125 0.0375 0.0421875
0 0.2765625 0.60625 0.075 0.0375
0 0.1578125 0.63359375 0.06875 0.0515625
0 0.0296875 0.6375 0.059375 0.053125
0 0.4421875 0.4484375 0.0625 0.0421875
0 0.21796875 0.4109375 0.0703125 0.04375
0 0.2109375 0.49296875 0.0671875 0.0390625
0 0.13671875 0.54140625 0.078125 0.0421875
0 0.05234375 0.5515625 0.0578125 0.0390625
0 0.625 0.44765625 0.084375 0.0484375
0 0.75546875 0.33671875 0.0640625 0.04375
0 0.7171875 0.36484375 0.0625 0.046875
0 0.9609375 0.36171875 0.078125 0.0453125
0 0.690625 0.275 0.0546875 0.028125
0 0.61015625 0.35 0.075 0.040625
0 0.53828125 0.3609375 0.0703125 0.0390625
0 0.440625 0.32109375 0.065625 0.05
0 0.31796875 0.4015625 0.0671875 0.0359375
0 0.41171875 0.2328125 0.065625 0.028125
0 0.2796875 0.26875 0.0796875 0.0390625
0 0.246875 0.30703125 0.0578125 0.0359375
0 0.15859375 0.3234375 0.075 0.0375
0 0.02109375 0.16015625 0.0421875 0.0453125
0 0.175 0.1765625 0.065625 0.0375
0 0.3375 0.08203125 0.0828125 0.040625
0 0.59453125 0.1625 0.053125 0.0296875