0 0.271875 0.60078125 0.053125 0.10625
0 0.2359375 0.4484375 0.05 0.1046875
0 0.45078125 0.3046875 0.0578125 0.090625
0 0.40625 0.3578125 0.046875 0.0984375
0 0.515625 0.35703125 0.0609375 0.10625
0 0.4 0.1046875 0.071875 0.0921875
0 0.690625 0.34609375 0.0984375 0.1171875
0 0.7078125 0.80859375 0.1046875 0.0984375
0 0.62578125 0.784375 0.078125 0.1015625
0 0.6234375 0.60546875 0.0765625 0.0796875
0 0.58671875 0.39765625 0.0984375 0.121875
0 0.5640625 0.48125 0.065625 0.0625
0 0.8109375 0.19921875 0.1046875 0.1328125