0 0.5904059046875 0.6182795703124999 0.6199262 0.6182795703124999 0.6900369000000001 0.5215053765625 0.6937269374999999 0.4301075265625 0.65682656875 0.3655913984375 0.6051660515624999 0.354838709375 0.5756457562499999 0.39784946250000003 0.557195571875 0.5806451609375001 0.5904059046875 0.6182795703124999
0 0.04059040625 0.50537634375 0.0811808125 0.5161290328125 0.12177121718749999 0.456989246875 0.12177121718749999 0.39247311875 0.0885608859375 0.3225806453125 0.0516605171875 0.3172043015625 0.022140221874999998 0.354838709375 0.0258302578125 0.456989246875 0.04059040625 0.50537634375
0 0.446494465625 0.8817204296875 0.4870848703125 0.8924731187500001 0.520295203125 0.8333333328125001 0.520295203125 0.79032258125 0.4870848703125 0.7204301078124999 0.439114390625 0.70967741875 0.4132841328125 0.7688172046874999 0.4132841328125 0.8225806453125 0.446494465625 0.8817204296875
0 0.4015625 0.4328125 0.1015625 0.1296875
0 0.3515625 0.73515625 0.0625 0.1125
0 0.31796875 0.87109375 0.075 0.121875
0 0.14921875 0.9140625 0.0609375 0.1
0 0.23515625 0.8890625 0.0328125 0.0625
0 0.45546875 0.2328125 0.084375 0.1234375
0 0.45 0.07734375 0.0734375 0.1046875
0 0.6234375 0.06171875 0.16875 0.1234375
0 0.871875 0.509375 0.1203125 0.15625
0 0.675 0.71015625 0.1140625 0.16875
0 0.55546875 0.75546875 0.078125 0.0984375
0 0.428125 0.66796875 0.0546875 0.09375
0 0.471875 0.59609375 0.059375 0.0734375
0 0.303125 0.56640625 0.0703125 0.0625
0 0.23125 0.49453125 0.05 0.0859375
0 0.128125 0.51875 0.065625 0.078125
0 0.0671875 0.62734375 0.046875 0.075
0 0.190625 0.828125 0.0625 0.0875
0 0.02890625 0.05546875 0.0578125 0.1
0 0.94609375 0.95703125 0.084375 0.0859375