0 0.33203125 0.09765625 0.0859375 0.0765625
0 0.34296875 0.10390625 0.078125 0.0671875
0 0.06796875 0.23125 0.0578125 0.1
0 0.05859375 0.4234375 0.053125 0.0984375
0 0.2359375 0.3328125 0.0421875 0.084375
0 0.21015625 0.47890625 0.0453125 0.078125
0 0.36953125 0.57265625 0.0390625 0.0578125
0 0.421875 0.57890625 0.05 0.059375
0 0.340625 0.46640625 0.0453125 0.071875
0 0.459375 0.225 0.053125 0.078125
0 0.54765625 0.25078125 0.0421875 0.0640625
0 0.359375 0.25 0.0390625 0.0671875
0 0.56875 0.1109375 0.046875 0.0859375
0 0.665625 0.559375 0.0453125 0.0640625
0 0.72578125 0.49765625 0.046875 0.06875
0 0.6640625 0.88125 0.0421875 0.065625
0 0.69609375 0.8453125 0.0421875 0.0640625
0 0.4078125 0.921875 0.0359375 0.046875
0 0.41015625 0.85 0.0328125 0.0515625
0 0.30625 0.7359375 0.03125 0.0453125
0 0.3625 0.67734375 0.0390625 0.0578125
0 0.840625 0.39765625 0.0359375 0.0703125
0 0.69296875 0.33359375 0.0421875 0.059375
0 0.7171875 0.22578125 0.040625 0.0671875
0 0.6625 0.08359375 0.0359375 0.053125
0 0.47734375 0.12109375 0.046875 0.0625
0 0.475 0.0265625 0.06875 0.053125
0 0.9703125 0.16484375 0.0515625 0.0625
0 0.97734375 0.3046875 0.040625 0.0890625
0 0.84609375 0.871875 0.034375 0.0640625
0 0.57109375 0.71640625 0.0359375 0.0640625
0 0.571875 0.54140625 0.0328125 0.0671875