0 0.10390625 0.04140625 0.0671875 0.06875
0 0.2921875 0.02734375 0.06875 0.0546875
0 0.2921875 0.15546875 0.0625 0.05625
0 0.1484375 0.190625 0.0484375 0.0515625
0 0.03515625 0.20859375 0.05 0.059375
0 0.46171875 0.04921875 0.0875 0.0578125
0 0.4109375 0.2125 0.0578125 0.046875
0 0.4453125 0.14296875 0.065625 0.05625
0 0.28125 0.35625 0.0671875 0.0609375
0 0.30546875 0.278125 0.05 0.0453125
0 0.21484375 0.3078125 0.0796875 0.0546875
0 0.075 0.34609375 0.0734375 0.05625
0 0.4578125 0.32734375 0.0734375 0.05625
0 0.49140625 0.271875 0.0484375 0.040625
0 0.53046875 0.2125 0.0625 0.0671875
0 0.61015625 0.14921875 0.0625 0.0609375
0 0.64765625 0.18671875 0.046875 0.040625
0 0.81171875 0.04921875 0.0625 0.046875
0 0.88359375 0.14609375 0.0734375 0.075
0 0.89140625 0.2453125 0.0703125 0.0703125
0 0.97265625 0.22890625 0.0546875 0.0703125
0 0.615625 0.315625 0.0578125 0.0640625
0 0.67109375 0.29765625 0.0609375 0.05625
0 0.86171875 0.34765625 0.0546875 0.0734375
0 0.77734375 0.43359375 0.0578125 0.046875
0 0.60546875 0.41640625 0.0609375 0.059375
0 0.4734375 0.4890625 0.0671875 0.0609375
0 0.3515625 0.46015625 0.0640625 0.059375
0 0.36484375 0.39609375 0.0609375 0.053125
0 0.0453125 0.5125 0.0515625 0.05
0 0.053125 0.61875 0.0546875 0.05625
0 0.05546875 0.703125 0.0625 0.053125
0 0.028125 0.8546875 0.05625 0.065625
0 0.1015625 0.78203125 0.059375 0.065625
0 0.14375 0.46328125 0.0390625 0.04375
0 0.30625 0.5390625 0.0453125 0.0421875
0 0.3625 0.57109375 0.059375 0.05
0 0.31953125 0.68359375 0.0625 0.065625
0 0.271875 0.621875 0.0515625 0.0421875
0 0.178125 0.68046875 0.0390625 0.0421875
0 0.371875 0.725 0.05 0.0546875
0 0.4109375 0.65 0.0484375 0.0453125
0 0.45 0.62421875 0.0453125 0.05625
0 0.53671875 0.62578125 0.0640625 0.0625
0 0.56953125 0.553125 0.05625 0.065625
0 0.578125 0.7171875 0.0640625 0.0640625
0 0.440625 0.76875 0.046875 0.0515625
0 0.2578125 0.8265625 0.0453125 0.0515625
0 0.1328125 0.90078125 0.040625 0.05
0 0.21953125 0.9015625 0.040625 0.0453125
0 0.37734375 0.97109375 0.05 0.0578125
0 0.44375 0.93671875 0.0578125 0.0625
0 0.33671875 0.8875 0.0546875 0.0515625
0 0.66640625 0.81875 0.059375 0.0703125
0 0.71640625 0.6734375 0.0703125 0.0625
0 0.83515625 0.67421875 0.053125 0.059375
0 0.95625 0.609375 0.0625 0.0578125
0 0.94453125 0.8265625 0.0546875 0.0640625
0 0.9109375 0.96796875 0.05625 0.0640625
0 0.70546875 0.971875 0.0484375 0.05625
0 0.7328125 0.753125 0.059375 0.0546875
0 0.8203125 0.78828125 0.0546875 0.059375
0 0.8515625 0.86171875 0.0578125 0.053125