0 0.1140625 0.18515625 0.034375 0.1109375
0 0.15703125 0.21328125 0.053125 0.121875
0 0.16796875 0.03515625 0.0703125 0.0703125
0 0.2078125 0.490625 0.0515625 0.08125
0 0.2796875 0.41171875 0.0484375 0.096875
0 0.259375 0.34765625 0.046875 0.096875
0 0.24453125 0.30703125 0.05 0.09375
0 0.33203125 0.5015625 0.0484375 0.0796875
0 0.56796875 0.43515625 0.05 0.1046875
0 0.5671875 0.25625 0.0390625 0.078125
0 0.78828125 0.2828125 0.059375 0.075
0 0.7859375 0.1625 0.05625 0.1078125
0 0.9203125 0.2 0.0578125 0.0765625
0 0.9203125 0.09765625 0.053125 0.1078125
0 0.7390625 0.04375 0.0609375 0.0875