0 0.4546875 0.21796875 0.0546875 0.0859375
0 0.49296875 0.0546875 0.0796875 0.109375
0 0.56484375 0.0453125 0.0515625 0.090625
0 0.3828125 0.19375 0.0484375 0.09375
0 0.0625 0.5078125 0.0578125 0.1328125
0 0.5765625 0.53359375 0.059375 0.084375
0 0.50546875 0.48515625 0.0328125 0.046875
0 0.58203125 0.43203125 0.0546875 0.09375
0 0.384375 0.7234375 0.059375 0.096875
0 0.45859375 0.7671875 0.040625 0.071875
0 0.44921875 0.4828125 0.046875 0.096875
0 0.18828125 0.37265625 0.0578125 0.0984375
0 0.18671875 0.76640625 0.0578125 0.10625
0 0.6796875 0.96171875 0.071875 0.0765625
0 0.25390625 0.17265625 0.0453125 0.0734375
0 0.38203125 0.04453125 0.034375 0.0578125
0 0.46171875 0.684375 0.0359375 0.0625
0 0.73125 0.1796875 0.04375 0.096875
0 0.72109375 0.6921875 0.0359375 0.1015625
0 0.77265625 0.84453125 0.0484375 0.08125
0 0.54453125 0.68125 0.0359375 0.0703125
0 0.4703125 0.40859375 0.034375 0.059375
0 0.44453125 0.3296875 0.028125 0.053125