0 0.5453125 0.78203125 0.0546875 0.0859375
0 0.50703125 0.9453125 0.0796875 0.109375
0 0.43515625 0.9546875 0.0515625 0.090625
0 0.6171875 0.80625 0.0484375 0.09375
0 0.9375 0.4921875 0.0578125 0.1328125
0 0.4234375 0.46640625 0.059375 0.084375
0 0.49453125 0.51484375 0.0328125 0.046875
0 0.41796875 0.56796875 0.0546875 0.09375
0 0.615625 0.2765625 0.059375 0.096875
0 0.54140625 0.2328125 0.040625 0.071875
0 0.55078125 0.5171875 0.046875 0.096875
0 0.81171875 0.62734375 0.0578125 0.0984375
0 0.81328125 0.23359375 0.0578125 0.10625
0 0.3203125 0.03828125 0.071875 0.0765625
0 0.74609375 0.82734375 0.0453125 0.0734375
0 0.61796875 0.95546875 0.034375 0.0578125
0 0.53828125 0.315625 0.0359375 0.0625
0 0.26875 0.8203125 0.04375 0.096875
0 0.27890625 0.3078125 0.0359375 0.1015625
0 0.22734375 0.15546875 0.0484375 0.08125
0 0.45546875 0.31875 0.0359375 0.0703125
0 0.5296875 0.59140625 0.034375 0.059375
0 0.55546875 0.6703125 0.028125 0.053125