0 0.0421875 0.0890625 0.03125 0.0390625
0 0.0671875 0.08671875 0.0171875 0.034375
0 0.0546875 0.3328125 0.034375 0.046875
0 0.0453125 0.2296875 0.0296875 0.0296875
0 0.1140625 0.328125 0.0296875 0.0328125
0 0.10390625 0.290625 0.025 0.034375
0 0.7890625 0.7078125 0.040625 0.075
0 0.6234375 0.67578125 0.028125 0.05625
0 0.5140625 0.7890625 0.0265625 0.0515625
0 0.44765625 0.71015625 0.0265625 0.040625
0 0.28671875 0.6 0.025 0.046875
0 0.28515625 0.734375 0.028125 0.0484375
0 0.93828125 0.11953125 0.028125 0.040625
0 0.98359375 0.0625 0.0328125 0.0484375
0 0.81171875 0.1890625 0.0296875 0.040625
0 0.4875 0.13515625 0.025 0.0390625
0 0.36796875 0.13828125 0.0234375 0.0359375
0 0.3859375 0.43984375 0.0234375 0.046875
0 0.42578125 0.45 0.03125 0.04375
0 0.48828125 0.43671875 0.0328125 0.0359375
0 0.62734375 0.32890625 0.034375 0.0421875
0 0.68828125 0.4046875 0.0265625 0.0453125
0 0.9578125 0.6390625 0.0328125 0.0484375