0 0.9578125 0.9109375 0.03125 0.0390625
0 0.9328125 0.91328125 0.0171875 0.034375
0 0.9453125 0.6671875 0.034375 0.046875
0 0.9546875 0.7703125 0.0296875 0.0296875
0 0.8859375 0.671875 0.0296875 0.0328125
0 0.89609375 0.709375 0.025 0.034375
0 0.2109375 0.2921875 0.040625 0.075
0 0.3765625 0.32421875 0.028125 0.05625
0 0.4859375 0.2109375 0.0265625 0.0515625
0 0.55234375 0.28984375 0.0265625 0.040625
0 0.71328125 0.4 0.025 0.046875
0 0.71484375 0.265625 0.028125 0.0484375
0 0.06171875 0.88046875 0.028125 0.040625
0 0.01640625 0.9375 0.0328125 0.0484375
0 0.18828125 0.8109375 0.0296875 0.040625
0 0.5125 0.86484375 0.025 0.0390625
0 0.63203125 0.86171875 0.0234375 0.0359375
0 0.6140625 0.56015625 0.0234375 0.046875
0 0.57421875 0.55 0.03125 0.04375
0 0.51171875 0.56328125 0.0328125 0.0359375
0 0.37265625 0.67109375 0.034375 0.0421875
0 0.31171875 0.5953125 0.0265625 0.0453125
0 0.0421875 0.3609375 0.0328125 0.0484375