0 0.87265625 0.734375 0.078125 0.1203125
0 0.4953125 0.50625 0.0859375 0.140625
0 0.25 0.53984375 0.1578125 0.1609375
0 0.41640625 0.75625 0.0828125 0.209375
0 0.47890625 0.84609375 0.059375 0.1078125
0 0.23984375 0.78828125 0.071875 0.0859375
0 0.33671875 0.86015625 0.0515625 0.0796875
0 0.58515625 0.0828125 0.0765625 0.1265625
0 0.5953125 0.1984375 0.06875 0.0890625
0 0.72265625 0.24296875 0.0578125 0.0796875
0 0.3484375 0.19375 0.0703125 0.103125
0 0.16875 0.0859375 0.0875 0.125
0 0.28125 0.2390625 0.0703125 0.1171875
0 0.203125 0.20703125 0.059375 0.109375
0 0.128125 0.8765625 0.059375 0.0921875
0 0.1109375 0.6015625 0.04375 0.078125
0 0.07265625 0.696875 0.0515625 0.075
0 0.02578125 0.6046875 0.0515625 0.08125
0 0.071875 0.12890625 0.05 0.0890625
0 0.01640625 0.15859375 0.0328125 0.0953125
0 0.04375 0.95625 0.065625 0.0875
0 0.378125 0.54609375 0.0453125 0.0796875
0 0.33671875 0.66640625 0.0453125 0.096875
0 0.59296875 0.2890625 0.05625 0.0796875