0 0.87578125 0.3484375 0.0578125 0.175
0 0.9421875 0.4640625 0.0375 0.14375
0 0.76796875 0.65703125 0.0421875 0.1328125
0 0.78984375 0.53671875 0.0296875 0.1015625
0 0.73828125 0.29453125 0.034375 0.1171875
0 0.821875 0.315625 0.040625 0.128125
0 0.79296875 0.21796875 0.0375 0.1015625
0 0.89453125 0.10546875 0.034375 0.0890625
0 0.69296875 0.109375 0.0375 0.1015625
0 0.6578125 0.07421875 0.040625 0.0828125
0 0.565625 0.1890625 0.0375 0.11875
0 0.65390625 0.29140625 0.04375 0.10625
0 0.69140625 0.7328125 0.034375 0.09375
0 0.634375 0.6171875 0.046875 0.09375
0 0.65 0.68984375 0.0375 0.1078125
0 0.615625 0.4734375 0.0484375 0.1171875
0 0.5859375 0.41171875 0.0296875 0.1046875
0 0.79296875 0.90703125 0.0484375 0.153125
0 0.81171875 0.73828125 0.0328125 0.109375
0 0.90234375 0.83359375 0.0484375 0.1671875
0 0.94921875 0.925 0.0390625 0.1015625
0 0.58828125 0.73203125 0.0328125 0.0953125
0 0.48125 0.85234375 0.0609375 0.184375
0 0.546875 0.753125 0.0375 0.1015625
0 0.575 0.62578125 0.028125 0.0921875
0 0.5359375 0.53671875 0.0265625 0.0796875
0 0.51953125 0.6140625 0.0265625 0.0828125
0 0.45859375 0.4703125 0.053125 0.1515625
0 0.4578125 0.19140625 0.04375 0.146875
0 0.396875 0.70546875 0.0484375 0.1609375
0 0.3953125 0.578125 0.0421875 0.0796875
0 0.271875 0.19921875 0.03125 0.0984375
0 0.35234375 0.14453125 0.0421875 0.0984375
0 0.39921875 0.2015625 0.0390625 0.10625
0 0.409375 0.0625 0.0296875 0.0859375
0 0.28984375 0.52109375 0.0359375 0.11875
0 0.3234375 0.74140625 0.0328125 0.1015625
0 0.328125 0.9390625 0.0328125 0.096875
0 0.2703125 0.9453125 0.0359375 0.109375
0 0.18203125 0.859375 0.0296875 0.103125
0 0.19375 0.690625 0.0390625 0.1140625
0 0.140625 0.57890625 0.03125 0.0875
0 0.08828125 0.60546875 0.03125 0.1078125
0 0.05234375 0.7984375 0.0421875 0.109375
0 0.03359375 0.953125 0.0296875 0.084375
0 0.034375 0.49375 0.034375 0.096875
0 0.01953125 0.17578125 0.0296875 0.1125
0 0.07109375 0.19453125 0.0484375 0.13125
0 0.146875 0.20234375 0.0359375 0.10625