0 0.01640625 0.05546875 0.0328125 0.046875
0 0.0671875 0.09296875 0.034375 0.0515625
0 0.11328125 0.153125 0.025 0.040625
0 0.06171875 0.2421875 0.0265625 0.04375
0 0.0984375 0.2203125 0.0328125 0.0453125
0 0.090625 0.32890625 0.028125 0.0421875
0 0.01171875 0.4234375 0.0234375 0.04375
0 0.03515625 0.403125 0.0328125 0.053125
0 0.10390625 0.42421875 0.0328125 0.0484375
0 0.11796875 0.5265625 0.0453125 0.059375
0 0.2421875 0.23984375 0.0328125 0.05
0 0.28359375 0.253125 0.0453125 0.0578125
0 0.21875 0.45078125 0.0234375 0.0484375
0 0.2640625 0.40546875 0.025 0.040625
0 0.28359375 0.37109375 0.0234375 0.0453125
0 0.30703125 0.32734375 0.0484375 0.059375
0 0.175 0.27109375 0.0328125 0.05
0 0.11484375 0.01640625 0.0265625 0.0328125
0 0.01953125 0.16328125 0.0203125 0.0359375
0 0.21171875 0.37421875 0.025 0.0453125
0 0.2625 0.46328125 0.0265625 0.028125
0 0.284375 0.50234375 0.0234375 0.040625
0 0.32734375 0.45234375 0.028125 0.04375
0 0.14609375 0.6328125 0.0359375 0.065625
0 0.1921875 0.61328125 0.03125 0.05625
0 0.2265625 0.6625 0.0484375 0.0578125
0 0.0140625 0.6375 0.0265625 0.0453125
0 0.053125 0.63984375 0.021875 0.0375
0 0.09140625 0.62578125 0.0265625 0.0421875
0 0.07578125 0.6890625 0.028125 0.0390625
0 0.04140625 0.55703125 0.0234375 0.0453125
0 0.0453125 0.7859375 0.025 0.0421875
0 0.11484375 0.775 0.028125 0.0484375
0 0.14921875 0.83046875 0.0296875 0.0515625
0 0.16328125 0.78125 0.0203125 0.0375
0 0.1015625 0.93203125 0.0390625 0.0640625
0 0.046875 0.9015625 0.034375 0.046875
0 0.253125 0.84921875 0.028125 0.05
0 0.19765625 0.8890625 0.028125 0.04375
0 0.2828125 0.8640625 0.028125 0.0359375
0 0.31484375 0.81953125 0.0328125 0.053125
0 0.37109375 0.77109375 0.0359375 0.0625
0 0.290625 0.6640625 0.0328125 0.0453125
0 0.2828125 0.6 0.0234375 0.04375
0 0.41484375 0.61328125 0.034375 0.05
0 0.38203125 0.56640625 0.0265625 0.0453125
0 0.4328125 0.665625 0.0265625 0.04375
0 0.3953125 0.8421875 0.03125 0.0734375
0 0.35078125 0.1109375 0.028125 0.0453125
0 0.38125 0.1078125 0.025 0.04375
0 0.46640625 0.1671875 0.034375 0.04375
0 0.51796875 0.13671875 0.034375 0.05625
0 0.4984375 0.02109375 0.03125 0.0421875
0 0.3859375 0.05546875 0.0296875 0.0375
0 0.3984375 0.01953125 0.0265625 0.0390625
0 0.4234375 0.03359375 0.0265625 0.0375
0 0.4234375 0.13515625 0.0203125 0.0328125
0 0.44921875 0.115625 0.0296875 0.0375
0 0.41796875 0.23515625 0.028125 0.046875
0 0.51953125 0.2546875 0.0296875 0.0515625
0 0.521875 0.36171875 0.03125 0.04375
0 0.54296875 0.3140625 0.0234375 0.046875
0 0.54296875 0.4640625 0.0296875 0.0625
0 0.5515625 0.39453125 0.0234375 0.0359375
0 0.56875 0.49296875 0.025 0.046875
0 0.5359375 0.56953125 0.021875 0.053125
0 0.49140625 0.54765625 0.0375 0.046875
0 0.375 0.40078125 0.01875 0.0296875
0 0.396875 0.371875 0.021875 0.04375
0 0.43125 0.38359375 0.025 0.0390625
0 0.4 0.309375 0.0234375 0.0390625
0 0.6890625 0.29921875 0.040625 0.05625
0 0.6109375 0.23671875 0.04375 0.0453125
0 0.58359375 0.18984375 0.0265625 0.040625
0 0.61640625 0.17734375 0.0234375 0.04375
0 0.64921875 0.16328125 0.0234375 0.0390625
0 0.7484375 0.3625 0.028125 0.0515625
0 0.6390625 0.34609375 0.0359375 0.0515625
0 0.73984375 0.51875 0.028125 0.0515625
0 0.6609375 0.5640625 0.025 0.0453125
0 0.6625 0.50625 0.0421875 0.046875
0 0.61328125 0.44609375 0.021875 0.0359375
0 0.5875 0.3609375 0.0234375 0.04375
0 0.54765625 0.67109375 0.03125 0.0421875
0 0.59765625 0.71015625 0.0296875 0.0625
0 0.55390625 0.83671875 0.0390625 0.059375
0 0.4609375 0.9703125 0.025 0.040625
0 0.46328125 0.91328125 0.025 0.040625
0 0.48828125 0.96171875 0.03125 0.04375
0 0.6390625 0.9765625 0.03125 0.046875
0 0.68203125 0.9 0.034375 0.0609375
0 0.7078125 0.86171875 0.03125 0.0578125
0 0.746875 0.73515625 0.0375 0.0546875
0 0.7921875 0.80546875 0.0421875 0.075
0 0.87890625 0.81484375 0.0234375 0.0453125
0 0.84453125 0.88359375 0.0328125 0.0484375
0 0.89140625 0.90390625 0.03125 0.04375
0 0.83125 0.48828125 0.0375 0.05
0 0.83515625 0.41640625 0.0328125 0.0625
0 0.91875 0.4375 0.0359375 0.059375
0 0.228125 0.7203125 0.0328125 0.0359375
0 0.9828125 0.109375 0.034375 0.0609375
0 0.946875 0.28046875 0.028125 0.05
0 0.86875 0.2515625 0.0359375 0.05625
0 0.71328125 0.10859375 0.0203125 0.0375
0 0.7125 0.059375 0.0234375 0.0375
0 0.75234375 0.0203125 0.04375 0.040625
0 0.98359375 0.309375 0.0328125 0.053125
0 0.98515625 0.93828125 0.028125 0.05
0 0.790625 0.9828125 0.034375 0.034375
0 0.6359375 0.834375 0.0234375 0.0390625
0 0.578125 0.9515625 0.0234375 0.0421875
0 0.4 0.9359375 0.034375 0.040625
0 0.34765625 0.9453125 0.025 0.04375
0 0.26640625 0.0546875 0.0265625 0.0375