0 0.93984375 0.9171875 0.028125 0.0390625
0 0.84453125 0.95 0.025 0.05
0 0.8625 0.8578125 0.0328125 0.0546875
0 0.865625 0.81953125 0.0265625 0.028125
0 0.85390625 0.78671875 0.0265625 0.040625
0 0.7390625 0.81171875 0.0359375 0.046875
0 0.7640625 0.7703125 0.0234375 0.03125
0 0.84296875 0.74921875 0.021875 0.03125
0 0.928125 0.6453125 0.0390625 0.0578125
0 0.93984375 0.759375 0.021875 0.04375
0 0.81640625 0.93203125 0.0296875 0.0359375
0 0.990625 0.871875 0.0171875 0.034375
0 0.97734375 0.9015625 0.0234375 0.034375
0 0.94140625 0.85078125 0.025 0.028125
0 0.93515625 0.5765625 0.0234375 0.0296875
0 0.921875 0.5203125 0.0328125 0.0390625
0 0.871875 0.43828125 0.0515625 0.0875
0 0.94765625 0.4375 0.03125 0.0640625
0 0.89140625 0.3296875 0.040625 0.065625
0 0.92265625 0.23359375 0.0328125 0.05
0 0.89921875 0.11015625 0.021875 0.0296875
0 0.88203125 0.109375 0.0234375 0.0609375
0 0.93359375 0.1015625 0.0234375 0.0421875
0 0.9390625 0.05859375 0.028125 0.0234375
0 0.96796875 0.12890625 0.021875 0.0296875
0 0.91796875 0.18828125 0.0171875 0.034375
0 0.771875 0.05546875 0.0296875 0.04375
0 0.840625 0.0265625 0.0265625 0.0328125
0 0.734375 0.13671875 0.034375 0.0625
0 0.7171875 0.26015625 0.0328125 0.0546875
0 0.6984375 0.353125 0.028125 0.040625
0 0.68203125 0.18359375 0.0234375 0.053125
0 0.8390625 0.52734375 0.021875 0.04375
0 0.78828125 0.46875 0.028125 0.0375
0 0.6828125 0.5109375 0.03125 0.0453125
0 0.76171875 0.62890625 0.0359375 0.0515625
0 0.7390625 0.6921875 0.0234375 0.0609375
0 0.846875 0.68359375 0.0296875 0.03125
0 0.79609375 0.62265625 0.025 0.0390625
0 0.82578125 0.59375 0.0234375 0.0375
0 0.796875 0.821875 0.0234375 0.0453125
0 0.721875 0.89453125 0.021875 0.0375
0 0.6671875 0.9390625 0.028125 0.0328125
0 0.6171875 0.85546875 0.0296875 0.04375
0 0.67109375 0.8171875 0.021875 0.0359375
0 0.6625 0.85234375 0.0203125 0.028125
0 0.64765625 0.83828125 0.0203125 0.034375
0 0.66328125 0.71171875 0.0203125 0.03125
0 0.6625 0.746875 0.0234375 0.03125
0 0.66640625 0.77421875 0.015625 0.0265625
0 0.6484375 0.76484375 0.01875 0.0375
0 0.64375 0.71953125 0.0234375 0.034375
0 0.62734375 0.69921875 0.028125 0.0375
0 0.58125 0.51875 0.0546875 0.0765625
0 0.6609375 0.58125 0.028125 0.0328125
0 0.6359375 0.48359375 0.025 0.0375
0 0.56796875 0.42734375 0.0265625 0.046875
0 0.546875 0.36953125 0.0390625 0.053125
0 0.64140625 0.3453125 0.025 0.034375
0 0.64375 0.28515625 0.03125 0.0484375
0 0.56796875 0.2734375 0.0265625 0.0484375
0 0.6078125 0.0609375 0.046875 0.0765625
0 0.66015625 0.0546875 0.0203125 0.0328125
0 0.69296875 0.07109375 0.021875 0.03125
0 0.65703125 0.08828125 0.021875 0.03125
0 0.64765625 0.14765625 0.021875 0.0421875
0 0.64296875 0.1765625 0.0203125 0.0390625
0 0.7890625 0.3859375 0.0234375 0.0375
0 0.85078125 0.125 0.025 0.0359375
0 0.8578125 0.1625 0.021875 0.03125
0 0.91796875 0.1265625 0.01875 0.034375
0 0.4796875 0.93671875 0.028125 0.0375
0 0.45859375 0.821875 0.0328125 0.0453125
0 0.47421875 0.7796875 0.025 0.0234375
0 0.4546875 0.76640625 0.0203125 0.0390625
0 0.3984375 0.628125 0.0296875 0.05625
0 0.47578125 0.51171875 0.0234375 0.04375
0 0.5171875 0.4578125 0.025 0.040625
0 0.453125 0.43046875 0.028125 0.0515625
0 0.43046875 0.11484375 0.0328125 0.0609375
0 0.4546875 0.10390625 0.0203125 0.0375
0 0.49140625 0.096875 0.025 0.0359375
0 0.47109375 0.1796875 0.0203125 0.0421875
0 0.3375 0.0421875 0.0421875 0.0640625
0 0.2953125 0.15703125 0.028125 0.046875
0 0.24375 0.1140625 0.0375 0.075
0 0.2125 0.22421875 0.0453125 0.0703125
0 0.1546875 0.109375 0.0453125 0.0765625
0 0.04921875 0.1625 0.0375 0.0578125
0 0.0984375 0.25234375 0.025 0.0515625
0 0.01953125 0.16875 0.0171875 0.0375
0 0.06015625 0.03984375 0.0328125 0.0296875
0 0.06875 0.06953125 0.021875 0.0328125
0 0.125 0.14453125 0.0265625 0.046875
0 0.15703125 0.48671875 0.0375 0.05625
0 0.06484375 0.6015625 0.0328125 0.0625
0 0.09140625 0.5640625 0.0265625 0.0546875
0 0.196875 0.62734375 0.0390625 0.05
0 0.3125 0.5859375 0.034375 0.0484375
0 0.29765625 0.8046875 0.0390625 0.065625
0 0.0921875 0.70234375 0.0296875 0.0421875
0 0.10390625 0.7359375 0.025 0.0359375
0 0.12578125 0.80390625 0.0265625 0.0453125
0 0.1296875 0.92734375 0.01875 0.025
0 0.34140625 0.6890625 0.0203125 0.040625
0 0.3328125 0.8796875 0.0234375 0.0328125
0 0.20234375 0.5484375 0.028125 0.0296875
0 0.29453125 0.51953125 0.028125 0.0390625
0 0.27890625 0.47109375 0.0203125 0.0265625
0 0.26015625 0.4890625 0.028125 0.034375
0 0.29921875 0.234375 0.025 0.05
0 0.24296875 0.0265625 0.0234375 0.053125
0 0.25859375 0.065625 0.03125 0.0359375
0 0.7734375 0.546875 0.021875 0.0296875
0 0.74765625 0.52109375 0.0171875 0.028125
0 0.73046875 0.56875 0.021875 0.0359375
0 0.790625 0.95703125 0.01875 0.03125
0 0.76484375 0.96015625 0.0171875 0.0296875
0 0.70234375 0.9421875 0.0125 0.0203125
0 0.7859375 0.29609375 0.0171875 0.0265625
0 0.75859375 0.30234375 0.01875 0.028125
0 0.8203125 0.275 0.021875 0.0265625
0 0.88828125 0.23828125 0.0234375 0.0296875
0 0.803125 0.196875 0.0140625 0.025
0 0.82578125 0.15625 0.015625 0.0296875
0 0.79296875 0.165625 0.01875 0.0328125
0 0.821875 0.1203125 0.021875 0.03125
0 0.7953125 0.115625 0.015625 0.028125
0 0.7859375 0.0265625 0.0171875 0.0265625
0 0.803125 0.0390625 0.01875 0.028125
0 0.7546875 0.03515625 0.0171875 0.028125
0 0.77109375 0.0125 0.0171875 0.025
0 0.74453125 0.0640625 0.0203125 0.03125
0 0.746875 0.09765625 0.0203125 0.03125
0 0.72734375 0.09609375 0.015625 0.021875
0 0.7171875 0.07578125 0.0171875 0.028125
0 0.68125 0.0453125 0.01875 0.0296875
0 0.6859375 0.12109375 0.0171875 0.0265625
0 0.6609375 0.1140625 0.01875 0.0265625
0 0.66640625 0.21328125 0.0203125 0.0265625
0 0.5671875 0.215625 0.015625 0.0234375
0 0.49296875 0.046875 0.0203125 0.0359375
0 0.5234375 0.02109375 0.0234375 0.0375
0 0.48984375 0.18359375 0.0203125 0.0265625
0 0.45234375 0.20234375 0.021875 0.034375
0 0.334375 0.1890625 0.0203125 0.028125
0 0.4078125 0.15234375 0.0234375 0.025
0 0.40546875 0.1171875 0.0265625 0.0328125
0 0.37734375 0.109375 0.0203125 0.0265625
0 0.37890625 0.14609375 0.01875 0.0296875
0 0.35 0.61328125 0.0203125 0.0328125
0 0.396875 0.56015625 0.0171875 0.0296875