0 0.01328125 0.66015625 0.0265625 0.065625
0 0.04765625 0.621875 0.0390625 0.053125
0 0.0421875 0.5265625 0.0234375 0.05625
0 0.06484375 0.4578125 0.0390625 0.065625
0 0.1125 0.453125 0.0375 0.0515625
0 0.09375 0.30625 0.0359375 0.0625
0 0.1078125 0.2515625 0.0265625 0.0453125
0 0.0359375 0.2375 0.034375 0.0546875
0 0.04765625 0.1296875 0.021875 0.0359375
0 0.0765625 0.0453125 0.0390625 0.046875
0 0.19140625 0.28125 0.03125 0.05
0 0.2328125 0.409375 0.040625 0.034375
0 0.2234375 0.675 0.0453125 0.0390625
0 0.1515625 0.51875 0.025 0.0328125
0 0.165625 0.56484375 0.0328125 0.0359375
0 0.1234375 0.5703125 0.034375 0.040625
0 0.33046875 0.63359375 0.0390625 0.053125
0 0.265625 0.90546875 0.0390625 0.0609375
0 0.26015625 0.8296875 0.0359375 0.053125
0 0.3546875 0.878125 0.0265625 0.040625
0 0.209375 0.73984375 0.0328125 0.04375
0 0.50703125 0.80546875 0.0359375 0.0515625
0 0.42578125 0.63125 0.0359375 0.0421875
0 0.33515625 0.55703125 0.03125 0.04375
0 0.43671875 0.45546875 0.0375 0.0578125
0 0.44296875 0.559375 0.03125 0.053125
0 0.4734375 0.44140625 0.040625 0.05625
0 0.44765625 0.3828125 0.021875 0.0296875
0 0.534375 0.353125 0.0234375 0.040625
0 0.425 0.29609375 0.028125 0.0359375
0 0.453125 0.30703125 0.034375 0.0515625
0 0.2859375 0.2734375 0.028125 0.05
0 0.2453125 0.203125 0.03125 0.0484375
0 0.3890625 0.0609375 0.0296875 0.03125
0 0.42578125 0.08828125 0.0375 0.05
0 0.35078125 0.1046875 0.0296875 0.046875
0 0.49921875 0.05390625 0.0234375 0.0296875
0 0.6578125 0.065625 0.028125 0.0421875
0 0.58671875 0.15234375 0.0296875 0.0390625
0 0.74921875 0.18359375 0.028125 0.0421875
0 0.6609375 0.40859375 0.025 0.03125
0 0.70078125 0.4125 0.028125 0.0484375
0 0.74296875 0.41171875 0.0265625 0.0359375
0 0.909375 0.16875 0.028125 0.046875
0 0.5765625 0.59609375 0.0390625 0.0453125
0 0.64921875 0.6421875 0.0234375 0.0390625
0 0.715625 0.71484375 0.0234375 0.0421875
0 0.7609375 0.73359375 0.0328125 0.040625
0 0.73671875 0.89609375 0.0265625 0.03125
0 0.82578125 0.81328125 0.0328125 0.04375
0 0.84765625 0.86953125 0.0296875 0.0453125
0 0.9015625 0.7765625 0.025 0.04375
0 0.67734375 0.53125 0.0359375 0.046875
0 0.8984375 0.95234375 0.0296875 0.040625
0 0.91953125 0.71328125 0.0265625 0.040625
0 0.73046875 0.5171875 0.03125 0.0484375
0 0.56015625 0.47890625 0.028125 0.0359375
0 0.459375 0.83984375 0.021875 0.034375
0 0.2765625 0.49609375 0.025 0.04375
0 0.25078125 0.51328125 0.021875 0.0390625
0 0.16875 0.33125 0.021875 0.0390625