0 0.75625 0.16796875 0.0453125 0.0765625
0 0.81015625 0.10390625 0.0390625 0.0609375
0 0.859375 0.1203125 0.0375 0.053125
0 0.92421875 0.14609375 0.0359375 0.0609375
0 0.95859375 0.0984375 0.028125 0.046875
0 0.8484375 0.20703125 0.0390625 0.0578125
0 0.78984375 0.3203125 0.046875 0.075
0 0.93984375 0.2703125 0.0234375 0.040625
0 0.96484375 0.36875 0.0359375 0.0578125
0 0.93671875 0.41875 0.0390625 0.0546875
0 0.90390625 0.36796875 0.0390625 0.059375
0 0.846875 0.42578125 0.040625 0.0734375
0 0.890625 0.60078125 0.0453125 0.0859375
0 0.98671875 0.5328125 0.0265625 0.05
0 0.83984375 0.609375 0.040625 0.0734375
0 0.98515625 0.6234375 0.0234375 0.040625
0 0.94609375 0.6109375 0.0359375 0.0515625
0 0.78515625 0.6203125 0.034375 0.0546875
0 0.80390625 0.5203125 0.0375 0.05
0 0.81015625 0.4703125 0.025 0.0390625
0 0.7671875 0.38125 0.0328125 0.0375
0 0.721875 0.37578125 0.0421875 0.075
0 0.95859375 0.72109375 0.034375 0.0640625
0 0.8859375 0.71796875 0.0375 0.046875
0 0.8421875 0.703125 0.03125 0.040625
0 0.77890625 0.7 0.046875 0.0515625
0 0.765625 0.79296875 0.04375 0.0796875
0 0.878125 0.928125 0.034375 0.059375
0 0.8328125 0.89296875 0.0421875 0.08125
0 0.79453125 0.88828125 0.0375 0.065625
0 0.6953125 0.94140625 0.0484375 0.075
0 0.6828125 0.8015625 0.0484375 0.0890625
0 0.603125 0.81484375 0.0359375 0.0671875
0 0.575 0.7234375 0.0390625 0.0671875
0 0.665625 0.628125 0.034375 0.0546875
0 0.603125 0.55625 0.0375 0.0578125
0 0.66953125 0.5171875 0.0453125 0.059375
0 0.67265625 0.428125 0.0375 0.05625
0 0.62890625 0.38359375 0.034375 0.0453125
0 0.63359375 0.22109375 0.0390625 0.065625
0 0.596875 0.28203125 0.03125 0.0484375
0 0.62890625 0.1546875 0.0484375 0.075
0 0.54296875 0.13359375 0.040625 0.05625
0 0.59140625 0.04140625 0.0296875 0.0546875
0 0.5328125 0.06015625 0.0296875 0.0515625
0 0.4765625 0.0640625 0.0375 0.046875
0 0.5046875 0.20546875 0.0359375 0.0640625
0 0.4625 0.12734375 0.03125 0.0484375
0 0.41484375 0.06875 0.03125 0.0515625
0 0.53125 0.33671875 0.0390625 0.0671875
0 0.4765625 0.3765625 0.0375 0.0625
0 0.378125 0.41484375 0.040625 0.078125
0 0.42578125 0.41484375 0.0359375 0.0546875
0 0.509375 0.58359375 0.0328125 0.05625
0 0.50859375 0.51328125 0.0359375 0.046875
0 0.51328125 0.4578125 0.03125 0.0390625
0 0.5625 0.5109375 0.0453125 0.0578125
0 0.43984375 0.584375 0.034375 0.059375
0 0.390625 0.56171875 0.0375 0.0703125
0 0.49609375 0.659375 0.046875 0.0734375
0 0.56328125 0.60546875 0.0390625 0.0484375
0 0.5203125 0.89296875 0.04375 0.0703125
0 0.51015625 0.81640625 0.0328125 0.053125
0 0.51875 0.7546875 0.0390625 0.0546875
0 0.4828125 0.728125 0.0328125 0.0515625
0 0.39375 0.95 0.0453125 0.078125
0 0.43203125 0.75703125 0.0296875 0.0578125
0 0.33203125 0.90390625 0.0421875 0.0546875
0 0.16875 0.93984375 0.034375 0.0484375
0 0.165625 0.8015625 0.034375 0.0546875
0 0.2359375 0.88515625 0.0328125 0.04375
0 0.05859375 0.76015625 0.0453125 0.059375
0 0.07265625 0.896875 0.0296875 0.0484375
0 0.0671875 0.85390625 0.0265625 0.05
0 0.040625 0.82734375 0.0296875 0.040625
0 0.02734375 0.78125 0.034375 0.0515625
0 0.0296875 0.896875 0.0296875 0.040625
0 0.2546875 0.6484375 0.0578125 0.0765625
0 0.29375 0.5828125 0.0390625 0.0515625
0 0.35078125 0.5703125 0.0390625 0.0625
0 0.34375 0.4640625 0.034375 0.059375
0 0.29453125 0.46640625 0.0359375 0.0578125
0 0.30234375 0.4046875 0.0390625 0.0609375
0 0.24375 0.50625 0.040625 0.0453125
0 0.23125 0.46640625 0.034375 0.0546875
0 0.16328125 0.49765625 0.0328125 0.0453125
0 0.14921875 0.5796875 0.0390625 0.0515625
0 0.046875 0.39609375 0.0375 0.0515625
0 0.02890625 0.53125 0.03125 0.0515625
0 0.10234375 0.509375 0.034375 0.0359375
0 0.1515625 0.3625 0.028125 0.0625
0 0.175 0.1890625 0.040625 0.059375
0 0.24921875 0.17421875 0.034375 0.0609375
0 0.32109375 0.1484375 0.0546875 0.08125
0 0.0984375 0.0875 0.046875 0.05625
0 0.17578125 0.0421875 0.0390625 0.0453125
0 0.2484375 0.040625 0.034375 0.0484375
0 0.3515625 0.03359375 0.0359375 0.0453125