0 0.01328125 0.33984375 0.0265625 0.065625
0 0.04765625 0.378125 0.0390625 0.053125
0 0.0421875 0.4734375 0.0234375 0.05625
0 0.06484375 0.5421875 0.0390625 0.065625
0 0.1125 0.546875 0.0375 0.0515625
0 0.09375 0.69375 0.0359375 0.0625
0 0.1078125 0.7484375 0.0265625 0.0453125
0 0.0359375 0.7625 0.034375 0.0546875
0 0.04765625 0.8703125 0.021875 0.0359375
0 0.0765625 0.9546875 0.0390625 0.046875
0 0.19140625 0.71875 0.03125 0.05
0 0.2328125 0.590625 0.040625 0.034375
0 0.2234375 0.325 0.0453125 0.0390625
0 0.1515625 0.48125 0.025 0.0328125
0 0.165625 0.43515625 0.0328125 0.0359375
0 0.1234375 0.4296875 0.034375 0.040625
0 0.33046875 0.36640625 0.0390625 0.053125
0 0.265625 0.09453125 0.0390625 0.0609375
0 0.26015625 0.1703125 0.0359375 0.053125
0 0.3546875 0.121875 0.0265625 0.040625
0 0.209375 0.26015625 0.0328125 0.04375
0 0.50703125 0.19453125 0.0359375 0.0515625
0 0.42578125 0.36875 0.0359375 0.0421875
0 0.33515625 0.44296875 0.03125 0.04375
0 0.43671875 0.54453125 0.0375 0.0578125
0 0.44296875 0.440625 0.03125 0.053125
0 0.4734375 0.55859375 0.040625 0.05625
0 0.44765625 0.6171875 0.021875 0.0296875
0 0.534375 0.646875 0.0234375 0.040625
0 0.425 0.70390625 0.028125 0.0359375
0 0.453125 0.69296875 0.034375 0.0515625
0 0.2859375 0.7265625 0.028125 0.05
0 0.2453125 0.796875 0.03125 0.0484375
0 0.3890625 0.9390625 0.0296875 0.03125
0 0.42578125 0.91171875 0.0375 0.05
0 0.35078125 0.8953125 0.0296875 0.046875
0 0.49921875 0.94609375 0.0234375 0.0296875
0 0.6578125 0.934375 0.028125 0.0421875
0 0.58671875 0.84765625 0.0296875 0.0390625
0 0.74921875 0.81640625 0.028125 0.0421875
0 0.6609375 0.59140625 0.025 0.03125
0 0.70078125 0.5875 0.028125 0.0484375
0 0.74296875 0.58828125 0.0265625 0.0359375
0 0.909375 0.83125 0.028125 0.046875
0 0.5765625 0.40390625 0.0390625 0.0453125
0 0.64921875 0.3578125 0.0234375 0.0390625
0 0.715625 0.28515625 0.0234375 0.0421875
0 0.7609375 0.26640625 0.0328125 0.040625
0 0.73671875 0.10390625 0.0265625 0.03125
0 0.82578125 0.18671875 0.0328125 0.04375
0 0.84765625 0.13046875 0.0296875 0.0453125
0 0.9015625 0.2234375 0.025 0.04375
0 0.67734375 0.46875 0.0359375 0.046875
0 0.8984375 0.04765625 0.0296875 0.040625
0 0.91953125 0.28671875 0.0265625 0.040625
0 0.73046875 0.4828125 0.03125 0.0484375
0 0.56015625 0.52109375 0.028125 0.0359375
0 0.459375 0.16015625 0.021875 0.034375
0 0.2765625 0.50390625 0.025 0.04375
0 0.25078125 0.48671875 0.021875 0.0390625
0 0.16875 0.66875 0.021875 0.0390625