0 0.98671875 0.33984375 0.0265625 0.065625
0 0.95234375 0.378125 0.0390625 0.053125
0 0.9578125 0.4734375 0.0234375 0.05625
0 0.93515625 0.5421875 0.0390625 0.065625
0 0.8875 0.546875 0.0375 0.0515625
0 0.90625 0.69375 0.0359375 0.0625
0 0.8921875 0.7484375 0.0265625 0.0453125
0 0.9640625 0.7625 0.034375 0.0546875
0 0.95234375 0.8703125 0.021875 0.0359375
0 0.9234375 0.9546875 0.0390625 0.046875
0 0.80859375 0.71875 0.03125 0.05
0 0.7671875 0.590625 0.040625 0.034375
0 0.7765625 0.325 0.0453125 0.0390625
0 0.8484375 0.48125 0.025 0.0328125
0 0.834375 0.43515625 0.0328125 0.0359375
0 0.8765625 0.4296875 0.034375 0.040625
0 0.66953125 0.36640625 0.0390625 0.053125
0 0.734375 0.09453125 0.0390625 0.0609375
0 0.73984375 0.1703125 0.0359375 0.053125
0 0.6453125 0.121875 0.0265625 0.040625
0 0.790625 0.26015625 0.0328125 0.04375
0 0.49296875 0.19453125 0.0359375 0.0515625
0 0.57421875 0.36875 0.0359375 0.0421875
0 0.66484375 0.44296875 0.03125 0.04375
0 0.56328125 0.54453125 0.0375 0.0578125
0 0.55703125 0.440625 0.03125 0.053125
0 0.5265625 0.55859375 0.040625 0.05625
0 0.55234375 0.6171875 0.021875 0.0296875
0 0.465625 0.646875 0.0234375 0.040625
0 0.575 0.70390625 0.028125 0.0359375
0 0.546875 0.69296875 0.034375 0.0515625
0 0.7140625 0.7265625 0.028125 0.05
0 0.7546875 0.796875 0.03125 0.0484375
0 0.6109375 0.9390625 0.0296875 0.03125
0 0.57421875 0.91171875 0.0375 0.05
0 0.64921875 0.8953125 0.0296875 0.046875
0 0.50078125 0.94609375 0.0234375 0.0296875
0 0.3421875 0.934375 0.028125 0.0421875
0 0.41328125 0.84765625 0.0296875 0.0390625
0 0.25078125 0.81640625 0.028125 0.0421875
0 0.3390625 0.59140625 0.025 0.03125
0 0.29921875 0.5875 0.028125 0.0484375
0 0.25703125 0.58828125 0.0265625 0.0359375
0 0.090625 0.83125 0.028125 0.046875
0 0.4234375 0.40390625 0.0390625 0.0453125
0 0.35078125 0.3578125 0.0234375 0.0390625
0 0.284375 0.28515625 0.0234375 0.0421875
0 0.2390625 0.26640625 0.0328125 0.040625
0 0.26328125 0.10390625 0.0265625 0.03125
0 0.17421875 0.18671875 0.0328125 0.04375
0 0.15234375 0.13046875 0.0296875 0.0453125
0 0.0984375 0.2234375 0.025 0.04375
0 0.32265625 0.46875 0.0359375 0.046875
0 0.1015625 0.04765625 0.0296875 0.040625
0 0.08046875 0.28671875 0.0265625 0.040625
0 0.26953125 0.4828125 0.03125 0.0484375
0 0.43984375 0.52109375 0.028125 0.0359375
0 0.540625 0.16015625 0.021875 0.034375
0 0.7234375 0.50390625 0.025 0.04375
0 0.74921875 0.48671875 0.021875 0.0390625
0 0.83125 0.66875 0.021875 0.0390625