0 0.8609375 0.78515625 0.0234375 0.0375
0 0.8671875 0.684375 0.0203125 0.0359375
0 0.87734375 0.6375 0.01875 0.0359375
0 0.990625 0.58515625 0.0171875 0.0390625
0 0.95703125 0.5328125 0.0234375 0.0390625
0 0.98984375 0.51328125 0.0140625 0.0265625
0 0.990625 0.4671875 0.015625 0.03125
0 0.990625 0.7859375 0.01875 0.04375
0 0.96484375 0.875 0.01875 0.03125
0 0.94453125 0.94453125 0.01875 0.0296875
0 0.85546875 0.9796875 0.0140625 0.0328125
0 0.89296875 0.809375 0.021875 0.0328125
0 0.80546875 0.79453125 0.01875 0.0359375
0 0.8234375 0.746875 0.01875 0.0265625
0 0.8078125 0.74296875 0.0171875 0.0234375
0 0.7921875 0.75546875 0.0171875 0.04375
0 0.83828125 0.69765625 0.0125 0.0375
0 0.915625 0.5734375 0.0171875 0.04375
0 0.81796875 0.6 0.0171875 0.028125
0 0.91953125 0.296875 0.0203125 0.040625
0 0.8875 0.20390625 0.0234375 0.0453125
0 0.88359375 0.27578125 0.0234375 0.0328125
0 0.98359375 0.28671875 0.01875 0.0390625
0 0.9734375 0.06015625 0.01875 0.0359375
0 0.95625 0.05078125 0.025 0.0390625
0 0.90234375 0.0671875 0.021875 0.0375
0 0.9296875 0.1859375 0.0140625 0.0359375
0 0.80234375 0.16484375 0.021875 0.0421875
0 0.728125 0.528125 0.0203125 0.0390625
0 0.8078125 0.55390625 0.0203125 0.025
0 0.809375 0.528125 0.0203125 0.03125
0 0.79296875 0.51328125 0.015625 0.0296875
0 0.8078125 0.478125 0.015625 0.028125
0 0.8703125 0.3625 0.0140625 0.0296875
0 0.90234375 0.35703125 0.0171875 0.028125
0 0.7140625 0.67890625 0.0234375 0.034375
0 0.6796875 0.721875 0.021875 0.0296875
0 0.73203125 0.73515625 0.015625 0.03125
0 0.72265625 0.759375 0.021875 0.028125
0 0.740625 0.834375 0.0265625 0.03125
0 0.73828125 0.80390625 0.0296875 0.0359375
0 0.70859375 0.8453125 0.0265625 0.034375
0 0.66640625 0.84921875 0.01875 0.0375
0 0.69765625 0.884375 0.025 0.028125
0 0.72890625 0.89453125 0.021875 0.0296875
0 0.7046875 0.9375 0.0203125 0.034375
0 0.73984375 0.959375 0.025 0.034375
0 0.74921875 0.90625 0.0203125 0.0296875
0 0.65625 0.9375 0.01875 0.0296875
0 0.66953125 0.89765625 0.0171875 0.03125
0 0.61328125 0.915625 0.021875 0.0328125
0 0.6390625 0.86171875 0.015625 0.0234375
0 0.59921875 0.79453125 0.0265625 0.040625
0 0.63828125 0.73125 0.0140625 0.025
0 0.62734375 0.71328125 0.0171875 0.0234375
0 0.6171875 0.6875 0.0296875 0.03125
0 0.62890625 0.64296875 0.01875 0.0296875
0 0.59375 0.57734375 0.021875 0.0390625
0 0.6125 0.534375 0.025 0.028125
0 0.60546875 0.51328125 0.0203125 0.0234375
0 0.59609375 0.49609375 0.0171875 0.025
0 0.54453125 0.62578125 0.025 0.0234375
0 0.5328125 0.64921875 0.0203125 0.028125
0 0.5765625 0.75234375 0.01875 0.03125
0 0.559375 0.72578125 0.021875 0.028125
0 0.565625 0.7 0.0234375 0.021875
0 0.5625 0.67890625 0.025 0.0296875
0 0.54375 0.74765625 0.0203125 0.0328125
0 0.54453125 0.5796875 0.0140625 0.0328125
0 0.525 0.5828125 0.0203125 0.03125
0 0.54921875 0.4546875 0.0171875 0.0265625
0 0.53671875 0.871875 0.0125 0.0265625
0 0.5375 0.84453125 0.015625 0.0296875
0 0.5453125 0.925 0.0140625 0.0234375
0 0.5125 0.95078125 0.0171875 0.034375
0 0.52578125 0.9875 0.015625 0.025
0 0.49609375 0.91875 0.01875 0.0390625
0 0.5109375 0.88359375 0.0203125 0.0328125
0 0.49921875 0.834375 0.0171875 0.0328125
0 0.4765625 0.82890625 0.0140625 0.0359375
0 0.4484375 0.825 0.0171875 0.03125
0 0.453125 0.87890625 0.0296875 0.0296875
0 0.47109375 0.8671875 0.0203125 0.028125
0 0.46796875 0.90859375 0.0203125 0.0265625
0 0.4375 0.89453125 0.025 0.0234375
0 0.40390625 0.86328125 0.0171875 0.05
0 0.4390625 0.74453125 0.0203125 0.034375
0 0.44921875 0.70703125 0.021875 0.03125
0 0.465625 0.740625 0.0234375 0.028125
0 0.475 0.77890625 0.0203125 0.03125
0 0.234375 0.93125 0.01875 0.028125
0 0.2625 0.834375 0.0234375 0.0359375
0 0.29375 0.803125 0.0125 0.028125
0 0.27734375 0.8015625 0.01875 0.0375
0 0.34921875 0.7453125 0.025 0.028125
0 0.36640625 0.78046875 0.0203125 0.021875
0 0.34296875 0.875 0.028125 0.0390625
0 0.30703125 0.93515625 0.0203125 0.034375
0 0.15546875 0.853125 0.01875 0.021875
0 0.2171875 0.78984375 0.025 0.0375
0 0.0515625 0.83515625 0.0234375 0.0390625
0 0.1125 0.88125 0.0234375 0.040625
0 0.05078125 0.91171875 0.021875 0.0296875
0 0.0734375 0.921875 0.021875 0.0234375
0 0.1015625 0.93359375 0.0234375 0.03125
0 0.0984375 0.98046875 0.01875 0.0328125
0 0.04765625 0.77421875 0.0203125 0.0265625
0 0.078125 0.81015625 0.0203125 0.028125
0 0.065625 0.7875 0.0265625 0.0328125
0 0.0671875 0.7671875 0.0171875 0.0265625
0 0.1015625 0.5609375 0.025 0.04375
0 0.0359375 0.490625 0.0296875 0.0484375
0 0.26953125 0.5484375 0.0234375 0.040625
0 0.26875 0.46953125 0.0203125 0.0390625
0 0.2875 0.46328125 0.0234375 0.034375
0 0.31328125 0.56484375 0.0203125 0.028125
0 0.45234375 0.49375 0.021875 0.040625
0 0.4984375 0.525 0.0265625 0.03125
0 0.47109375 0.57109375 0.0203125 0.034375
0 0.47421875 0.625 0.0203125 0.0359375
0 0.4515625 0.5421875 0.021875 0.0359375
0 0.40625 0.2421875 0.025 0.0390625
0 0.4453125 0.32890625 0.0171875 0.028125
0 0.42734375 0.36640625 0.0234375 0.0234375
0 0.37421875 0.284375 0.0203125 0.03125
0 0.48203125 0.19609375 0.021875 0.0296875
0 0.11875 0.24140625 0.01875 0.0390625
0 0.08359375 0.19921875 0.021875 0.0390625
0 0.00546875 0.39609375 0.0109375 0.046875