0 0.20078125 0.12109375 0.0453125 0.084375
0 0.2 0.30078125 0.0328125 0.05
0 0.2140625 0.23359375 0.040625 0.06875
0 0.04375 0.17890625 0.028125 0.05
0 0.06484375 0.1375 0.034375 0.0484375
0 0.05 0.29609375 0.0203125 0.04375
0 0.1296875 0.2921875 0.028125 0.0421875
0 0.08515625 0.55234375 0.028125 0.04375
0 0.1171875 0.58515625 0.0203125 0.0421875
0 0.12265625 0.52578125 0.0234375 0.0421875
0 0.01875 0.603125 0.03125 0.040625
0 0.0125 0.5390625 0.025 0.046875
0 0.09453125 0.73359375 0.025 0.04375
0 0.09921875 0.6890625 0.021875 0.034375
0 0.128125 0.6203125 0.0140625 0.028125
0 0.01171875 0.72109375 0.0234375 0.0328125
0 0.109375 0.88515625 0.040625 0.059375
0 0.09375 0.81875 0.021875 0.0265625
0 0.1 0.79375 0.0203125 0.03125
0 0.17734375 0.83828125 0.025 0.04375
0 0.2234375 0.81640625 0.0234375 0.0375
0 0.253125 0.84921875 0.021875 0.0453125
0 0.21796875 0.88359375 0.0203125 0.0296875
0 0.26015625 0.95078125 0.0171875 0.0390625
0 0.3046875 0.971875 0.025 0.05625
0 0.21796875 0.9859375 0.0265625 0.028125
0 0.31328125 0.7375 0.0359375 0.04375
0 0.23203125 0.7390625 0.0296875 0.0453125
0 0.21328125 0.653125 0.0296875 0.0453125
0 0.26796875 0.6546875 0.0296875 0.0421875
0 0.30859375 0.64140625 0.021875 0.0359375
0 0.27265625 0.559375 0.021875 0.0296875
0 0.221875 0.584375 0.0265625 0.0359375
0 0.21953125 0.53828125 0.021875 0.028125
0 0.2203125 0.51171875 0.0234375 0.03125
0 0.22578125 0.47890625 0.0234375 0.03125
0 0.2328125 0.45 0.03125 0.0375
0 0.2640625 0.5 0.0203125 0.0328125
0 0.26875 0.4625 0.034375 0.0375
0 0.309375 0.5453125 0.0203125 0.03125
0 0.178125 0.465625 0.015625 0.0296875
0 0.20625 0.44296875 0.0203125 0.0375
0 0.209375 0.41484375 0.0203125 0.0265625
0 0.22890625 0.3953125 0.0203125 0.03125
0 0.24921875 0.39765625 0.0171875 0.040625
0 0.2703125 0.40546875 0.0234375 0.040625
0 0.19921875 0.38984375 0.0203125 0.021875
0 0.2203125 0.36953125 0.0203125 0.03125
0 0.2359375 0.34375 0.0265625 0.0484375
0 0.246875 0.29609375 0.0203125 0.0421875
0 0.26796875 0.26875 0.021875 0.04375
0 0.27265625 0.21171875 0.0265625 0.0484375
0 0.23671875 0.18515625 0.0296875 0.0453125
0 0.23671875 0.11875 0.028125 0.053125
0 0.2828125 0.1203125 0.03125 0.0484375
0 0.259375 0.08203125 0.0234375 0.046875
0 0.275 0.05703125 0.025 0.0515625
0 0.30625 0.04296875 0.0234375 0.0375
0 0.3265625 0.1515625 0.028125 0.046875
0 0.30859375 0.2203125 0.021875 0.0328125
0 0.32734375 0.3984375 0.01875 0.04375
0 0.28359375 0.340625 0.01875 0.0328125
0 0.36484375 0.06015625 0.021875 0.040625
0 0.40390625 0.0875 0.028125 0.053125
0 0.396875 0.0234375 0.025 0.0359375
0 0.4234375 0.2609375 0.0265625 0.0453125
0 0.4375 0.4625 0.0203125 0.040625
0 0.3890625 0.6578125 0.025 0.0484375
0 0.434375 0.67890625 0.0265625 0.046875
0 0.459375 0.62734375 0.0203125 0.0359375
0 0.4265625 0.57109375 0.01875 0.034375
0 0.4484375 0.753125 0.0296875 0.05
0 0.44609375 0.84140625 0.021875 0.0328125
0 0.446875 0.8078125 0.0296875 0.0421875
0 0.41953125 0.91328125 0.0265625 0.04375
0 0.51875 0.83046875 0.0203125 0.0421875
0 0.54375 0.7984375 0.0265625 0.0453125
0 0.51640625 0.8984375 0.015625 0.034375
0 0.52109375 0.9546875 0.0203125 0.04375
0 0.5109375 0.6890625 0.028125 0.0484375
0 0.5125 0.584375 0.015625 0.0328125
0 0.5421875 0.58671875 0.0203125 0.03125
0 0.5140625 0.53359375 0.01875 0.034375
0 0.5328125 0.10703125 0.0359375 0.08125
0 0.5359375 0.16484375 0.0390625 0.0625
0 0.4875 0.17734375 0.0296875 0.04375
0 0.4921875 0.2828125 0.034375 0.0453125
0 0.49375 0.23984375 0.0265625 0.0390625
0 0.51953125 0.26640625 0.028125 0.0484375
0 0.4734375 0.42265625 0.0265625 0.0359375
0 0.490625 0.38046875 0.025 0.025
0 0.60234375 0.340625 0.0375 0.0453125
0 0.6375 0.32734375 0.021875 0.0390625
0 0.61328125 0.29296875 0.028125 0.0453125
0 0.609375 0.2578125 0.028125 0.0375
0 0.6375 0.16953125 0.0359375 0.05625
0 0.58984375 0.0265625 0.0171875 0.0359375
0 0.65 0.02578125 0.028125 0.0515625
0 0.63046875 0.42578125 0.0265625 0.0578125
0 0.5984375 0.44921875 0.028125 0.0640625
0 0.5984375 0.50625 0.0359375 0.0484375
0 0.60234375 0.91015625 0.028125 0.05
0 0.6765625 0.92421875 0.0296875 0.0515625
0 0.678125 0.85390625 0.028125 0.0390625
0 0.678125 0.57890625 0.025 0.0390625
0 0.684375 0.48828125 0.0234375 0.0375
0 0.70078125 0.396875 0.028125 0.0625
0 0.69765625 0.28515625 0.0265625 0.05625
0 0.715625 0.1125 0.03125 0.0546875
0 0.69453125 0.21015625 0.0234375 0.0375
0 0.7171875 0.18046875 0.025 0.0375
0 0.77109375 0.0828125 0.0203125 0.04375
0 0.7125 0.04296875 0.0265625 0.0453125
0 0.815625 0.05703125 0.021875 0.046875
0 0.75859375 0.5265625 0.0234375 0.0578125
0 0.85 0.784375 0.028125 0.0515625
0 0.8234375 0.8171875 0.0296875 0.0609375
0 0.84921875 0.86796875 0.0265625 0.0515625
0 0.8515625 0.834375 0.021875 0.0421875
0 0.85390625 0.65078125 0.0375 0.05625
0 0.87578125 0.58046875 0.0453125 0.05625
0 0.89453125 0.4859375 0.0328125 0.053125
0 0.88125 0.42890625 0.0296875 0.0453125
0 0.903125 0.24609375 0.0296875 0.046875
0 0.915625 0.3171875 0.03125 0.0625
0 0.9234375 0.16171875 0.028125 0.05625
0 0.9234375 0.209375 0.025 0.0375
0 0.88671875 0.10625 0.0234375 0.0421875
0 0.87109375 0.07109375 0.0234375 0.0453125
0 0.9796875 0.19609375 0.040625 0.071875
0 0.98203125 0.24609375 0.034375 0.0546875
0 0.97109375 0.43125 0.0390625 0.071875
0 0.96328125 0.36875 0.0296875 0.0484375
0 0.98125 0.325 0.034375 0.053125
0 0.97890625 0.48671875 0.0296875 0.071875
0 0.95234375 0.4859375 0.03125 0.0546875
0 0.93984375 0.58984375 0.021875 0.0421875
0 0.953125 0.546875 0.0328125 0.0515625
0 0.96015625 0.61875 0.0359375 0.0484375
0 0.9796875 0.57109375 0.025 0.04375
0 0.91953125 0.75390625 0.021875 0.0375
0 0.92734375 0.7171875 0.028125 0.0546875
0 0.94609375 0.840625 0.0359375 0.065625
0 0.91484375 0.7984375 0.025 0.0484375
0 0.896875 0.9109375 0.0296875 0.04375
0 0.90546875 0.8734375 0.0203125 0.04375
0 0.94296875 0.90234375 0.021875 0.046875
0 0.96875 0.89765625 0.0296875 0.04375
0 0.9703125 0.78125 0.028125 0.04375
0 0.94453125 0.75234375 0.0234375 0.0453125