0 0.93984375 0.0828125 0.028125 0.0390625
0 0.84453125 0.05 0.025 0.05
0 0.8625 0.1421875 0.0328125 0.0546875
0 0.865625 0.18046875 0.0265625 0.028125
0 0.85390625 0.21328125 0.0265625 0.040625
0 0.7390625 0.18828125 0.0359375 0.046875
0 0.7640625 0.2296875 0.0234375 0.03125
0 0.84296875 0.25078125 0.021875 0.03125
0 0.928125 0.3546875 0.0390625 0.0578125
0 0.93984375 0.240625 0.021875 0.04375
0 0.81640625 0.06796875 0.0296875 0.0359375
0 0.990625 0.128125 0.0171875 0.034375
0 0.97734375 0.0984375 0.0234375 0.034375
0 0.94140625 0.14921875 0.025 0.028125
0 0.93515625 0.4234375 0.0234375 0.0296875
0 0.921875 0.4796875 0.0328125 0.0390625
0 0.871875 0.56171875 0.0515625 0.0875
0 0.94765625 0.5625 0.03125 0.0640625
0 0.89140625 0.6703125 0.040625 0.065625
0 0.92265625 0.76640625 0.0328125 0.05
0 0.89921875 0.88984375 0.021875 0.0296875
0 0.88203125 0.890625 0.0234375 0.0609375
0 0.93359375 0.8984375 0.0234375 0.0421875
0 0.9390625 0.94140625 0.028125 0.0234375
0 0.96796875 0.87109375 0.021875 0.0296875
0 0.91796875 0.81171875 0.0171875 0.034375
0 0.771875 0.94453125 0.0296875 0.04375
0 0.840625 0.9734375 0.0265625 0.0328125
0 0.734375 0.86328125 0.034375 0.0625
0 0.7171875 0.73984375 0.0328125 0.0546875
0 0.6984375 0.646875 0.028125 0.040625
0 0.68203125 0.81640625 0.0234375 0.053125
0 0.8390625 0.47265625 0.021875 0.04375
0 0.78828125 0.53125 0.028125 0.0375
0 0.6828125 0.4890625 0.03125 0.0453125
0 0.76171875 0.37109375 0.0359375 0.0515625
0 0.7390625 0.3078125 0.0234375 0.0609375
0 0.846875 0.31640625 0.0296875 0.03125
0 0.79609375 0.37734375 0.025 0.0390625
0 0.82578125 0.40625 0.0234375 0.0375
0 0.796875 0.178125 0.0234375 0.0453125
0 0.721875 0.10546875 0.021875 0.0375
0 0.6671875 0.0609375 0.028125 0.0328125
0 0.6171875 0.14453125 0.0296875 0.04375
0 0.67109375 0.1828125 0.021875 0.0359375
0 0.6625 0.14765625 0.0203125 0.028125
0 0.64765625 0.16171875 0.0203125 0.034375
0 0.66328125 0.28828125 0.0203125 0.03125
0 0.6625 0.253125 0.0234375 0.03125
0 0.66640625 0.22578125 0.015625 0.0265625
0 0.6484375 0.23515625 0.01875 0.0375
0 0.64375 0.28046875 0.0234375 0.034375
0 0.62734375 0.30078125 0.028125 0.0375
0 0.58125 0.48125 0.0546875 0.0765625
0 0.6609375 0.41875 0.028125 0.0328125
0 0.6359375 0.51640625 0.025 0.0375
0 0.56796875 0.57265625 0.0265625 0.046875
0 0.546875 0.63046875 0.0390625 0.053125
0 0.64140625 0.6546875 0.025 0.034375
0 0.64375 0.71484375 0.03125 0.0484375
0 0.56796875 0.7265625 0.0265625 0.0484375
0 0.6078125 0.9390625 0.046875 0.0765625
0 0.66015625 0.9453125 0.0203125 0.0328125
0 0.69296875 0.92890625 0.021875 0.03125
0 0.65703125 0.91171875 0.021875 0.03125
0 0.64765625 0.85234375 0.021875 0.0421875
0 0.64296875 0.8234375 0.0203125 0.0390625
0 0.7890625 0.6140625 0.0234375 0.0375
0 0.85078125 0.875 0.025 0.0359375
0 0.8578125 0.8375 0.021875 0.03125
0 0.91796875 0.8734375 0.01875 0.034375
0 0.4796875 0.06328125 0.028125 0.0375
0 0.45859375 0.178125 0.0328125 0.0453125
0 0.47421875 0.2203125 0.025 0.0234375
0 0.4546875 0.23359375 0.0203125 0.0390625
0 0.3984375 0.371875 0.0296875 0.05625
0 0.47578125 0.48828125 0.0234375 0.04375
0 0.5171875 0.5421875 0.025 0.040625
0 0.453125 0.56953125 0.028125 0.0515625
0 0.43046875 0.88515625 0.0328125 0.0609375
0 0.4546875 0.89609375 0.0203125 0.0375
0 0.49140625 0.903125 0.025 0.0359375
0 0.47109375 0.8203125 0.0203125 0.0421875
0 0.3375 0.9578125 0.0421875 0.0640625
0 0.2953125 0.84296875 0.028125 0.046875
0 0.24375 0.8859375 0.0375 0.075
0 0.2125 0.77578125 0.0453125 0.0703125
0 0.1546875 0.890625 0.0453125 0.0765625
0 0.04921875 0.8375 0.0375 0.0578125
0 0.0984375 0.74765625 0.025 0.0515625
0 0.01953125 0.83125 0.0171875 0.0375
0 0.06015625 0.96015625 0.0328125 0.0296875
0 0.06875 0.93046875 0.021875 0.0328125
0 0.125 0.85546875 0.0265625 0.046875
0 0.15703125 0.51328125 0.0375 0.05625
0 0.06484375 0.3984375 0.0328125 0.0625
0 0.09140625 0.4359375 0.0265625 0.0546875
0 0.196875 0.37265625 0.0390625 0.05
0 0.3125 0.4140625 0.034375 0.0484375
0 0.29765625 0.1953125 0.0390625 0.065625
0 0.0921875 0.29765625 0.0296875 0.0421875
0 0.10390625 0.2640625 0.025 0.0359375
0 0.12578125 0.19609375 0.0265625 0.0453125
0 0.1296875 0.07265625 0.01875 0.025
0 0.34140625 0.3109375 0.0203125 0.040625
0 0.3328125 0.1203125 0.0234375 0.0328125
0 0.20234375 0.4515625 0.028125 0.0296875
0 0.29453125 0.48046875 0.028125 0.0390625
0 0.27890625 0.52890625 0.0203125 0.0265625
0 0.26015625 0.5109375 0.028125 0.034375
0 0.29921875 0.765625 0.025 0.05
0 0.24296875 0.9734375 0.0234375 0.053125
0 0.25859375 0.934375 0.03125 0.0359375
0 0.7734375 0.453125 0.021875 0.0296875
0 0.74765625 0.47890625 0.0171875 0.028125
0 0.73046875 0.43125 0.021875 0.0359375
0 0.790625 0.04296875 0.01875 0.03125
0 0.76484375 0.03984375 0.0171875 0.0296875
0 0.70234375 0.0578125 0.0125 0.0203125
0 0.7859375 0.70390625 0.0171875 0.0265625
0 0.75859375 0.69765625 0.01875 0.028125
0 0.8203125 0.725 0.021875 0.0265625
0 0.88828125 0.76171875 0.0234375 0.0296875
0 0.803125 0.803125 0.0140625 0.025
0 0.82578125 0.84375 0.015625 0.0296875
0 0.79296875 0.834375 0.01875 0.0328125
0 0.821875 0.8796875 0.021875 0.03125
0 0.7953125 0.884375 0.015625 0.028125
0 0.7859375 0.9734375 0.0171875 0.0265625
0 0.803125 0.9609375 0.01875 0.028125
0 0.7546875 0.96484375 0.0171875 0.028125
0 0.77109375 0.9875 0.0171875 0.025
0 0.74453125 0.9359375 0.0203125 0.03125
0 0.746875 0.90234375 0.0203125 0.03125
0 0.72734375 0.90390625 0.015625 0.021875
0 0.7171875 0.92421875 0.0171875 0.028125
0 0.68125 0.9546875 0.01875 0.0296875
0 0.6859375 0.87890625 0.0171875 0.0265625
0 0.6609375 0.8859375 0.01875 0.0265625
0 0.66640625 0.78671875 0.0203125 0.0265625
0 0.5671875 0.784375 0.015625 0.0234375
0 0.49296875 0.953125 0.0203125 0.0359375
0 0.5234375 0.97890625 0.0234375 0.0375
0 0.48984375 0.81640625 0.0203125 0.0265625
0 0.45234375 0.79765625 0.021875 0.034375
0 0.334375 0.8109375 0.0203125 0.028125
0 0.4078125 0.84765625 0.0234375 0.025
0 0.40546875 0.8828125 0.0265625 0.0328125
0 0.37734375 0.890625 0.0203125 0.0265625
0 0.37890625 0.85390625 0.01875 0.0296875
0 0.35 0.38671875 0.0203125 0.0328125
0 0.396875 0.43984375 0.0171875 0.0296875