0 0.26484375 0.09765625 0.1203125 0.0765625
0 0.3890625 0.15859375 0.1375 0.0796875
0 0.35859375 0.05078125 0.1109375 0.0640625
0 0.6296875 0.034375 0.2234375 0.06875
0 0.76171875 0.11796875 0.2125 0.11875
0 0.96796875 0.171875 0.0640625 0.1453125
0 0.465625 0.4609375 0.128125 0.0953125
0 0.57578125 0.38125 0.1171875 0.0578125
0 0.72890625 0.3015625 0.06875 0.0390625
0 0.9203125 0.36875 0.1125 0.0484375
0 0.9 0.29921875 0.0796875 0.0484375
0 0.534375 0.31484375 0.103125 0.04375
0 0.584375 0.25703125 0.15 0.0875
0 0.13046875 0.46953125 0.0421875 0.0453125
0 0.134375 0.42109375 0.1109375 0.04375
0 0.21015625 0.490625 0.090625 0.078125
0 0.25625 0.39140625 0.08125 0.0546875
0 0.37109375 0.31171875 0.140625 0.084375
0 0.02734375 0.38828125 0.0546875 0.146875
0 0.1328125 0.3390625 0.1015625 0.0625
0 0.28359375 0.278125 0.0953125 0.0875
0 0.03984375 0.62265625 0.0796875 0.1390625
0 0.08359375 0.79453125 0.1671875 0.1828125
0 0.06484375 0.95703125 0.1296875 0.0859375
0 0.35078125 0.93671875 0.096875 0.04375
0 0.4171875 0.89765625 0.13125 0.0421875
0 0.48984375 0.84140625 0.1875 0.0953125
0 0.39375 0.653125 0.190625 0.1203125
0 0.6125 0.4328125 0.0984375 0.0578125
0 0.69140625 0.42109375 0.065625 0.0625
0 0.17734375 0.55390625 0.0765625 0.059375
0 0.26796875 0.64140625 0.090625 0.0671875
0 0.34453125 0.5578125 0.1125 0.0609375
0 0.41796875 0.77109375 0.078125 0.04375
0 0.5375 0.74609375 0.0796875 0.03125
0 0.515625 0.69609375 0.1109375 0.0625
0 0.62890625 0.63828125 0.115625 0.0890625
0 0.78828125 0.5859375 0.0625 0.090625
0 0.9453125 0.5265625 0.06875 0.0671875
0 0.859375 0.43125 0.0984375 0.0453125
0 0.55859375 0.56796875 0.08125 0.071875
0 0.265625 0.7359375 0.1515625 0.059375
0 0.528125 0.984375 0.1171875 0.03125
0 0.8328125 0.9125 0.221875 0.1234375
0 0.8203125 0.85546875 0.10625 0.0625
0 0.96171875 0.8125 0.0765625 0.0703125
0 0.7625 0.72890625 0.203125 0.096875
0 0.684375 0.82265625 0.08125 0.05625
0 0.515625 0.53203125 0.0921875 0.0515625
0 0.97265625 0.6796875 0.0546875 0.0640625