0 0.8203125 0.58203125 0.1265625 0.0984375
0 0.71171875 0.6125 0.1375 0.1171875
0 0.42265625 0.55078125 0.315625 0.1
0 0.2890625 0.6890625 0.1796875 0.1109375
0 0.4859375 0.71640625 0.159375 0.1328125
0 0.66640625 0.70546875 0.140625 0.0640625
0 0.8765625 0.73046875 0.1390625 0.05625
0 0.81328125 0.8453125 0.15 0.1015625
0 0.675 0.8921875 0.1078125 0.125
0 0.54609375 0.90625 0.0703125 0.08125
0 0.36484375 0.93984375 0.1609375 0.1203125
0 0.94453125 0.30859375 0.1109375 0.1828125
0 0.96015625 0.459375 0.0796875 0.05
0 0.9546875 0.53671875 0.075 0.034375
0 0.25234375 0.1921875 0.2390625 0.13125
0 0.7234375 0.140625 0.1734375 0.1125
0 0.859375 0.03671875 0.1796875 0.0734375
0 0.88046875 0.1125 0.1265625 0.078125
0 0.23125 0.03984375 0.1328125 0.0578125
0 0.0765625 0.03671875 0.153125 0.0734375
0 0.49453125 0.0203125 0.10625 0.040625
0 0.496875 0.08671875 0.109375 0.0875
0 0.35625 0.065625 0.0953125 0.059375
0 0.60859375 0.065625 0.09375 0.071875
0 0.6234375 0.13671875 0.1625 0.04375
0 0.771875 0.25703125 0.13125 0.053125
0 0.66484375 0.3078125 0.15 0.0828125
0 0.63515625 0.3625 0.0984375 0.059375
0 0.51875 0.35625 0.1859375 0.0859375
0 0.4296875 0.265625 0.215625 0.096875
0 0.80234375 0.33984375 0.1734375 0.0671875
0 0.26484375 0.39296875 0.0703125 0.065625
0 0.17578125 0.371875 0.1046875 0.0671875
0 0.328125 0.4640625 0.1265625 0.075
0 0.22890625 0.496875 0.153125 0.10625
0 0.06484375 0.740625 0.0875 0.0828125
0 0.0734375 0.44921875 0.146875 0.13125
0 0.071875 0.31796875 0.14375 0.0921875
0 0.40625 0.79609375 0.1375 0.071875
0 0.1484375 0.95625 0.1640625 0.0875
0 0.68125 0.4859375 0.171875 0.05625
0 0.95546875 0.60546875 0.0890625 0.09375
0 0.44296875 0.1578125 0.0734375 0.059375
0 0.62734375 0.428125 0.0828125 0.0515625
0 0.484375 0.42109375 0.115625 0.0703125