0 0.09609375 0.17578125 0.15 0.071875
0 0.0140625 0.11796875 0.028125 0.0609375
0 0.1375 0.07109375 0.0921875 0.0515625
0 0.03984375 0.3234375 0.0796875 0.0609375
0 0.17890625 0.3 0.16875 0.1171875
0 0.25078125 0.17421875 0.0765625 0.059375
0 0.28125 0.25234375 0.0765625 0.0359375
0 0.396875 0.1859375 0.1015625 0.059375
0 0.34375 0.05625 0.1265625 0.0890625
0 0.4953125 0.02265625 0.0765625 0.0453125
0 0.53671875 0.2546875 0.259375 0.2140625
0 0.5328125 0.06875 0.0765625 0.0484375
0 0.5796875 0.1125 0.0640625 0.059375
0 0.75859375 0.125 0.078125 0.05625
0 0.65390625 0.06484375 0.05625 0.04375
0 0.8953125 0.1546875 0.2015625 0.190625
0 0.8078125 0.04296875 0.0625 0.0625
0 0.21484375 0.44609375 0.2265625 0.196875
0 0.6125 0.396875 0.075 0.0453125
0 0.65859375 0.365625 0.090625 0.0546875
0 0.64296875 0.2875 0.0703125 0.0640625
0 0.81171875 0.3296875 0.090625 0.059375
0 0.94296875 0.38203125 0.1140625 0.09375
0 0.7 0.63515625 0.1640625 0.1171875
0 0.778125 0.54453125 0.128125 0.071875
0 0.45703125 0.509375 0.221875 0.1921875
0 0.94453125 0.7234375 0.1109375 0.203125
0 0.625 0.921875 0.2203125 0.15625
0 0.4859375 0.8375 0.1640625 0.1203125
0 0.309375 0.8375 0.1328125 0.090625
0 0.1875 0.78515625 0.096875 0.0515625
0 0.06328125 0.93125 0.1265625 0.1375
0 0.15859375 0.965625 0.14375 0.06875
0 0.38671875 0.71484375 0.0859375 0.0640625
0 0.60703125 0.73984375 0.0921875 0.0671875
0 0.95078125 0.896875 0.0984375 0.0640625
0 0.77109375 0.875 0.109375 0.0390625