0 0.26640625 0.96953125 0.07578125 0.0609375
0 0.26328125 0.6265625 0.15 0.33203125
0 0.25 0.846875 0.0421875 0.04765625
0 0.265625 0.396875 0.0578125 0.07890625
0 0.259375 0.26015625 0.05546875 0.0859375
0 0.2671875 0.1703125 0.04140625 0.053125
0 0.4625 0.41171875 0.0921875 0.10703125
0 0.5875 0.89296875 0.05234375 0.04453125
0 0.5859375 0.765625 0.04375 0.059375
0 0.60390625 0.440625 0.0640625 0.090625
0 0.64765625 0.39140625 0.08046875 0.0796875
0 0.63203125 0.22265625 0.04921875 0.078125
0 0.6765625 0.1015625 0.09921875 0.1078125
0 0.8125 0.31328125 0.06796875 0.0921875
0 0.8109375 0.56171875 0.14609375 0.28828125