0 0.0375 0.1390625 0.075 0.13125
0 0.05 0.24765625 0.071875 0.06875
0 0.08828125 0.50703125 0.109375 0.1359375
0 0.07578125 0.371875 0.0890625 0.08125
0 0.1546875 0.484375 0.0703125 0.09375
0 0.246875 0.46484375 0.075 0.0453125
0 0.3328125 0.43203125 0.109375 0.1125
0 0.5 0.56953125 0.1171875 0.1546875
0 0.51015625 0.74140625 0.115625 0.13125
0 0.31484375 0.82734375 0.109375 0.128125
0 0.35 0.946875 0.1890625 0.10625
0 0.05078125 0.9640625 0.1015625 0.071875
0 0.07265625 0.79765625 0.1078125 0.0828125
0 0.06015625 0.63515625 0.1078125 0.0875
0 0.1546875 0.67265625 0.0515625 0.0453125
0 0.2109375 0.6515625 0.1078125 0.0734375
0 0.1109375 0.2171875 0.1140625 0.0796875
0 0.2328125 0.19765625 0.065625 0.0734375
0 0.365625 0.31171875 0.08125 0.0484375
0 0.48125 0.25390625 0.1296875 0.1078125
0 0.1734375 0.365625 0.103125 0.078125
0 0.228125 0.32265625 0.0875 0.08125
0 0.2890625 0.271875 0.0796875 0.0484375
0 0.3921875 0.1515625 0.090625 0.08125
0 0.45703125 0.0859375 0.1015625 0.1078125
0 0.34140625 0.05703125 0.0453125 0.090625
0 0.590625 0.090625 0.1453125 0.0796875
0 0.64609375 0.2453125 0.1015625 0.0921875
0 0.70859375 0.16328125 0.109375 0.09375
0 0.678125 0.06015625 0.0765625 0.0984375
0 0.8265625 0.125 0.0890625 0.10625
0 0.84765625 0.03515625 0.0703125 0.0703125
0 0.89921875 0.03203125 0.078125 0.0640625
0 0.69296875 0.3796875 0.0484375 0.05
0 0.69453125 0.315625 0.0953125 0.0875
0 0.74921875 0.225 0.0859375 0.075
0 0.69140625 0.6578125 0.0515625 0.0796875
0 0.83046875 0.63125 0.1109375 0.1140625
0 0.93828125 0.6875 0.0921875 0.1125
0 0.3 0.67265625 0.1390625 0.1296875
0 0.36015625 0.67890625 0.11875 0.09375
0 0.646875 0.46953125 0.04375 0.0921875
0 0.76328125 0.4171875 0.06875 0.1
0 0.7375 0.34140625 0.0828125 0.08125
0 0.8234375 0.446875 0.0671875 0.1421875
0 0.82265625 0.29765625 0.0515625 0.09375
0 0.87734375 0.2015625 0.05 0.0859375
0 0.96171875 0.20625 0.0765625 0.0609375
0 0.97734375 0.09609375 0.0453125 0.125
0 0.8453125 0.9109375 0.0765625 0.0640625
0 0.74765625 0.8734375 0.0890625 0.0875
0 0.88203125 0.89453125 0.06875 0.0546875
0 0.96328125 0.96171875 0.0734375 0.0765625
0 0.93515625 0.9015625 0.0484375 0.0828125
0 0.98046875 0.83046875 0.0390625 0.0921875
0 0.6390625 0.75859375 0.059375 0.1109375
0 0.61796875 0.85234375 0.075 0.0484375
0 0.6921875 0.76171875 0.0546875 0.0421875
0 0.559375 0.59453125 0.071875 0.096875
0 0.6203125 0.6 0.0625 0.0625
0 0.7453125 0.58125 0.078125 0.08125
0 0.3375 0.54609375 0.0578125 0.046875
0 0.4140625 0.53671875 0.08125 0.084375
0 0.446875 0.465625 0.071875 0.0671875
0 0.52265625 0.38828125 0.065625 0.0625
0 0.46015625 0.86875 0.1078125 0.0734375
0 0.53984375 0.9140625 0.08125 0.075
0 0.60234375 0.965625 0.0625 0.046875
0 0.89453125 0.4125 0.084375 0.071875
0 0.1453125 0.9328125 0.0765625 0.09375