0 0.1875 0.02734375 0.06875 0.05
0 0.0765625 0.221875 0.0671875 0.04296875
0 0.22109375 0.48046875 0.1734375 0.1390625
0 0.275 0.37265625 0.09921875 0.08828125
0 0.6109375 0.2640625 0.11796875 0.08515625
0 0.46015625 0.2875 0.07265625 0.06875
0 0.465625 0.6078125 0.14765625 0.11640625
0 0.384375 0.46015625 0.08125 0.05234375
0 0.253125 0.7453125 0.08125 0.0640625
0 0.2265625 0.8703125 0.1203125 0.09140625
0 0.33046875 0.7890625 0.06875 0.05546875
0 0.478125 0.7921875 0.08359375 0.065625
0 0.609375 0.5921875 0.05 0.04296875