0 0.278125 0.2046875 0.1859375 0.26484375
0 0.2984375 0.39765625 0.071875 0.08046875
0 0.2890625 0.528125 0.078125 0.08046875
0 0.29140625 0.621875 0.04453125 0.04609375
0 0.30234375 0.809375 0.0734375 0.09765625
0 0.28984375 0.92421875 0.1125 0.08203125
0 0.5375 0.39921875 0.1015625 0.12265625
0 0.684375 0.3625 0.09375 0.0796875
0 0.73125 0.4296875 0.07578125 0.05546875
0 0.70625 0.57734375 0.08046875 0.07109375
0 0.75859375 0.67421875 0.11328125 0.096875
0 0.75 0.98125 0.0390625 0.02421875
0 0.74375 0.9140625 0.059375 0.05390625
0 0.75625 0.84140625 0.0578125 0.06015625
0 0.92109375 0.253125 0.15 0.25234375
0 0.9171875 0.48671875 0.10546875 0.1
0 0.6796875 0.09609375 0.06484375 0.04765625