0 0.92890625 0.259375 0.1109375 0.0484375
0 0.94140625 0.1921875 0.1171875 0.0953125
0 0.97421875 0.44453125 0.0515625 0.1171875
0 0.86875 0.428125 0.090625 0.0625
0 0.8203125 0.40546875 0.065625 0.040625
0 0.96484375 0.63984375 0.0703125 0.075
0 0.65859375 0.54140625 0.2828125 0.1421875
0 0.49296875 0.340625 0.26875 0.1890625
0 0.3578125 0.05234375 0.109375 0.090625
0 0.234375 0.18359375 0.184375 0.1109375
0 0.084375 0.07578125 0.16875 0.1171875
0 0.1453125 0.52421875 0.290625 0.184375
0 0.24375 0.40625 0.1375 0.0890625
0 0.15703125 0.38671875 0.071875 0.0546875
0 0.0765625 0.33671875 0.153125 0.1109375
0 0.27578125 0.72109375 0.20625 0.2140625
0 0.115625 0.82890625 0.1796875 0.096875
0 0.321875 0.90546875 0.1390625 0.0765625
0 0.2078125 0.96640625 0.2109375 0.0671875
0 0.51484375 0.95390625 0.128125 0.0890625
0 0.49921875 0.7484375 0.25625 0.2578125
0 0.71171875 0.7609375 0.090625 0.065625
0 0.93984375 0.9046875 0.1203125 0.103125
0 0.82578125 0.96875 0.2109375 0.0625
0 0.64375 0.7921875 0.0953125 0.0671875