0 0.21015625 0.10234375 0.0859375 0.046875
0 0.121875 0.29375 0.065625 0.03125
0 0.19765625 0.24453125 0.121875 0.0921875
0 0.303125 0.2890625 0.0703125 0.0421875
0 0.3140625 0.2109375 0.1171875 0.0859375
0 0.40234375 0.309375 0.1421875 0.075
0 0.03515625 0.55234375 0.0703125 0.0828125
0 0.146875 0.50625 0.1109375 0.0859375
0 0.02265625 0.840625 0.0453125 0.0359375
0 0.0890625 0.765625 0.075 0.065625
0 0.07890625 0.69140625 0.0390625 0.040625
0 0.159375 0.6515625 0.1109375 0.078125
0 0.05703125 0.93203125 0.0765625 0.0390625
0 0.1359375 0.8890625 0.06875 0.0484375
0 0.1875 0.80703125 0.1109375 0.0640625
0 0.23828125 0.9375 0.1421875 0.0828125
0 0.28359375 0.83203125 0.071875 0.0578125
0 0.703125 0.95703125 0.1453125 0.0859375
0 0.79765625 0.7828125 0.2515625 0.090625
0 0.94296875 0.70625 0.0828125 0.0546875
0 0.53828125 0.609375 0.128125 0.0703125
0 0.3578125 0.61796875 0.0984375 0.0671875
0 0.39921875 0.525 0.1671875 0.1
0 0.23046875 0.58125 0.0703125 0.0359375
0 0.009375 0.2359375 0.01875 0.0640625
0 0.396875 0.1546875 0.0765625 0.04375
0 0.40703125 0.0671875 0.0765625 0.04375
0 0.53203125 0.05625 0.084375 0.0734375
0 0.5859375 0.15078125 0.071875 0.0890625
0 0.77265625 0.12265625 0.1328125 0.103125
0 0.91875 0.19765625 0.1625 0.1328125
0 0.95078125 0.10546875 0.0984375 0.06875
0 0.66171875 0.26171875 0.1765625 0.0546875
0 0.659375 0.39765625 0.0640625 0.0515625
0 0.8015625 0.353125 0.184375 0.10625
0 0.84453125 0.50078125 0.14375 0.1375
0 0.96640625 0.37421875 0.0671875 0.059375
0 0.8328125 0.60078125 0.065625 0.0578125
0 0.99296875 0.5578125 0.0140625 0.040625
0 0.93203125 0.49296875 0.078125 0.040625
0 0.9203125 0.85 0.0953125 0.0359375
0 0.3828125 0.87734375 0.09375 0.053125
0 0.48359375 0.903125 0.0984375 0.0578125