0 0.7015625 0.96484375 0.065625 0.0484375
0 0.6015625 0.96171875 0.06875 0.0421875
0 0.5234375 0.92734375 0.0890625 0.096875
0 0.41484375 0.95703125 0.1359375 0.0859375
0 0.5359375 0.83359375 0.1 0.0828125
0 0.73515625 0.84296875 0.109375 0.1015625
0 0.80234375 0.771875 0.121875 0.075
0 0.9625 0.9296875 0.075 0.05625
0 0.9625 0.8859375 0.075 0.071875
0 0.80546875 0.70234375 0.090625 0.04375
0 0.8359375 0.62109375 0.059375 0.059375
0 0.715625 0.62265625 0.11875 0.059375
0 0.8875 0.61171875 0.0421875 0.046875
0 0.8609375 0.578125 0.0640625 0.0453125
0 0.746875 0.553125 0.1203125 0.08125
0 0.95546875 0.421875 0.0890625 0.0453125
0 0.8640625 0.49140625 0.0828125 0.0765625
0 0.846875 0.396875 0.1296875 0.1015625
0 0.53203125 0.4015625 0.1296875 0.1234375
0 0.58359375 0.3015625 0.0875 0.115625
0 0.459375 0.49453125 0.115625 0.121875
0 0.4171875 0.3890625 0.0859375 0.06875
0 0.30234375 0.2984375 0.128125 0.0984375
0 0.0765625 0.12265625 0.153125 0.0953125
0 0.12265625 0.0390625 0.1109375 0.078125
0 0.39375 0.18828125 0.084375 0.0828125
0 0.34296875 0.215625 0.078125 0.05625
0 0.24609375 0.159375 0.0765625 0.0921875
0 0.98125 0.2734375 0.0375 0.040625
0 0.9421875 0.2515625 0.0375 0.0375
0 0.88046875 0.25078125 0.096875 0.065625
0 0.9859375 0.35078125 0.028125 0.0390625
0 0.93359375 0.35 0.0515625 0.053125
0 0.8375 0.3109375 0.0609375 0.0359375
0 0.68984375 0.4375 0.09375 0.0484375
0 0.72578125 0.40703125 0.078125 0.05625
0 0.7453125 0.3171875 0.1046875 0.0390625
0 0.7484375 0.26484375 0.125 0.071875
0 0.81328125 0.21015625 0.0890625 0.0609375
0 0.7390625 0.18671875 0.090625 0.046875
0 0.6125 0.1875 0.1 0.0984375
0 0.46015625 0.14765625 0.0609375 0.053125
0 0.3859375 0.05859375 0.0796875 0.06875
0 0.30625 0.04609375 0.08125 0.0703125
0 0.91328125 0.19375 0.1109375 0.05625
0 0.86328125 0.103125 0.125 0.096875
0 0.9125 0.02734375 0.1109375 0.0546875
0 0.76171875 0.05703125 0.065625 0.0609375
0 0.625 0.08671875 0.09375 0.05
0 0.39921875 0.715625 0.1109375 0.1
0 0.3890625 0.60859375 0.08125 0.0640625
0 0.39765625 0.853125 0.0875 0.0625
0 0.31953125 0.8671875 0.0828125 0.0515625
0 0.31171875 0.80859375 0.096875 0.0703125
0 0.2828125 0.92265625 0.071875 0.05
0 0.20859375 0.84453125 0.0640625 0.0546875
0 0.16015625 0.775 0.1171875 0.075
0 0.246875 0.6640625 0.0890625 0.0796875
0 0.1421875 0.67265625 0.13125 0.1015625
0 0.26328125 0.615625 0.1109375 0.096875
0 0.3328125 0.49140625 0.109375 0.0578125
0 0.26015625 0.46484375 0.090625 0.084375
0 0.3109375 0.421875 0.1171875 0.090625
0 0.1546875 0.39921875 0.08125 0.0453125
0 0.1 0.3265625 0.0984375 0.065625
0 0.10546875 0.45859375 0.059375 0.0515625
0 0.12734375 0.5734375 0.0953125 0.0625
0 0.0609375 0.49296875 0.05 0.0640625
0 0.075 0.38828125 0.053125 0.046875
0 0.02109375 0.36171875 0.0421875 0.046875
0 0.92109375 0.6953125 0.0453125 0.034375