0 0.05234375 0.1015625 0.1046875 0.0765625
0 0.04609375 0.24375 0.0921875 0.0796875
0 0.28203125 0.11875 0.128125 0.0671875
0 0.41171875 0.1609375 0.0609375 0.053125
0 0.5015625 0.1140625 0.0890625 0.0703125
0 0.665625 0.1859375 0.10625 0.06875
0 0.86328125 0.0953125 0.2171875 0.084375
0 0.47265625 0.4984375 0.146875 0.046875
0 0.43671875 0.4671875 0.0609375 0.05
0 0.56796875 0.4046875 0.10625 0.071875
0 0.13125 0.38984375 0.175 0.0796875
0 0.2703125 0.41484375 0.1609375 0.0734375
0 0.45 0.6421875 0.1984375 0.0890625
0 0.49296875 0.73984375 0.13125 0.0515625
0 0.55859375 0.8109375 0.1078125 0.08125
0 0.49140625 0.925 0.109375 0.0640625
0 0.64609375 0.8640625 0.1265625 0.0984375
0 0.9125 0.95625 0.175 0.084375
0 0.76640625 0.83125 0.0890625 0.0515625
0 0.86328125 0.7484375 0.1 0.06875
0 0.6625 0.675 0.0890625 0.0640625
0 0.63359375 0.5640625 0.0953125 0.075
0 0.725 0.61484375 0.0578125 0.0484375
0 0.69296875 0.74375 0.109375 0.059375
0 0.77109375 0.6859375 0.084375 0.0578125
0 0.8015625 0.61640625 0.06875 0.05625
0 0.87734375 0.5828125 0.0546875 0.05
0 0.90703125 0.5015625 0.11875 0.109375
0 0.95390625 0.6078125 0.0921875 0.0671875
0 0.90703125 0.7859375 0.0984375 0.096875
0 0.2 0.7953125 0.0859375 0.0546875
0 0.253125 0.82421875 0.10625 0.0421875
0 0.2765625 0.75625 0.0671875 0.0375
0 0.35 0.83203125 0.134375 0.053125
0 0.66171875 0.415625 0.071875 0.0484375
0 0.80546875 0.3703125 0.115625 0.040625
0 0.83984375 0.296875 0.121875 0.0546875
0 0.94921875 0.20703125 0.1015625 0.078125
0 0.94375 0.3703125 0.090625 0.084375
0 0.05546875 0.97734375 0.090625 0.0453125
0 0.02578125 0.58125 0.0515625 0.075
0 0.41171875 0.365625 0.0609375 0.0546875
0 0.56328125 0.034375 0.071875 0.06875
0 0.68125 0.0640625 0.05625 0.0484375
0 0.95546875 0.88671875 0.0890625 0.0421875
0 0.11171875 0.4734375 0.0609375 0.0421875