0 0.17734375 0.0109375 0.059375 0.021875
0 0.3359375 0.01171875 0.075 0.0234375
0 0.24765625 0.0390625 0.05 0.028125
0 0.44765625 0.02734375 0.0640625 0.0375
0 0.315625 0.08984375 0.0546875 0.0234375
0 0.31484375 0.0703125 0.0453125 0.021875
0 0.37734375 0.0734375 0.05625 0.03125
0 0.48671875 0.0796875 0.0515625 0.025
0 0.5390625 0.0828125 0.0609375 0.0359375
0 0.45859375 0.12421875 0.059375 0.0359375
0 0.40703125 0.11171875 0.034375 0.0328125
0 0.2109375 0.13359375 0.05 0.021875
0 0.85234375 0.14140625 0.0609375 0.0265625
0 0.834375 0.19453125 0.040625 0.0265625
0 0.56328125 0.19921875 0.0453125 0.0234375
0 0.4078125 0.215625 0.0703125 0.040625
0 0.3015625 0.1953125 0.0390625 0.0203125
0 0.28828125 0.23046875 0.0390625 0.0171875
0 0.33671875 0.2328125 0.0421875 0.025
0 0.19921875 0.20625 0.046875 0.0234375
0 0.07265625 0.18671875 0.0453125 0.021875
0 0.0265625 0.2890625 0.0453125 0.0296875
0 0.17734375 0.28515625 0.0359375 0.0234375
0 0.2296875 0.2859375 0.0390625 0.0265625
0 0.28359375 0.2796875 0.0421875 0.025
0 0.33046875 0.3125 0.053125 0.0328125
0 0.95078125 0.3390625 0.059375 0.0296875
0 0.91015625 0.26875 0.04375 0.021875
0 0.775 0.2765625 0.040625 0.0234375
0 0.37109375 0.346875 0.0796875 0.0375
0 0.2640625 0.3390625 0.03125 0.01875
0 0.184375 0.31875 0.0421875 0.021875
0 0.08359375 0.315625 0.0390625 0.01875
0 0.26171875 0.4671875 0.0546875 0.025
0 0.35390625 0.4171875 0.0546875 0.021875
0 0.2984375 0.3734375 0.0390625 0.03125
0 0.16953125 0.528125 0.046875 0.021875
0 0.04921875 0.425 0.03125 0.0140625
0 0.0125 0.40078125 0.025 0.0203125
0 0.0734375 0.45 0.028125 0.01875
0 0.38125 0.6 0.0765625 0.028125
0 0.853125 0.621875 0.0546875 0.0234375
0 0.78828125 0.646875 0.0453125 0.0234375
0 0.721875 0.64609375 0.0453125 0.0234375
0 0.6265625 0.6375 0.05 0.0203125
0 0.2734375 0.625 0.0421875 0.0203125
0 0.3296875 0.6328125 0.0421875 0.01875
0 0.021875 0.6953125 0.040625 0.028125
0 0.103125 0.671875 0.05625 0.0265625
0 0.07578125 0.75 0.04375 0.01875
0 0.2703125 0.71875 0.0484375 0.0234375
0 0.64140625 0.7921875 0.0625 0.028125
0 0.4984375 0.7625 0.0484375 0.028125
0 0.89921875 0.803125 0.0484375 0.028125
0 0.984375 0.7015625 0.03125 0.025
0 0.21640625 0.9109375 0.078125 0.0265625
0 0.0796875 0.903125 0.0328125 0.0234375
0 0.29609375 0.9890625 0.046875 0.0203125
0 0.35078125 0.98125 0.0421875 0.021875
0 0.23828125 0.96953125 0.0390625 0.01875
0 0.7796875 0.94453125 0.053125 0.0265625