0 0.4078125 0.97578125 0.1109375 0.0484375
0 0.0234375 0.965625 0.046875 0.0375
0 0.0390625 0.98828125 0.078125 0.0234375
0 0.1015625 0.9390625 0.0765625 0.0375
0 0.2265625 0.9765625 0.0765625 0.04375
0 0.66171875 0.96953125 0.0703125 0.0390625
0 0.8796875 0.94921875 0.075 0.05
0 0.596875 0.90234375 0.0390625 0.0359375
0 0.66171875 0.90234375 0.0328125 0.0453125
0 0.71171875 0.88671875 0.0859375 0.0421875
0 0.4828125 0.90546875 0.0703125 0.03125
0 0.46171875 0.93515625 0.0640625 0.0265625
0 0.27734375 0.88125 0.04375 0.0375
0 0.14609375 0.84921875 0.08125 0.0484375
0 0.19609375 0.86640625 0.0515625 0.034375
0 0.3796875 0.8328125 0.1 0.053125
0 0.59609375 0.853125 0.0703125 0.0390625
0 0.8984375 0.82421875 0.053125 0.0203125
0 0.90625 0.853125 0.0375 0.025
0 0.978125 0.8671875 0.04375 0.040625
0 0.80546875 0.83046875 0.0609375 0.0375
0 0.6703125 0.8140625 0.0546875 0.040625
0 0.46171875 0.7921875 0.046875 0.0296875
0 0.52421875 0.809375 0.0421875 0.0375
0 0.5765625 0.79609375 0.040625 0.025
0 0.31015625 0.76953125 0.071875 0.0296875
0 0.34375 0.796875 0.040625 0.0265625
0 0.178125 0.796875 0.0515625 0.03125
0 0.0234375 0.82265625 0.046875 0.0296875
0 0.128125 0.77734375 0.0875 0.0421875
0 0.03828125 0.75625 0.046875 0.025
0 0.19765625 0.73359375 0.0734375 0.0453125
0 0.2234375 0.771875 0.0609375 0.034375
0 0.55234375 0.75625 0.0578125 0.021875
0 0.76953125 0.78984375 0.053125 0.0390625
0 0.89296875 0.7609375 0.0578125 0.0328125
0 0.95546875 0.75 0.0625 0.046875
0 0.6 0.734375 0.06875 0.0421875
0 0.4375 0.71796875 0.0953125 0.0359375
0 0.3390625 0.72578125 0.096875 0.04375
0 0.2703125 0.71328125 0.0578125 0.03125
0 0.1359375 0.70078125 0.05625 0.040625
0 0.06796875 0.68828125 0.078125 0.0390625
0 0.20859375 0.64375 0.075 0.0390625
0 0.48203125 0.67421875 0.09375 0.040625
0 0.5875 0.68984375 0.0546875 0.0296875
0 0.7859375 0.66484375 0.0734375 0.0359375
0 0.98359375 0.665625 0.0328125 0.034375
0 0.8796875 0.6609375 0.0546875 0.0375
0 0.65546875 0.6171875 0.1234375 0.0484375
0 0.97109375 0.59453125 0.0578125 0.046875
0 0.28984375 0.59140625 0.084375 0.03125
0 0.3171875 0.6109375 0.0734375 0.0390625
0 0.1703125 0.58125 0.05625 0.0234375
0 0.103125 0.6265625 0.0546875 0.0296875
0 0.61796875 0.56953125 0.0703125 0.034375
0 0.5328125 0.55546875 0.06875 0.03125
0 0.4984375 0.5984375 0.059375 0.028125
0 0.35859375 0.553125 0.06875 0.0390625
0 0.86875 0.525 0.0609375 0.0515625
0 0.77109375 0.52734375 0.0578125 0.0328125
0 0.24609375 0.4953125 0.053125 0.0296875
0 0.20546875 0.51328125 0.0515625 0.0328125
0 0.13125 0.43984375 0.0484375 0.025
0 0.16171875 0.46171875 0.053125 0.0265625
0 0.096875 0.47578125 0.0546875 0.028125
0 0.0625 0.43828125 0.04375 0.0203125
0 0.3640625 0.46484375 0.0390625 0.0203125
0 0.428125 0.46328125 0.0609375 0.0265625
0 0.59609375 0.471875 0.071875 0.028125
0 0.85546875 0.459375 0.0765625 0.0296875
0 0.725 0.375 0.0875 0.0453125
0 0.59609375 0.34609375 0.0625 0.0328125
0 0.6015625 0.37890625 0.05625 0.0265625
0 0.5328125 0.40625 0.04375 0.0328125
0 0.59296875 0.41796875 0.05 0.0328125
0 0.42890625 0.4125 0.0390625 0.0203125
0 0.271875 0.4078125 0.0484375 0.028125
0 0.31796875 0.4140625 0.0546875 0.03125
0 0.16796875 0.3515625 0.0515625 0.0296875
0 0.1953125 0.37734375 0.0609375 0.0328125
0 0.046875 0.34296875 0.06875 0.028125
0 0.12734375 0.3171875 0.0484375 0.0265625
0 0.21328125 0.346875 0.0359375 0.0203125
0 0.33828125 0.3171875 0.0578125 0.0296875
0 0.31875 0.3359375 0.0328125 0.021875
0 0.35625 0.353125 0.0609375 0.03125
0 0.275 0.3578125 0.046875 0.025
0 0.309375 0.3703125 0.0390625 0.0203125
0 0.46640625 0.33515625 0.0609375 0.0359375
0 0.51328125 0.3515625 0.0546875 0.034375
0 0.68671875 0.31953125 0.059375 0.034375
0 0.91640625 0.36171875 0.0671875 0.0234375
0 0.9484375 0.38828125 0.05625 0.040625
0 0.98515625 0.3640625 0.0296875 0.0328125
0 0.1140625 0.27890625 0.05625 0.025
0 0.053125 0.25 0.040625 0.0203125
0 0.2375 0.246875 0.053125 0.0234375
0 0.3015625 0.23828125 0.0375 0.025
0 0.3359375 0.265625 0.05625 0.0234375
0 0.096875 0.20703125 0.0515625 0.025
0 0.23828125 0.19375 0.0515625 0.0265625
0 0.26953125 0.175 0.046875 0.0234375
0 0.334375 0.190625 0.046875 0.028125
0 0.46484375 0.190625 0.0734375 0.0328125
0 0.63359375 0.20546875 0.059375 0.0390625
0 0.8015625 0.25625 0.103125 0.04375
0 0.40625 0.28203125 0.065625 0.0375
0 0.90390625 0.13046875 0.059375 0.03125
0 0.7671875 0.140625 0.05625 0.025
0 0.80078125 0.1546875 0.040625 0.025
0 0.70703125 0.1015625 0.075 0.0296875
0 0.45390625 0.134375 0.0671875 0.0265625
0 0.5078125 0.15546875 0.053125 0.028125
0 0.55 0.17265625 0.05 0.021875
0 0.31171875 0.1359375 0.0390625 0.025
0 0.3609375 0.12265625 0.04375 0.034375
0 0.37265625 0.14453125 0.04375 0.0203125
0 0.3578125 0.1609375 0.046875 0.0203125
0 0.46953125 0.07421875 0.05625 0.028125
0 0.546875 0.075 0.0578125 0.03125
0 0.4890625 0.01484375 0.0640625 0.025
0 0.43046875 0.0328125 0.05625 0.0203125
0 0.34609375 0.07421875 0.040625 0.0234375
0 0.2859375 0.10234375 0.0484375 0.028125
0 0.25859375 0.05390625 0.0421875 0.0171875
0 0.14453125 0.12578125 0.0421875 0.0203125
0 0.7421875 0.03359375 0.0625 0.0234375
0 0.91484375 0.01953125 0.0515625 0.028125
0 0.32109375 0.01328125 0.04375 0.0265625