0 0.32578125 0.73671875 0.2203125 0.240625
0 0.28359375 0.3234375 0.228125 0.23203125
0 0.08671875 0.31875 0.1546875 0.26328125
0 0.4875 0.38828125 0.134375 0.1390625
0 0.55859375 0.278125 0.103125 0.13515625
0 0.45390625 0.14921875 0.08046875 0.1203125
0 0.715625 0.08828125 0.071875 0.1125
0 0.75546875 0.46328125 0.1796875 0.24453125
0 0.5703125 0.54375 0.05234375 0.05390625
0 0.61015625 0.7453125 0.0875 0.10234375
0 0.5515625 0.8015625 0.08125 0.08046875
0 0.67890625 0.775 0.103125 0.10390625
0 0.88046875 0.83046875 0.14140625 0.175