0 0.33359375 0.3234375 0.240625 0.159375
0 0.4921875 0.19375 0.0953125 0.0703125
0 0.65390625 0.20078125 0.1171875 0.0640625
0 0.653125 0.040625 0.15 0.08125
0 0.12578125 0.12734375 0.134375 0.1078125
0 0.078125 0.28203125 0.078125 0.0578125
0 0.17734375 0.24609375 0.08125 0.0953125
0 0.0234375 0.5953125 0.046875 0.165625
0 0.20859375 0.60625 0.290625 0.1109375
0 0.134375 0.48203125 0.1421875 0.065625
0 0.0796875 0.38203125 0.10625 0.0453125
0 0.04609375 0.69140625 0.0921875 0.0875
0 0.1484375 0.78359375 0.1140625 0.078125
0 0.26484375 0.84296875 0.109375 0.0734375
0 0.17421875 0.984375 0.075 0.03125
0 0.340625 0.96875 0.15625 0.0625
0 0.50546875 0.77421875 0.13125 0.1015625
0 0.61328125 0.853125 0.0921875 0.0484375
0 0.64921875 0.87265625 0.0546875 0.0328125
0 0.7828125 0.8921875 0.1609375 0.103125
0 0.5328125 0.7078125 0.1015625 0.0390625
0 0.5265625 0.65234375 0.0625 0.053125
0 0.6 0.64296875 0.0703125 0.075
0 0.7296875 0.6203125 0.1109375 0.0859375
0 0.840625 0.54375 0.0921875 0.0703125
0 0.8078125 0.459375 0.0625 0.05
0 0.8859375 0.3875 0.05625 0.046875
0 0.821875 0.321875 0.078125 0.0859375
0 0.93046875 0.2609375 0.05 0.05
0 0.83515625 0.13984375 0.1265625 0.0765625
0 0.44375 0.42109375 0.084375 0.0765625
0 0.553125 0.38828125 0.0609375 0.0328125
0 0.7046875 0.29765625 0.0609375 0.0515625
0 0.48359375 0.61953125 0.06875 0.065625
0 0.6328125 0.55859375 0.1046875 0.0484375
0 0.590625 0.5359375 0.0859375 0.040625
0 0.6375 0.79921875 0.0890625 0.071875
0 0.4078125 0.8625 0.0625 0.0375
0 0.70859375 0.84296875 0.065625 0.05
0 0.73984375 0.7328125 0.090625 0.065625
0 0.82109375 0.815625 0.0734375 0.04375
0 0.865625 0.72421875 0.1109375 0.053125
0 0.8578125 0.66953125 0.075 0.0578125
0 0.92421875 0.9453125 0.09375 0.0421875
0 0.96796875 0.8359375 0.0640625 0.05625
0 0.2734375 0.04921875 0.1171875 0.0828125
0 0.07578125 0.03203125 0.0953125 0.0640625
0 0.37265625 0.11484375 0.14375 0.078125