0 0.5921875 0.02421875 0.1109375 0.0484375
0 0.9765625 0.034375 0.046875 0.0375
0 0.9609375 0.01171875 0.078125 0.0234375
0 0.8984375 0.0609375 0.0765625 0.0375
0 0.7734375 0.0234375 0.0765625 0.04375
0 0.33828125 0.03046875 0.0703125 0.0390625
0 0.1203125 0.05078125 0.075 0.05
0 0.403125 0.09765625 0.0390625 0.0359375
0 0.33828125 0.09765625 0.0328125 0.0453125
0 0.28828125 0.11328125 0.0859375 0.0421875
0 0.5171875 0.09453125 0.0703125 0.03125
0 0.53828125 0.06484375 0.0640625 0.0265625
0 0.72265625 0.11875 0.04375 0.0375
0 0.85390625 0.15078125 0.08125 0.0484375
0 0.80390625 0.13359375 0.0515625 0.034375
0 0.6203125 0.1671875 0.1 0.053125
0 0.40390625 0.146875 0.0703125 0.0390625
0 0.1015625 0.17578125 0.053125 0.0203125
0 0.09375 0.146875 0.0375 0.025
0 0.021875 0.1328125 0.04375 0.040625
0 0.19453125 0.16953125 0.0609375 0.0375
0 0.3296875 0.1859375 0.0546875 0.040625
0 0.53828125 0.2078125 0.046875 0.0296875
0 0.47578125 0.190625 0.0421875 0.0375
0 0.4234375 0.20390625 0.040625 0.025
0 0.68984375 0.23046875 0.071875 0.0296875
0 0.65625 0.203125 0.040625 0.0265625
0 0.821875 0.203125 0.0515625 0.03125
0 0.9765625 0.17734375 0.046875 0.0296875
0 0.871875 0.22265625 0.0875 0.0421875
0 0.96171875 0.24375 0.046875 0.025
0 0.80234375 0.26640625 0.0734375 0.0453125
0 0.7765625 0.228125 0.0609375 0.034375
0 0.44765625 0.24375 0.0578125 0.021875
0 0.23046875 0.21015625 0.053125 0.0390625
0 0.10703125 0.2390625 0.0578125 0.0328125
0 0.04453125 0.25 0.0625 0.046875
0 0.4 0.265625 0.06875 0.0421875
0 0.5625 0.28203125 0.0953125 0.0359375
0 0.6609375 0.27421875 0.096875 0.04375
0 0.7296875 0.28671875 0.0578125 0.03125
0 0.8640625 0.29921875 0.05625 0.040625
0 0.93203125 0.31171875 0.078125 0.0390625
0 0.79140625 0.35625 0.075 0.0390625
0 0.51796875 0.32578125 0.09375 0.040625
0 0.4125 0.31015625 0.0546875 0.0296875
0 0.2140625 0.33515625 0.0734375 0.0359375
0 0.01640625 0.334375 0.0328125 0.034375
0 0.1203125 0.3390625 0.0546875 0.0375
0 0.34453125 0.3828125 0.1234375 0.0484375
0 0.02890625 0.40546875 0.0578125 0.046875
0 0.71015625 0.40859375 0.084375 0.03125
0 0.6828125 0.3890625 0.0734375 0.0390625
0 0.8296875 0.41875 0.05625 0.0234375
0 0.896875 0.3734375 0.0546875 0.0296875
0 0.38203125 0.43046875 0.0703125 0.034375
0 0.4671875 0.44453125 0.06875 0.03125
0 0.5015625 0.4015625 0.059375 0.028125
0 0.64140625 0.446875 0.06875 0.0390625
0 0.13125 0.475 0.0609375 0.0515625
0 0.22890625 0.47265625 0.0578125 0.0328125
0 0.75390625 0.5046875 0.053125 0.0296875
0 0.79453125 0.48671875 0.0515625 0.0328125
0 0.86875 0.56015625 0.0484375 0.025
0 0.83828125 0.53828125 0.053125 0.0265625
0 0.903125 0.52421875 0.0546875 0.028125
0 0.9375 0.56171875 0.04375 0.0203125
0 0.6359375 0.53515625 0.0390625 0.0203125
0 0.571875 0.53671875 0.0609375 0.0265625
0 0.40390625 0.528125 0.071875 0.028125
0 0.14453125 0.540625 0.0765625 0.0296875
0 0.275 0.625 0.0875 0.0453125
0 0.40390625 0.65390625 0.0625 0.0328125
0 0.3984375 0.62109375 0.05625 0.0265625
0 0.4671875 0.59375 0.04375 0.0328125
0 0.40703125 0.58203125 0.05 0.0328125
0 0.57109375 0.5875 0.0390625 0.0203125
0 0.728125 0.5921875 0.0484375 0.028125
0 0.68203125 0.5859375 0.0546875 0.03125
0 0.83203125 0.6484375 0.0515625 0.0296875
0 0.8046875 0.62265625 0.0609375 0.0328125
0 0.953125 0.65703125 0.06875 0.028125
0 0.87265625 0.6828125 0.0484375 0.0265625
0 0.78671875 0.653125 0.0359375 0.0203125
0 0.66171875 0.6828125 0.0578125 0.0296875
0 0.68125 0.6640625 0.0328125 0.021875
0 0.64375 0.646875 0.0609375 0.03125
0 0.725 0.6421875 0.046875 0.025
0 0.690625 0.6296875 0.0390625 0.0203125
0 0.53359375 0.66484375 0.0609375 0.0359375
0 0.48671875 0.6484375 0.0546875 0.034375
0 0.31328125 0.68046875 0.059375 0.034375
0 0.08359375 0.63828125 0.0671875 0.0234375
0 0.0515625 0.61171875 0.05625 0.040625
0 0.01484375 0.6359375 0.0296875 0.0328125
0 0.8859375 0.72109375 0.05625 0.025
0 0.946875 0.75 0.040625 0.0203125
0 0.7625 0.753125 0.053125 0.0234375
0 0.6984375 0.76171875 0.0375 0.025
0 0.6640625 0.734375 0.05625 0.0234375
0 0.903125 0.79296875 0.0515625 0.025
0 0.76171875 0.80625 0.0515625 0.0265625
0 0.73046875 0.825 0.046875 0.0234375
0 0.665625 0.809375 0.046875 0.028125
0 0.53515625 0.809375 0.0734375 0.0328125
0 0.36640625 0.79453125 0.059375 0.0390625
0 0.1984375 0.74375 0.103125 0.04375
0 0.59375 0.71796875 0.065625 0.0375
0 0.09609375 0.86953125 0.059375 0.03125
0 0.2328125 0.859375 0.05625 0.025
0 0.19921875 0.8453125 0.040625 0.025
0 0.29296875 0.8984375 0.075 0.0296875
0 0.54609375 0.865625 0.0671875 0.0265625
0 0.4921875 0.84453125 0.053125 0.028125
0 0.45 0.82734375 0.05 0.021875
0 0.68828125 0.8640625 0.0390625 0.025
0 0.6390625 0.87734375 0.04375 0.034375
0 0.62734375 0.85546875 0.04375 0.0203125
0 0.6421875 0.8390625 0.046875 0.0203125
0 0.53046875 0.92578125 0.05625 0.028125
0 0.453125 0.925 0.0578125 0.03125
0 0.5109375 0.98515625 0.0640625 0.025
0 0.56953125 0.9671875 0.05625 0.0203125
0 0.65390625 0.92578125 0.040625 0.0234375
0 0.7140625 0.89765625 0.0484375 0.028125
0 0.74140625 0.94609375 0.0421875 0.0171875
0 0.85546875 0.87421875 0.0421875 0.0203125
0 0.2578125 0.96640625 0.0625 0.0234375
0 0.08515625 0.98046875 0.0515625 0.028125
0 0.67890625 0.98671875 0.04375 0.0265625