0 0.23671875 0.02109375 0.07890625 0.0328125
0 0.30078125 0.253125 0.115625 0.09609375
0 0.43125 0.08125 0.046875 0.053125
0 0.5046875 0.36484375 0.09375 0.128125
0 0.5625 0.39609375 0.059375 0.05625
0 0.3 0.63515625 0.09765625 0.08828125
0 0.18671875 0.55390625 0.0703125 0.0625
0 0.3328125 0.80625 0.103125 0.08046875
0 0.428125 0.7453125 0.10078125 0.08359375
0 0.46015625 0.8125 0.08125 0.06171875
0 0.45625 0.68515625 0.065625 0.0671875
0 0.5484375 0.7578125 0.06484375 0.03359375
0 0.6453125 0.69921875 0.06015625 0.05859375
0 0.7140625 0.78046875 0.0453125 0.03046875
0 0.7125 0.90625 0.0328125 0.0296875
0 0.9484375 0.60859375 0.04140625 0.034375
0 0.9796875 0.56015625 0.040625 0.0453125