0 0.728125 0.19609375 0.184375 0.2015625
0 0.8453125 0.32109375 0.08671875 0.10859375
0 0.77421875 0.3859375 0.078125 0.13359375
0 0.9609375 0.50234375 0.06328125 0.0625
0 0.6375 0.45390625 0.146875 0.1671875
0 0.70390625 0.6265625 0.10625 0.1234375
0 0.475 0.56484375 0.14609375 0.17265625
0 0.24609375 0.7328125 0.2171875 0.24296875
0 0.234375 0.7953125 0.003125 0.0046875
0 0.08359375 0.79453125 0.0890625 0.08828125
0 0.26484375 0.459375 0.11484375 0.075
0 0.1953125 0.18671875 0.115625 0.103125
0 0.3203125 0.1640625 0.04296875 0.059375
0 0.30078125 0.25625 0.065625 0.0546875
0 0.784375 0.9390625 0.06796875 0.0890625
0 0.271875 0.9734375 0.05234375 0.05