0 0.68671875 0.603125 0.0265625 0.0203125
0 0.753125 0.5859375 0.028125 0.015625
0 0.78984375 0.596875 0.0171875 0.0125
0 0.909375 0.68046875 0.015625 0.01875
0 0.9265625 0.6125 0.0171875 0.0125
0 0.8953125 0.59921875 0.0140625 0.0125
0 0.53359375 0.690625 0.0203125 0.0140625
0 0.14609375 0.12890625 0.025 0.021875
0 0.18203125 0.12421875 0.0171875 0.0109375
0 0.409375 0.23515625 0.025 0.0171875
0 0.24765625 0.7875 0.0171875 0.0125
0 0.3109375 0.71875 0.0203125 0.0140625
0 0.7765625 0.81640625 0.0203125 0.0140625
0 0.91328125 0.75546875 0.0203125 0.0140625
0 0.946875 0.7375 0.01875 0.0125
0 0.77265625 0.76171875 0.0078125 0.015625
0 0.78984375 0.75390625 0.015625 0.0171875
0 0.78046875 0.70546875 0.01875 0.0171875
0 0.5671875 0.47265625 0.01875 0.01875