0 0.290625 0.925 0.1234375 0.1328125
0 0.13984375 0.76015625 0.040625 0.0515625
0 0.20859375 0.72109375 0.08359375 0.0984375
0 0.16796875 0.61875 0.07421875 0.07734375
0 0.14609375 0.41484375 0.11796875 0.20703125
0 0.3171875 0.5109375 0.0953125 0.0984375
0 0.13984375 0.259375 0.046875 0.0546875
0 0.1515625 0.04921875 0.0859375 0.0640625
0 0.1578125 0.11171875 0.05703125 0.09296875
0 0.36875 0.7765625 0.08359375 0.09609375
0 0.49609375 0.784375 0.0421875 0.0546875
0 0.5015625 0.95078125 0.02421875 0.04453125
0 0.5890625 0.48046875 0.171875 0.30078125
0 0.78046875 0.61015625 0.07578125 0.08984375
0 0.9796875 0.5078125 0.03984375 0.0828125
0 0.84140625 0.290625 0.06015625 0.04453125
0 0.98125 0.32265625 0.0375 0.0578125
0 0.76796875 0.1625 0.03671875 0.05625
0 0.525 0.1890625 0.05859375 0.05234375