0 0.1375 0.671875 0.275 0.228125
0 0.50625 0.5375 0.1796875 0.153125
0 0.37265625 0.4875 0.1390625 0.1109375
0 0.3859375 0.21953125 0.4015625 0.2125
0 0.23359375 0.28125 0.1390625 0.0796875
0 0.1453125 0.17734375 0.05 0.0703125
0 0.16875 0.03671875 0.1328125 0.0734375
0 0.7 0.52109375 0.1140625 0.0734375
0 0.88828125 0.50546875 0.0859375 0.075
0 0.96328125 0.46875 0.0609375 0.05
0 0.971875 0.3875 0.05625 0.046875
0 0.89375 0.2125 0.084375 0.0546875
0 0.94140625 0.67578125 0.1171875 0.0890625
0 0.93515625 0.80703125 0.1296875 0.096875
0 0.7125 0.721875 0.215625 0.109375
0 0.68359375 0.83203125 0.08125 0.053125
0 0.55859375 0.8078125 0.190625 0.13125
0 0.40390625 0.809375 0.1015625 0.059375
0 0.4109375 0.97109375 0.11875 0.0578125
0 0.2875 0.87578125 0.1328125 0.059375
0 0.74609375 0.96171875 0.14375 0.065625
0 0.74609375 0.8796875 0.0921875 0.0484375
0 0.56875 0.96640625 0.1203125 0.0671875
0 0.04921875 0.9578125 0.0984375 0.04375