0 0.3859375 0.9296875 0.0578125 0.0375
0 0.51328125 0.91484375 0.046875 0.0296875
0 0.6375 0.90859375 0.06875 0.0265625
0 0.76953125 0.84375 0.0453125 0.025
0 0.81015625 0.87734375 0.0484375 0.0203125
0 0.684375 0.765625 0.0359375 0.025
0 0.6609375 0.7828125 0.053125 0.021875
0 0.65 0.8 0.046875 0.021875
0 0.61015625 0.753125 0.053125 0.021875
0 0.57265625 0.7359375 0.0375 0.0296875
0 0.5328125 0.70625 0.06875 0.0375
0 0.60703125 0.678125 0.059375 0.03125
0 0.56171875 0.671875 0.0671875 0.0265625
0 0.4890625 0.66875 0.04375 0.021875
0 0.39765625 0.6671875 0.04375 0.0390625
0 0.3421875 0.6828125 0.0453125 0.034375
0 0.36328125 0.634375 0.04375 0.0234375
0 0.74609375 0.62578125 0.05625 0.0296875
0 0.7078125 0.66953125 0.05 0.0265625
0 0.74140625 0.7125 0.0375 0.0203125
0 0.68515625 0.5828125 0.0484375 0.0359375
0 0.728125 0.55078125 0.0296875 0.028125
0 0.68671875 0.53359375 0.05 0.0203125
0 0.63984375 0.515625 0.065625 0.0265625
0 0.07265625 0.88046875 0.046875 0.0328125
0 0.02265625 0.871875 0.0453125 0.034375
0 0.18203125 0.51640625 0.05625 0.0234375
0 0.065625 0.4984375 0.0421875 0.025
0 0.4109375 0.52421875 0.0796875 0.0296875