0 0.290625 0.075 0.1234375 0.1328125
0 0.13984375 0.23984375 0.040625 0.0515625
0 0.20859375 0.27890625 0.08359375 0.0984375
0 0.16796875 0.38125 0.07421875 0.07734375
0 0.14609375 0.58515625 0.11796875 0.20703125
0 0.3171875 0.4890625 0.0953125 0.0984375
0 0.13984375 0.740625 0.046875 0.0546875
0 0.1515625 0.95078125 0.0859375 0.0640625
0 0.1578125 0.88828125 0.05703125 0.09296875
0 0.36875 0.2234375 0.08359375 0.09609375
0 0.49609375 0.215625 0.0421875 0.0546875
0 0.5015625 0.04921875 0.02421875 0.04453125
0 0.5890625 0.51953125 0.171875 0.30078125
0 0.78046875 0.38984375 0.07578125 0.08984375
0 0.9796875 0.4921875 0.03984375 0.0828125
0 0.84140625 0.709375 0.06015625 0.04453125
0 0.98125 0.67734375 0.0375 0.0578125
0 0.76796875 0.8375 0.03671875 0.05625
0 0.525 0.8109375 0.05859375 0.05234375