0 0.91484375 0.93046875 0.1703125 0.121875
0 0.9453125 0.77109375 0.0921875 0.0484375
0 0.7859375 0.8171875 0.159375 0.0765625
0 0.94609375 0.2859375 0.1078125 0.1046875
0 0.6609375 0.4578125 0.140625 0.13125
0 0.5328125 0.57578125 0.1265625 0.0734375
0 0.7890625 0.5953125 0.075 0.0421875
0 0.6796875 0.64765625 0.103125 0.0765625
0 0.35 0.5453125 0.2453125 0.15625
0 0.41171875 0.671875 0.1609375 0.1390625
0 0.50234375 0.81875 0.13125 0.0875
0 0.4734375 0.94296875 0.1890625 0.090625
0 0.22421875 0.846875 0.1390625 0.0875
0 0.19140625 0.79453125 0.078125 0.059375
0 0.34375 0.4578125 0.08125 0.05
0 0.48671875 0.35625 0.2234375 0.1375
0 0.5140625 0.1390625 0.365625 0.1953125
0 0.69765625 0.18046875 0.09375 0.08125
0 0.46640625 0.26640625 0.109375 0.071875
0 0.31171875 0.03828125 0.075 0.0421875
0 0.2625 0.1109375 0.1078125 0.090625
0 0.21640625 0.0609375 0.078125 0.04375
0 0.05625 0.31328125 0.071875 0.0546875
0 0.01953125 0.4734375 0.0390625 0.071875
0 0.01953125 0.6953125 0.0390625 0.1
0 0.73359375 0.53359375 0.1171875 0.0765625