0 0.7625 0.10078125 0.134375 0.078125
0 0.503125 0.11796875 0.121875 0.05
0 0.17265625 0.165625 0.075 0.071875
0 0.48671875 0.24609375 0.1015625 0.0515625
0 0.81484375 0.253125 0.090625 0.0546875
0 0.63203125 0.40546875 0.1 0.0578125
0 0.4625 0.3359375 0.046875 0.0453125
0 0.38359375 0.58125 0.090625 0.0546875
0 0.31484375 0.53203125 0.0859375 0.0515625
0 0.2140625 0.46953125 0.1171875 0.05
0 0.7109375 0.57578125 0.1265625 0.0578125
0 0.25859375 0.70078125 0.0796875 0.05625
0 0.7953125 0.809375 0.09375 0.040625
0 0.68046875 0.81171875 0.0953125 0.0515625
0 0.2125 0.878125 0.09375 0.0609375
0 0.9640625 0.62734375 0.071875 0.0453125