0 0.6140625 0.0703125 0.0578125 0.0375
0 0.48671875 0.08515625 0.046875 0.0296875
0 0.3625 0.09140625 0.06875 0.0265625
0 0.23046875 0.15625 0.0453125 0.025
0 0.18984375 0.12265625 0.0484375 0.0203125
0 0.315625 0.234375 0.0359375 0.025
0 0.3390625 0.2171875 0.053125 0.021875
0 0.35 0.2 0.046875 0.021875
0 0.38984375 0.246875 0.053125 0.021875
0 0.42734375 0.2640625 0.0375 0.0296875
0 0.4671875 0.29375 0.06875 0.0375
0 0.39296875 0.321875 0.059375 0.03125
0 0.43828125 0.328125 0.0671875 0.0265625
0 0.5109375 0.33125 0.04375 0.021875
0 0.60234375 0.3328125 0.04375 0.0390625
0 0.6578125 0.3171875 0.0453125 0.034375
0 0.63671875 0.365625 0.04375 0.0234375
0 0.25390625 0.37421875 0.05625 0.0296875
0 0.2921875 0.33046875 0.05 0.0265625
0 0.25859375 0.2875 0.0375 0.0203125
0 0.31484375 0.4171875 0.0484375 0.0359375
0 0.271875 0.44921875 0.0296875 0.028125
0 0.31328125 0.46640625 0.05 0.0203125
0 0.36015625 0.484375 0.065625 0.0265625
0 0.92734375 0.11953125 0.046875 0.0328125
0 0.97734375 0.128125 0.0453125 0.034375
0 0.81796875 0.48359375 0.05625 0.0234375
0 0.934375 0.5015625 0.0421875 0.025
0 0.5890625 0.47578125 0.0796875 0.0296875