0 0.6625 0.84375 0.15703125 0.146875
0 0.86796875 0.64609375 0.2 0.18671875
0 0.4875 0.6171875 0.16484375 0.11484375
0 0.54453125 0.49609375 0.11171875 0.13125
0 0.51875 0.35703125 0.078125 0.11875
0 0.52578125 0.26640625 0.078125 0.059375
0 0.73828125 0.2140625 0.1171875 0.09453125
0 0.67421875 0.17265625 0.07734375 0.05078125
0 0.56953125 0.146875 0.075 0.09921875
0 0.490625 0.06015625 0.0953125 0.11796875
0 0.50078125 0.1640625 0.07734375 0.0875
0 0.21015625 0.17578125 0.1078125 0.17265625
0 0.1734375 0.4984375 0.128125 0.12265625
0 0.284375 0.8265625 0.1578125 0.159375
0 0.06015625 0.80546875 0.05390625 0.1078125