0 0.73359375 0.96953125 0.07578125 0.0609375
0 0.73671875 0.6265625 0.15 0.33203125
0 0.75 0.846875 0.0421875 0.04765625
0 0.734375 0.396875 0.0578125 0.07890625
0 0.740625 0.26015625 0.05546875 0.0859375
0 0.7328125 0.1703125 0.04140625 0.053125
0 0.5375 0.41171875 0.0921875 0.10703125
0 0.4125 0.89296875 0.05234375 0.04453125
0 0.4140625 0.765625 0.04375 0.059375
0 0.39609375 0.440625 0.0640625 0.090625
0 0.35234375 0.39140625 0.08046875 0.0796875
0 0.36796875 0.22265625 0.04921875 0.078125
0 0.3234375 0.1015625 0.09921875 0.1078125
0 0.1875 0.31328125 0.06796875 0.0921875
0 0.1890625 0.56171875 0.14609375 0.28828125