0 0.04453125 0.02265625 0.0890625 0.0453125
0 0.16953125 0.0234375 0.090625 0.04375
0 0.3953125 0.09296875 0.0890625 0.0578125
0 0.371875 0.01875 0.06875 0.0375
0 0.5546875 0.025 0.059375 0.046875
0 0.63125 0.2640625 0.0875 0.046875
0 0.690625 0.19765625 0.1890625 0.096875
0 0.73828125 0.09296875 0.09375 0.0421875
0 0.9046875 0.10234375 0.0890625 0.046875
0 0.2046875 0.20390625 0.084375 0.034375
0 0.18203125 0.12890625 0.071875 0.0453125
0 0.33984375 0.20625 0.071875 0.0390625
0 0.30390625 0.1578125 0.0703125 0.0515625
0 0.34609375 0.1328125 0.0703125 0.034375
0 0.47578125 0.14375 0.128125 0.0796875
0 0.03046875 0.38046875 0.0609375 0.040625
0 0.0140625 0.4921875 0.028125 0.0515625
0 0.11953125 0.51015625 0.071875 0.0484375
0 0.1390625 0.4453125 0.0953125 0.0546875
0 0.1328125 0.36640625 0.0578125 0.0390625
0 0.23828125 0.45859375 0.090625 0.0515625
0 0.21796875 0.3546875 0.05625 0.04375
0 0.384375 0.28984375 0.0453125 0.0453125
0 0.434375 0.5625 0.0484375 0.03125
0 0.46796875 0.52421875 0.053125 0.0359375
0 0.4609375 0.425 0.0390625 0.028125
0 0.5265625 0.484375 0.04375 0.0328125
0 0.540625 0.42734375 0.059375 0.0375
0 0.53984375 0.34609375 0.09375 0.053125
0 0.52734375 0.28828125 0.0296875 0.0546875
0 0.73515625 0.2765625 0.1171875 0.0375
0 0.86875 0.321875 0.103125 0.0703125
0 0.90390625 0.2484375 0.096875 0.0375
0 0.90625 0.38515625 0.071875 0.0421875
0 0.64140625 0.41328125 0.1109375 0.0703125
0 0.27890625 0.4390625 0.084375 0.0453125
0 0.18515625 0.68125 0.0359375 0.0171875
0 0.2140625 0.67578125 0.0390625 0.0234375
0 0.24609375 0.659375 0.0234375 0.0234375
0 0.32890625 0.6625 0.0359375 0.025
0 0.4828125 0.58671875 0.1203125 0.04375
0 0.6328125 0.5203125 0.0671875 0.046875
0 0.73125 0.528125 0.0625 0.0390625
0 0.69375 0.484375 0.05625 0.0328125
0 0.4640625 0.459375 0.0515625 0.034375
0 0.66484375 0.6640625 0.0515625 0.034375
0 0.70859375 0.64453125 0.059375 0.0453125
0 0.85625 0.5921875 0.1234375 0.05
0 0.7921875 0.59296875 0.0390625 0.0234375
0 0.8609375 0.57109375 0.0453125 0.0265625
0 0.878125 0.5296875 0.0796875 0.0421875
0 0.94453125 0.5125 0.1109375 0.0609375
0 0.10234375 0.65859375 0.0546875 0.025
0 0.13515625 0.6484375 0.03125 0.021875
0 0.13828125 0.6125 0.0515625 0.021875
0 0.1671875 0.57734375 0.0703125 0.0359375
0 0.19140625 0.61796875 0.025 0.01875
0 0.24375 0.58671875 0.0375 0.028125
0 0.2484375 0.54453125 0.046875 0.0421875
0 0.01640625 0.77109375 0.0328125 0.04375
0 0.0140625 0.7234375 0.028125 0.0546875
0 0.0984375 0.76484375 0.09375 0.0359375
0 0.11875 0.71796875 0.1046875 0.04375
0 0.31953125 0.80703125 0.06875 0.0453125
0 0.37109375 0.76953125 0.090625 0.0546875
0 0.39375 0.71015625 0.0390625 0.0515625
0 0.0515625 0.63125 0.0359375 0.01875
0 0.17421875 0.6390625 0.0484375 0.03125
0 0.28984375 0.634375 0.0265625 0.0171875
0 0.33046875 0.6125 0.0390625 0.034375
0 0.3890625 0.64921875 0.0296875 0.028125
0 0.37265625 0.5828125 0.0765625 0.0390625
0 0.378125 0.54296875 0.065625 0.0296875
0 0.58984375 0.625 0.071875 0.025
0 0.47421875 0.66796875 0.0453125 0.03125
0 0.4921875 0.63828125 0.053125 0.0125
0 0.49765625 0.621875 0.05 0.0125
0 0.5265625 0.73359375 0.0609375 0.0203125
0 0.42265625 0.71484375 0.046875 0.0234375
0 0.46875 0.71796875 0.0359375 0.015625
0 0.5265625 0.6984375 0.028125 0.028125
0 0.5828125 0.6921875 0.078125 0.0390625
0 0.58203125 0.85234375 0.053125 0.021875
0 0.475 0.925 0.04375 0.0296875
0 0.4859375 0.9046875 0.059375 0.0109375
0 0.515625 0.88515625 0.059375 0.0203125
0 0.50078125 0.86640625 0.0484375 0.025
0 0.55625 0.8359375 0.0265625 0.0203125
0 0.58046875 0.80859375 0.040625 0.021875
0 0.59453125 0.784375 0.0390625 0.0234375
0 0.6296875 0.759375 0.040625 0.0234375
0 0.65546875 0.71640625 0.0265625 0.0171875
0 0.71640625 0.72890625 0.0859375 0.034375
0 0.81796875 0.6875 0.0578125 0.0484375
0 0.79921875 0.64375 0.0453125 0.0234375
0 0.1546875 0.834375 0.0453125 0.0171875
0 0.1734375 0.82421875 0.021875 0.0171875
0 0.221875 0.8140625 0.04375 0.0234375
0 0.25 0.76953125 0.0453125 0.028125
0 0.23125 0.74296875 0.0359375 0.0203125
0 0.26796875 0.71953125 0.0390625 0.0234375
0 0.85078125 0.7484375 0.053125 0.0265625
0 0.790625 0.83515625 0.0875 0.059375
0 0.68203125 0.8734375 0.109375 0.0453125
0 0.3546875 0.98203125 0.0390625 0.0234375
0 0.37890625 0.9453125 0.05625 0.0359375
0 0.27890625 0.94375 0.053125 0.0234375
0 0.33671875 0.9140625 0.0515625 0.0234375
0 0.40234375 0.9 0.03125 0.0234375
0 0.4359375 0.8765625 0.084375 0.0328125
0 0.42421875 0.834375 0.0859375 0.040625
0 0.446875 0.80234375 0.0421875 0.0234375
0 0.52265625 0.80390625 0.05625 0.0296875
0 0.55390625 0.759375 0.040625 0.0328125
0 0.615625 0.834375 0.0578125 0.01875
0 0.63828125 0.79453125 0.025 0.0203125
0 0.71015625 0.81015625 0.028125 0.015625
0 0.71328125 0.77578125 0.0390625 0.025
0 0.75703125 0.79296875 0.0390625 0.01875
0 0.51796875 0.96875 0.08125 0.05
0 0.55703125 0.9296875 0.05625 0.0234375
0 0.56015625 0.90390625 0.0625 0.03125
0 0.65625 0.93515625 0.0734375 0.0359375
0 0.70234375 0.96796875 0.090625 0.0296875
0 0.94765625 0.90625 0.090625 0.034375
0 0.8296875 0.86796875 0.0671875 0.025
0 0.86875 0.83359375 0.0578125 0.0328125
0 0.01953125 0.98125 0.0390625 0.0296875
0 0.04921875 0.9546875 0.0546875 0.0359375
0 0.13515625 0.959375 0.0703125 0.021875
0 0.02890625 0.91796875 0.040625 0.01875
0 0.05234375 0.90390625 0.0453125 0.015625
0 0.0265625 0.86484375 0.0484375 0.021875
0 0.17734375 0.921875 0.0421875 0.03125
0 0.20078125 0.89140625 0.0265625 0.0171875
0 0.2359375 0.89453125 0.046875 0.01875
0 0.26796875 0.90546875 0.0484375 0.01875
0 0.1921875 0.9859375 0.0625 0.028125
0 0.19296875 0.95078125 0.04375 0.0296875
0 0.240625 0.86796875 0.0265625 0.01875
0 0.753125 0.940625 0.059375 0.0203125
0 0.853125 0.94765625 0.0515625 0.025
0 0.928125 0.975 0.0625 0.025
0 0.96875 0.98671875 0.0421875 0.015625
0 0.92578125 0.79140625 0.0515625 0.0265625
0 0.97734375 0.7625 0.0453125 0.025
0 0.85234375 0.90859375 0.0359375 0.025
0 0.89453125 0.87109375 0.0359375 0.021875
0 0.95625 0.84296875 0.0390625 0.0171875
0 0.97734375 0.87734375 0.028125 0.0171875
0 0.990625 0.84609375 0.01875 0.0265625
0 0.33515625 0.87890625 0.04375 0.0328125
0 0.1625 0.80078125 0.040625 0.01875
0 0.09140625 0.88671875 0.046875 0.0140625
0 0.07578125 0.87265625 0.0390625 0.009375
0 0.13046875 0.9109375 0.059375 0.01875