0 0.784375 0.15546875 0.0640625 0.0375
0 0.86171875 0.2171875 0.065625 0.053125
0 0.82734375 0.28125 0.053125 0.040625
0 0.56328125 0.29609375 0.0796875 0.040625
0 0.7296875 0.37265625 0.0390625 0.025
0 0.6828125 0.35625 0.053125 0.0359375
0 0.6703125 0.31640625 0.0546875 0.0296875
0 0.82109375 0.3609375 0.05625 0.0453125
0 0.70078125 0.41171875 0.05 0.0359375
0 0.66796875 0.471875 0.05625 0.034375
0 0.603125 0.44296875 0.05625 0.0390625
0 0.81875 0.48828125 0.071875 0.0390625
0 0.5171875 0.52265625 0.0734375 0.0328125
0 0.34140625 0.51875 0.0625 0.0296875
0 0.375 0.43359375 0.05625 0.0421875
0 0.0609375 0.47734375 0.06875 0.021875
0 0.08359375 0.45546875 0.046875 0.0296875
0 0.03671875 0.4390625 0.0734375 0.04375
0 0.1953125 0.5 0.071875 0.028125
0 0.18984375 0.47421875 0.0625 0.034375
0 0.58359375 0.3703125 0.0625 0.028125
0 0.60546875 0.34140625 0.0390625 0.0390625
0 0.54140625 0.334375 0.0578125 0.040625
0 0.025 0.2671875 0.05 0.0609375
0 0.4640625 0.1453125 0.09375 0.0453125
0 0.59921875 0.1734375 0.065625 0.0375
0 0.54765625 0.20625 0.0609375 0.0328125
0 0.70234375 0.18046875 0.0703125 0.040625
0 0.3453125 0.6875 0.0578125 0.0328125
0 0.33671875 0.59765625 0.05 0.0296875
0 0.0234375 0.6875 0.046875 0.03125
0 0.965625 0.8890625 0.06875 0.021875
0 0.91171875 0.95 0.0421875 0.0171875
0 0.88125 0.91796875 0.0484375 0.0296875
0 0.83125 0.9 0.05625 0.01875
0 0.89140625 0.9765625 0.0421875 0.021875
0 0.83984375 0.990625 0.0546875 0.01875
0 0.5015625 0.90625 0.0484375 0.01875
0 0.48359375 0.80390625 0.046875 0.021875
0 0.503125 0.740625 0.0484375 0.025
0 0.43984375 0.74609375 0.08125 0.021875
0 0.5546875 0.6859375 0.0328125 0.0296875
0 0.42109375 0.77734375 0.0546875 0.0234375
0 0.08125 0.859375 0.0484375 0.028125
0 0.0375 0.90078125 0.0703125 0.0328125
0 0.64375 0.58671875 0.0578125 0.03125
0 0.71015625 0.5734375 0.065625 0.0265625