0 0.17734375 0.9890625 0.059375 0.021875
0 0.3359375 0.98828125 0.075 0.0234375
0 0.24765625 0.9609375 0.05 0.028125
0 0.44765625 0.97265625 0.0640625 0.0375
0 0.315625 0.91015625 0.0546875 0.0234375
0 0.31484375 0.9296875 0.0453125 0.021875
0 0.37734375 0.9265625 0.05625 0.03125
0 0.48671875 0.9203125 0.0515625 0.025
0 0.5390625 0.9171875 0.0609375 0.0359375
0 0.45859375 0.87578125 0.059375 0.0359375
0 0.40703125 0.88828125 0.034375 0.0328125
0 0.2109375 0.86640625 0.05 0.021875
0 0.85234375 0.85859375 0.0609375 0.0265625
0 0.834375 0.80546875 0.040625 0.0265625
0 0.56328125 0.80078125 0.0453125 0.0234375
0 0.4078125 0.784375 0.0703125 0.040625
0 0.3015625 0.8046875 0.0390625 0.0203125
0 0.28828125 0.76953125 0.0390625 0.0171875
0 0.33671875 0.7671875 0.0421875 0.025
0 0.19921875 0.79375 0.046875 0.0234375
0 0.07265625 0.81328125 0.0453125 0.021875
0 0.0265625 0.7109375 0.0453125 0.0296875
0 0.17734375 0.71484375 0.0359375 0.0234375
0 0.2296875 0.7140625 0.0390625 0.0265625
0 0.28359375 0.7203125 0.0421875 0.025
0 0.33046875 0.6875 0.053125 0.0328125
0 0.95078125 0.6609375 0.059375 0.0296875
0 0.91015625 0.73125 0.04375 0.021875
0 0.775 0.7234375 0.040625 0.0234375
0 0.37109375 0.653125 0.0796875 0.0375
0 0.2640625 0.6609375 0.03125 0.01875
0 0.184375 0.68125 0.0421875 0.021875
0 0.08359375 0.684375 0.0390625 0.01875
0 0.26171875 0.5328125 0.0546875 0.025
0 0.35390625 0.5828125 0.0546875 0.021875
0 0.2984375 0.6265625 0.0390625 0.03125
0 0.16953125 0.471875 0.046875 0.021875
0 0.04921875 0.575 0.03125 0.0140625
0 0.0125 0.59921875 0.025 0.0203125
0 0.0734375 0.55 0.028125 0.01875
0 0.38125 0.4 0.0765625 0.028125
0 0.853125 0.378125 0.0546875 0.0234375
0 0.78828125 0.353125 0.0453125 0.0234375
0 0.721875 0.35390625 0.0453125 0.0234375
0 0.6265625 0.3625 0.05 0.0203125
0 0.2734375 0.375 0.0421875 0.0203125
0 0.3296875 0.3671875 0.0421875 0.01875
0 0.021875 0.3046875 0.040625 0.028125
0 0.103125 0.328125 0.05625 0.0265625
0 0.07578125 0.25 0.04375 0.01875
0 0.2703125 0.28125 0.0484375 0.0234375
0 0.64140625 0.2078125 0.0625 0.028125
0 0.4984375 0.2375 0.0484375 0.028125
0 0.89921875 0.196875 0.0484375 0.028125
0 0.984375 0.2984375 0.03125 0.025
0 0.21640625 0.0890625 0.078125 0.0265625
0 0.0796875 0.096875 0.0328125 0.0234375
0 0.29609375 0.0109375 0.046875 0.0203125
0 0.35078125 0.01875 0.0421875 0.021875
0 0.23828125 0.03046875 0.0390625 0.01875
0 0.7796875 0.05546875 0.053125 0.0265625