0 0.0375 0.32421875 0.075 0.1234375
0 0.121875 0.2671875 0.1671875 0.0859375
0 0.25703125 0.1625 0.1171875 0.05
0 0.4875 0.2140625 0.2421875 0.1265625
0 0.65078125 0.15625 0.040625 0.04375
0 0.66328125 0.10234375 0.1609375 0.0765625
0 0.79609375 0.22734375 0.078125 0.0484375
0 0.83203125 0.15546875 0.1453125 0.0796875
0 0.4125 0.0703125 0.046875 0.0640625
0 0.55234375 0.0296875 0.1 0.059375
0 0.08203125 0.0234375 0.1640625 0.046875
0 0.51171875 0.409375 0.225 0.1046875
0 0.4140625 0.67734375 0.18125 0.10625
0 0.2421875 0.79609375 0.2671875 0.121875
0 0.2453125 0.9046875 0.221875 0.1125
0 0.6328125 0.740625 0.16875 0.0828125
0 0.84140625 0.6296875 0.0875 0.071875
0 0.95234375 0.49765625 0.0828125 0.05
0 0.96015625 0.4234375 0.0796875 0.0765625
0 0.81015625 0.39765625 0.075 0.0484375
0 0.98359375 0.3046875 0.0328125 0.0375
0 0.19609375 0.63046875 0.0828125 0.0359375
0 0.04140625 0.48125 0.0515625 0.040625
0 0.775 0.7890625 0.071875 0.046875
0 0.91796875 0.69296875 0.071875 0.0484375
0 0.97890625 0.67734375 0.0421875 0.05
0 0.88828125 0.821875 0.090625 0.0359375
0 0.5703125 0.6046875 0.0390625 0.0421875
0 0.73515625 0.615625 0.05625 0.04375
0 0.8609375 0.2671875 0.0765625 0.0484375
0 0.91953125 0.2828125 0.084375 0.03125
0 0.925 0.05546875 0.0984375 0.03125