0 0.821875 0.3546875 0.040625 0.04296875
0 0.67421875 0.12734375 0.0328125 0.03046875
0 0.73125 0.0671875 0.03046875 0.01796875
0 0.89765625 0.9578125 0.03515625 0.04453125
0 0.4625 0.60859375 0.0765625 0.08125
0 0.42421875 0.675 0.05078125 0.0515625
0 0.39296875 0.53203125 0.05703125 0.05703125
0 0.31640625 0.81953125 0.14296875 0.1328125
0 0.47265625 0.959375 0.0359375 0.03046875
0 0.1953125 0.73359375 0.0546875 0.06796875
0 0.1625 0.67734375 0.04921875 0.03046875
0 0.1390625 0.46328125 0.05078125 0.06171875
0 0.35078125 0.22109375 0.034375 0.046875
0 0.4265625 0.14765625 0.05234375 0.0453125
0 0.4234375 0.04296875 0.0390625 0.040625
0 0.23828125 0.221875 0.03359375 0.03125
0 0.140625 0.18125 0.071875 0.07421875