0 0.26328125 0.9578125 0.09609375 0.0796875
0 0.23515625 0.80625 0.0859375 0.08515625
0 0.371875 0.740625 0.0953125 0.09375
0 0.3515625 0.80859375 0.06171875 0.0671875
0 0.315625 0.50859375 0.1921875 0.2
0 0.37578125 0.29296875 0.21015625 0.15546875
0 0.71015625 0.36484375 0.24609375 0.2125
0 0.56796875 0.07578125 0.278125 0.15078125
0 0.58515625 0.90859375 0.146875 0.10078125
0 0.79609375 0.9671875 0.12265625 0.06484375
0 0.8421875 0.88125 0.0546875 0.05703125
0 0.7859375 0.75703125 0.13515625 0.12890625
0 0.59296875 0.765625 0.0828125 0.0609375