0 0.07109375 0.740625 0.1109375 0.0484375
0 0.05859375 0.8078125 0.1171875 0.0953125
0 0.02578125 0.55546875 0.0515625 0.1171875
0 0.13125 0.571875 0.090625 0.0625
0 0.1796875 0.59453125 0.065625 0.040625
0 0.03515625 0.36015625 0.0703125 0.075
0 0.34140625 0.45859375 0.2828125 0.1421875
0 0.50703125 0.659375 0.26875 0.1890625
0 0.6421875 0.94765625 0.109375 0.090625
0 0.765625 0.81640625 0.184375 0.1109375
0 0.915625 0.92421875 0.16875 0.1171875
0 0.8546875 0.47578125 0.290625 0.184375
0 0.75625 0.59375 0.1375 0.0890625
0 0.84296875 0.61328125 0.071875 0.0546875
0 0.9234375 0.66328125 0.153125 0.1109375
0 0.72421875 0.27890625 0.20625 0.2140625
0 0.884375 0.17109375 0.1796875 0.096875
0 0.678125 0.09453125 0.1390625 0.0765625
0 0.7921875 0.03359375 0.2109375 0.0671875
0 0.48515625 0.04609375 0.128125 0.0890625
0 0.50078125 0.2515625 0.25625 0.2578125
0 0.28828125 0.2390625 0.090625 0.065625
0 0.06015625 0.0953125 0.1203125 0.103125
0 0.17421875 0.03125 0.2109375 0.0625
0 0.35625 0.2078125 0.0953125 0.0671875