0 0.03671875 0.09296875 0.0734375 0.0515625
0 0.0796875 0.0234375 0.1109375 0.046875
0 0.034375 0.24921875 0.06875 0.0453125
0 0.13671875 0.3 0.1 0.0546875
0 0.071875 0.23671875 0.0578125 0.0328125
0 0.12578125 0.20546875 0.096875 0.06875
0 0.03515625 0.58359375 0.0703125 0.0828125
0 0.07265625 0.52890625 0.0515625 0.0421875
0 0.0640625 0.46796875 0.0265625 0.021875
0 0.19609375 0.79140625 0.084375 0.0390625
0 0.1875 0.74296875 0.0953125 0.0625
0 0.0171875 0.86015625 0.034375 0.0390625
0 0.090625 0.85 0.075 0.040625
0 0.31171875 0.784375 0.0921875 0.0359375
0 0.31484375 0.7390625 0.121875 0.0421875
0 0.22421875 0.5171875 0.05625 0.0328125
0 0.16875 0.59609375 0.08125 0.0359375
0 0.1765625 0.6453125 0.0390625 0.0265625
0 0.615625 0.56796875 0.04375 0.0265625
0 0.66328125 0.58203125 0.03125 0.0203125
0 0.68359375 0.559375 0.05625 0.0390625
0 0.76640625 0.51796875 0.0546875 0.021875
0 0.784375 0.46484375 0.05 0.0234375
0 0.88125 0.4578125 0.1015625 0.0578125
0 0.321875 0.0609375 0.0984375 0.0640625
0 0.44375 0.06484375 0.0875 0.0515625
0 0.6578125 0.04609375 0.1015625 0.0609375
0 0.7 0.153125 0.046875 0.040625
0 0.70625 0.1078125 0.03125 0.034375
0 0.82578125 0.07421875 0.0625 0.0375
0 0.95625 0.09609375 0.0390625 0.0375
0 0.47109375 0.2359375 0.05625 0.04375
0 0.5734375 0.19609375 0.059375 0.0328125
0 0.6296875 0.16875 0.0671875 0.0375
0 0.65703125 0.1296875 0.065625 0.0609375
0 0.4421875 0.16953125 0.090625 0.0453125
0 0.78125 0.3890625 0.0890625 0.040625
0 0.95546875 0.2328125 0.0890625 0.090625
0 0.75 0.19609375 0.1203125 0.0921875
0 0.51171875 0.30703125 0.0625 0.0640625
0 0.56171875 0.29765625 0.0359375 0.0265625
0 0.61875 0.2421875 0.0625 0.040625
0 0.5875 0.3375 0.04375 0.0234375
0 0.6359375 0.32421875 0.0453125 0.0359375
0 0.6890625 0.29453125 0.0671875 0.0265625
0 0.1734375 0.43046875 0.0640625 0.025
0 0.28125 0.4109375 0.0515625 0.0296875
0 0.28203125 0.378125 0.025 0.01875
0 0.34609375 0.375 0.040625 0.04375
0 0.37734375 0.39609375 0.046875 0.0203125
0 0.46796875 0.384375 0.053125 0.0328125
0 0.35078125 0.53671875 0.0921875 0.04375
0 0.3796875 0.4796875 0.075 0.0359375
0 0.4828125 0.4890625 0.0703125 0.0390625
0 0.51484375 0.47109375 0.0375 0.028125
0 0.6984375 0.49453125 0.0671875 0.0375
0 0.68984375 0.45 0.0609375 0.025
0 0.65078125 0.38515625 0.040625 0.0171875
0 0.0171875 0.42421875 0.034375 0.028125
0 0.00859375 0.3890625 0.0171875 0.01875
0 0.7 0.6234375 0.0859375 0.040625
0 0.578125 0.6109375 0.1171875 0.0296875
0 0.328125 0.684375 0.059375 0.034375
0 0.390625 0.66015625 0.0546875 0.0375
0 0.39453125 0.60234375 0.0640625 0.046875
0 0.46171875 0.625 0.075 0.0375
0 0.4875 0.571875 0.0484375 0.0328125
0 0.8515625 0.553125 0.06875 0.034375
0 0.9265625 0.51640625 0.0375 0.03125
0 0.97109375 0.56328125 0.0578125 0.0234375
0 0.975 0.49296875 0.0421875 0.01875
0 0.71875 0.3328125 0.0625 0.046875
0 0.784375 0.32265625 0.053125 0.0390625
0 0.7640625 0.28828125 0.05625 0.040625
0 0.89921875 0.31328125 0.071875 0.0359375
0 0.97578125 0.32421875 0.0484375 0.0546875
0 0.7796875 0.240625 0.046875 0.021875
0 0.3171875 0.3046875 0.0390625 0.015625
0 0.31953125 0.253125 0.06875 0.0375
0 0.52890625 0.8375 0.1046875 0.040625
0 0.578125 0.78984375 0.0953125 0.040625
0 0.4125 0.83515625 0.0484375 0.0375
0 0.4703125 0.79609375 0.071875 0.03125
0 0.35234375 0.63515625 0.046875 0.03125
0 0.078125 0.9703125 0.1125 0.0515625
0 0.17109375 0.93984375 0.0546875 0.028125
0 0.1890625 0.98828125 0.0421875 0.0234375
0 0.23046875 0.96953125 0.0515625 0.025
0 0.7078125 0.98671875 0.071875 0.0265625
0 0.46875 0.9234375 0.034375 0.0265625
0 0.5453125 0.9296875 0.0390625 0.0390625
0 0.528125 0.89765625 0.04375 0.03125
0 0.62890625 0.90703125 0.075 0.040625
0 0.6234375 0.8609375 0.0890625 0.0515625
0 0.765625 0.99375 0.0875 0.0125
0 0.85234375 0.95625 0.0703125 0.0375
0 0.88046875 0.91015625 0.1 0.046875
0 0.9828125 0.86484375 0.034375 0.0578125
0 0.9421875 0.76328125 0.0921875 0.0328125
0 0.7640625 0.7859375 0.0390625 0.03125
0 0.71640625 0.75625 0.0578125 0.028125
0 0.8046875 0.72421875 0.05625 0.0390625
0 0.88671875 0.69765625 0.0625 0.040625
0 0.48359375 0.74296875 0.0265625 0.028125
0 0.6078125 0.73828125 0.04375 0.0390625
0 0.5359375 0.690625 0.0359375 0.021875
0 0.70859375 0.8890625 0.0484375 0.0296875
0 0.7171875 0.825 0.0515625 0.0328125
0 0.8984375 0.98515625 0.08125 0.0296875
0 0.70078125 0.93046875 0.046875 0.0375
0 0.759375 0.92578125 0.053125 0.040625
0 0.33203125 0.9765625 0.0484375 0.0328125
0 0.23203125 0.934375 0.04375 0.028125
0 0.17265625 0.8953125 0.0421875 0.0296875
0 0.5359375 0.99453125 0.040625 0.0109375
0 0.56484375 0.96953125 0.071875 0.021875
0 0.4671875 0.96796875 0.0890625 0.034375
0 0.78359375 0.8765625 0.05625 0.025
0 0.7890625 0.8421875 0.053125 0.015625