0 0.77265625 0.7859375 0.1171875 0.1046875
0 0.9078125 0.53671875 0.1828125 0.1375
0 0.653125 0.5046875 0.0625 0.05234375
0 0.7203125 0.528125 0.07265625 0.08203125
0 0.496875 0.4984375 0.11171875 0.08046875
0 0.5109375 0.3859375 0.10234375 0.059375
0 0.4578125 0.284375 0.10390625 0.0546875
0 0.58125 0.3421875 0.08125 0.03515625
0 0.621875 0.41640625 0.05859375 0.03828125
0 0.69453125 0.32265625 0.125 0.07734375
0 0.81640625 0.38515625 0.10859375 0.06484375
0 0.2515625 0.27109375 0.1890625 0.14296875
0 0.0203125 0.13984375 0.040625 0.04140625
0 0.13359375 0.16484375 0.0984375 0.05234375
0 0.36953125 0.1515625 0.11484375 0.0671875
0 0.275 0.06171875 0.20390625 0.096875
0 0.6671875 0.1484375 0.10390625 0.07734375
0 0.84765625 0.16875 0.09453125 0.06171875