0 0.1953125 0.9390625 0.0890625 0.0453125
0 0.6671875 0.9625 0.05 0.04375
0 0.775 0.92109375 0.075 0.053125
0 0.66484375 0.9015625 0.046875 0.021875
0 0.5265625 0.88046875 0.0640625 0.034375
0 0.54765625 0.79921875 0.0671875 0.0375
0 0.60859375 0.8375 0.075 0.0359375
0 0.71171875 0.79765625 0.0671875 0.0328125
0 0.7953125 0.8328125 0.0765625 0.040625
0 0.97578125 0.89375 0.0484375 0.0375
0 0.9546875 0.81484375 0.0546875 0.03125
0 0.95234375 0.746875 0.0625 0.0421875
0 0.80078125 0.70390625 0.10625 0.0578125
0 0.775 0.74140625 0.059375 0.034375
0 0.28046875 0.75234375 0.0828125 0.05
0 0.36796875 0.79296875 0.059375 0.0359375
0 0.25703125 0.859375 0.0640625 0.028125
0 0.31875 0.87734375 0.0546875 0.040625
0 0.121875 0.771875 0.04375 0.0296875
0 0.046875 0.8390625 0.0625 0.028125
0 0.08671875 0.8671875 0.0546875 0.0375
0 0.05 0.7078125 0.04375 0.0265625
0 0.1453125 0.66875 0.0734375 0.03125
0 0.35234375 0.6828125 0.05 0.0375
0 0.3515625 0.63984375 0.05 0.03125
0 0.39296875 0.6140625 0.05 0.034375
0 0.0875 0.603125 0.090625 0.0390625
0 0.72109375 0.62578125 0.075 0.0390625
0 0.6734375 0.68671875 0.0625 0.05
0 0.85390625 0.63984375 0.0421875 0.03125
0 0.740625 0.6546875 0.046875 0.03125
0 0.859375 0.68046875 0.0625 0.03125
0 0.95234375 0.5640625 0.059375 0.040625
0 0.80390625 0.58671875 0.0390625 0.0328125
0 0.66328125 0.56484375 0.05625 0.040625
0 0.68359375 0.51796875 0.053125 0.0359375
0 0.3625 0.509375 0.0609375 0.040625
0 0.02890625 0.48359375 0.0453125 0.0359375
0 0.0859375 0.47265625 0.053125 0.0375
0 0.1640625 0.48671875 0.078125 0.0421875
0 0.5328125 0.409375 0.0671875 0.04375
0 0.609375 0.44609375 0.096875 0.040625
0 0.91484375 0.43828125 0.0625 0.03125
0 0.878125 0.5078125 0.065625 0.0375
0 0.9625 0.39609375 0.071875 0.0359375
0 0.728125 0.40546875 0.059375 0.028125
0 0.6015625 0.32265625 0.06875 0.04375
0 0.6734375 0.35234375 0.0625 0.03125
0 0.68046875 0.2796875 0.071875 0.03125
0 0.64921875 0.3015625 0.0359375 0.034375
0 0.76796875 0.30703125 0.0734375 0.0453125
0 0.83828125 0.30625 0.0640625 0.04375
0 0.02578125 0.35390625 0.0515625 0.0359375
0 0.13203125 0.3625 0.04375 0.03125
0 0.16484375 0.3484375 0.0484375 0.0234375
0 0.2078125 0.38125 0.0609375 0.0328125
0 0.3640625 0.41796875 0.046875 0.0328125
0 0.4078125 0.4046875 0.0359375 0.03125
0 0.0734375 0.3 0.0609375 0.03125
0 0.1734375 0.309375 0.046875 0.03125
0 0.9 0.23046875 0.059375 0.0390625
0 0.56328125 0.1625 0.0703125 0.03125
0 0.5890625 0.18203125 0.04375 0.034375
0 0.61796875 0.22109375 0.053125 0.0328125
0 0.675 0.21640625 0.0625 0.028125
0 0.51015625 0.17890625 0.0625 0.0453125
0 0.10078125 0.08359375 0.0625 0.028125
0 0.103125 0.15078125 0.053125 0.025
0 0.19609375 0.16875 0.05625 0.03125
0 0.2140625 0.1359375 0.046875 0.0234375
0 0.20234375 0.07734375 0.065625 0.040625
0 0.2859375 0.03203125 0.0421875 0.0171875
0 0.38984375 0.028125 0.0515625 0.0296875
0 0.46953125 0.0296875 0.059375 0.034375
0 0.43359375 0.04765625 0.05 0.0234375
0 0.45703125 0.0921875 0.0703125 0.0296875
0 0.59921875 0.06953125 0.059375 0.0265625
0 0.596875 0.10703125 0.0515625 0.0390625
0 0.66484375 0.11953125 0.0671875 0.0359375
0 0.59453125 0.1296875 0.04375 0.0296875
0 0.68515625 0.071875 0.059375 0.021875
0 0.7703125 0.09453125 0.06875 0.040625
0 0.74453125 0.0359375 0.059375 0.025
0 0.759375 0.05390625 0.0453125 0.01875
0 0.846875 0.08671875 0.0625 0.040625
0 0.8890625 0.1390625 0.046875 0.0375
0 0.6515625 0.1640625 0.0546875 0.03125
0 0.76796875 0.1515625 0.0578125 0.0265625
0 0.8890625 0.33359375 0.0515625 0.0296875
0 0.93515625 0.328125 0.0515625 0.03125
0 0.18359375 0.0109375 0.059375 0.021875
0 0.25078125 0.02109375 0.04375 0.0265625
0 0.075 0.20078125 0.0640625 0.034375
0 0.1265625 0.225 0.0546875 0.0265625
0 0.19296875 0.26015625 0.053125 0.01875
0 0.215625 0.28203125 0.05625 0.0265625