0 0.96171875 0.33515625 0.0765625 0.046875
0 0.38671875 0.40703125 0.115625 0.053125
0 0.08359375 0.3828125 0.0875 0.0578125
0 0.2296875 0.44921875 0.08125 0.0640625
0 0.090625 0.55859375 0.103125 0.046875
0 0.3296875 0.4765625 0.071875 0.0375
0 0.67109375 0.4375 0.0984375 0.0453125
0 0.82578125 0.48984375 0.0890625 0.0453125
0 0.978125 0.42421875 0.04375 0.04375
0 0.771875 0.53671875 0.071875 0.0390625
0 0.64765625 0.49921875 0.075 0.0296875
0 0.6125 0.565625 0.078125 0.0515625
0 0.7515625 0.6171875 0.090625 0.04375
0 0.946875 0.6484375 0.10625 0.0453125
0 0.5234375 0.6296875 0.059375 0.028125
0 0.340625 0.56640625 0.078125 0.040625
0 0.3125 0.74609375 0.0703125 0.0359375
0 0.9109375 0.7484375 0.09375 0.0296875
0 0.5953125 0.7578125 0.084375 0.046875
0 0.74375 0.959375 0.0671875 0.0328125
0 0.571875 0.9203125 0.0890625 0.0375
0 0.2890625 0.828125 0.08125 0.0421875
0 0.08203125 0.8640625 0.0625 0.03125