0 0.82578125 0.95859375 0.1140625 0.0640625
0 0.54765625 0.81484375 0.115625 0.096875
0 0.39296875 0.75546875 0.090625 0.06875
0 0.20625 0.82578125 0.1109375 0.05625
0 0.14765625 0.76875 0.1265625 0.05
0 0.0625 0.7578125 0.1078125 0.075
0 0.38203125 0.68671875 0.1484375 0.0703125
0 0.60625 0.7 0.1109375 0.0765625
0 0.71796875 0.69453125 0.1015625 0.0546875
0 0.82578125 0.66796875 0.146875 0.0484375
0 0.54765625 0.62578125 0.1234375 0.053125
0 0.28984375 0.47578125 0.0890625 0.05
0 0.3359375 0.51796875 0.09375 0.040625
0 0.93515625 0.57578125 0.1125 0.06875
0 0.96796875 0.49453125 0.0640625 0.05
0 0.825 0.48828125 0.1453125 0.078125
0 0.55390625 0.45546875 0.1015625 0.0421875
0 0.559375 0.49375 0.109375 0.04375
0 0.0625 0.36640625 0.0890625 0.0421875
0 0.1421875 0.3859375 0.0890625 0.04375
0 0.31796875 0.35703125 0.1 0.0359375
0 0.43046875 0.38984375 0.109375 0.0484375
0 0.790625 0.2921875 0.0578125 0.0234375
0 0.8203125 0.32734375 0.109375 0.034375
0 0.9671875 0.33125 0.065625 0.0390625
0 0.45859375 0.29140625 0.0890625 0.046875
0 0.52890625 0.2640625 0.0765625 0.034375
0 0.5453125 0.28984375 0.0734375 0.0296875
0 0.53515625 0.32109375 0.06875 0.0296875
0 0.62109375 0.33828125 0.0734375 0.0328125
0 0.38359375 0.27890625 0.0859375 0.0375
0 0.359375 0.315625 0.0859375 0.0390625
0 0.07890625 0.33515625 0.078125 0.0390625
0 0.6734375 0.26015625 0.0890625 0.028125
0 0.678125 0.2921875 0.065625 0.028125
0 0.86171875 0.2703125 0.0625 0.0328125
0 0.84375 0.29453125 0.0625 0.0359375
0 0.9484375 0.26484375 0.059375 0.0328125
0 0.06796875 0.27109375 0.06875 0.0328125
0 0.1734375 0.28984375 0.065625 0.0375