0 0.37109375 0.08828125 0.0953125 0.109375
0 0.49140625 0.07109375 0.01640625 0.05625
0 0.215625 0.25 0.071875 0.06484375
0 0.2640625 0.271875 0.06328125 0.0609375
0 0.1515625 0.446875 0.05703125 0.059375
0 0.21015625 0.375 0.05546875 0.075
0 0.2140625 0.6328125 0.0609375 0.0640625
0 0.2078125 0.55234375 0.08203125 0.08359375
0 0.46796875 0.68671875 0.10546875 0.1015625
0 0.39375 0.71015625 0.08203125 0.08671875
0 0.3515625 0.84609375 0.115625 0.1140625
0 0.41015625 0.2828125 0.05625 0.05078125
0 0.378125 0.21796875 0.0671875 0.046875