0 0.24375 0.359375 0.1828125 0.1984375
0 0.55078125 0.3734375 0.2375 0.2515625
0 0.43671875 0.084375 0.1859375 0.16875
0 0.47890625 0.215625 0.09375 0.121875
0 0.30390625 0.1703125 0.090625 0.0953125
0 0.16640625 0.253125 0.1484375 0.1328125
0 0.10390625 0.08515625 0.2078125 0.1703125
0 0.840625 0.0765625 0.2125 0.096875
0 0.69296875 0.2 0.09375 0.0859375
0 0.78359375 0.18828125 0.0984375 0.134375
0 0.84375 0.25546875 0.1234375 0.0984375
0 0.96171875 0.18671875 0.0765625 0.0859375
0 0.82890625 0.3703125 0.1890625 0.1625
0 0.915625 0.5578125 0.16875 0.35
0 0.678125 0.55703125 0.2390625 0.1625
0 0.5859375 0.51171875 0.15625 0.1015625
0 0.42578125 0.671875 0.09375 0.084375
0 0.134375 0.66171875 0.26875 0.4
0 0.10546875 0.9453125 0.14375 0.109375
0 0.8703125 0.9296875 0.2578125 0.140625
0 0.23671875 0.865625 0.0640625 0.0640625
0 0.28203125 0.95 0.0984375 0.0859375
0 0.35234375 0.93203125 0.059375 0.06875
0 0.453125 0.92421875 0.078125 0.0609375
0 0.5671875 0.94765625 0.184375 0.1046875
0 0.6109375 0.740625 0.2125 0.1734375
0 0.7265625 0.7609375 0.1859375 0.11875
0 0.31640625 0.78515625 0.1125 0.121875
0 0.4109375 0.86015625 0.1 0.0578125
0 0.4875 0.84140625 0.0921875 0.0609375
0 0.32265625 0.53046875 0.14375 0.096875