0 0.21796875 0.18984375 0.2078125 0.203125
0 0.0734375 0.67578125 0.1453125 0.075
0 0.04453125 0.5921875 0.0890625 0.04375
0 0.12578125 0.509375 0.084375 0.040625
0 0.26796875 0.5765625 0.1953125 0.121875
0 0.2140625 0.45234375 0.14375 0.0671875
0 0.259375 0.365625 0.2640625 0.1015625
0 0.02734375 0.471875 0.0546875 0.0703125
0 0.03203125 0.97109375 0.0578125 0.0578125
0 0.0375 0.9015625 0.0671875 0.05
0 0.08359375 0.83984375 0.1671875 0.0921875
0 0.103125 0.93203125 0.0734375 0.05
0 0.18359375 0.978125 0.0625 0.0328125
0 0.16484375 0.9015625 0.0953125 0.0578125
0 0.26875 0.83984375 0.1953125 0.1484375
0 0.2140625 0.73515625 0.184375 0.065625
0 0.1765625 0.6625 0.184375 0.075
0 0.3328125 0.6515625 0.109375 0.059375
0 0.35625 0.73671875 0.0453125 0.059375
0 0.41328125 0.70703125 0.0890625 0.0609375
0 0.4453125 0.640625 0.1375 0.0421875
0 0.48203125 0.5703125 0.1203125 0.04375
0 0.55703125 0.52109375 0.078125 0.0546875
0 0.54453125 0.425 0.240625 0.1671875
0 0.428125 0.25234375 0.053125 0.075
0 0.46171875 0.1734375 0.1546875 0.0953125
0 0.2796875 0.07421875 0.221875 0.1484375
0 0.45703125 0.06171875 0.146875 0.065625
0 0.61953125 0.284375 0.1171875 0.078125
0 0.5859375 0.2203125 0.08125 0.0484375
0 0.61953125 0.1546875 0.14375 0.06875
0 0.70234375 0.415625 0.178125 0.0796875
0 0.76484375 0.32734375 0.1609375 0.071875
0 0.86171875 0.4015625 0.109375 0.0703125
0 0.7171875 0.05078125 0.14375 0.1015625
0 0.896875 0.05078125 0.20625 0.1015625
0 0.72578125 0.2328125 0.1078125 0.065625
0 0.8328125 0.1609375 0.1515625 0.0953125
0 0.7609375 0.62109375 0.14375 0.05625
0 0.7953125 0.5359375 0.19375 0.1125
0 0.58125 0.71640625 0.134375 0.0578125
0 0.58828125 0.65703125 0.1609375 0.08125
0 0.48828125 0.875 0.0828125 0.08125
0 0.6140625 0.87578125 0.146875 0.096875
0 0.5203125 0.79453125 0.1078125 0.075
0 0.11015625 0.3328125 0.09375 0.05625
0 0.2703125 0.97265625 0.0859375 0.0546875
0 0.2453125 0.89921875 0.0546875 0.04375
0 0.43515625 0.98046875 0.0984375 0.0390625
0 0.45078125 0.928125 0.1390625 0.0484375
0 0.57265625 0.9578125 0.0796875 0.0296875
0 0.92578125 0.9796875 0.1484375 0.040625
0 0.95546875 0.92890625 0.0890625 0.075
0 0.65390625 0.79140625 0.0859375 0.0515625
0 0.7109375 0.82734375 0.0859375 0.046875
0 0.7875 0.79765625 0.090625 0.0875
0 0.9015625 0.78515625 0.1140625 0.04375
0 0.69453125 0.6421875 0.10625 0.0546875
0 0.75546875 0.7 0.0984375 0.05625
0 0.65390625 0.54609375 0.0671875 0.046875
0 0.8359375 0.7140625 0.05625 0.04375
0 0.85546875 0.66640625 0.0859375 0.0328125
0 0.65859375 0.9640625 0.075 0.046875
0 0.7609375 0.9359375 0.0671875 0.034375
0 0.821875 0.89296875 0.153125 0.040625
0 0.96015625 0.634375 0.0796875 0.04375
0 0.95625 0.35859375 0.071875 0.0703125
0 0.9359375 0.2984375 0.075 0.04375
0 0.02578125 0.109375 0.0515625 0.08125
0 0.02578125 0.21640625 0.0515625 0.04375