0 0.05390625 0.15546875 0.1078125 0.1421875
0 0.1515625 0.14140625 0.05625 0.05
0 0.25703125 0.23515625 0.0640625 0.08359375
0 0.23359375 0.3890625 0.0921875 0.10390625
0 0.0828125 0.50625 0.121875 0.16171875
0 0.39765625 0.41015625 0.06796875 0.0859375
0 0.53671875 0.3 0.0484375 0.078125
0 0.67421875 0.12265625 0.02734375 0.04453125
0 0.78125 0.3234375 0.02734375 0.04296875
0 0.60234375 0.4546875 0.065625 0.071875
0 0.60625 0.71015625 0.03359375 0.0453125
0 0.77734375 0.946875 0.0984375 0.05
0 0.95546875 0.14609375 0.04140625 0.05859375