0 0.81953125 0.64765625 0.17265625 0.18125
0 0.76953125 0.478125 0.0890625 0.11875
0 0.85 0.30625 0.20546875 0.2125
0 0.87890625 0.10703125 0.075 0.07421875
0 0.61484375 0.378125 0.05625 0.1078125
0 0.44375 0.37109375 0.14921875 0.17265625
0 0.49921875 0.82421875 0.06640625 0.08359375
0 0.15859375 0.89296875 0.0828125 0.11796875
0 0.090625 0.7953125 0.05546875 0.05546875
0 0.0328125 0.73046875 0.0609375 0.07265625
0 0.03203125 0.3765625 0.0640625 0.115625
0 0.15078125 0.27421875 0.05234375 0.0640625
0 0.14453125 0.35625 0.06015625 0.07578125
0 0.2453125 0.32265625 0.053125 0.07578125