0 0.84453125 0.7265625 0.2234375 0.28359375
0 0.940625 0.06328125 0.065625 0.05546875
0 0.45390625 0.07265625 0.12265625 0.10546875
0 0.525 0.22265625 0.11484375 0.11015625
0 0.47421875 0.48984375 0.10234375 0.109375
0 0.6046875 0.66015625 0.11953125 0.09921875
0 0.3078125 0.6296875 0.18828125 0.18046875
0 0.13359375 0.59453125 0.08671875 0.08125
0 0.19765625 0.81875 0.084375 0.0859375
0 0.16953125 0.73671875 0.05 0.0421875
0 0.0578125 0.45859375 0.115625 0.1265625
0 0.16484375 0.35390625 0.06015625 0.04140625
0 0.16640625 0.20234375 0.05625 0.04609375
0 0.0484375 0.23671875 0.06796875 0.1390625