0 0.3078125 0.0578125 0.12890625 0.11484375
0 0.33671875 0.26953125 0.071875 0.06015625
0 0.325 0.2078125 0.0859375 0.0734375
0 0.3546875 0.3484375 0.0546875 0.08828125
0 0.05625 0.70703125 0.059375 0.05234375
0 0.134375 0.6453125 0.08046875 0.08203125
0 0.40390625 0.66953125 0.08515625 0.0921875
0 0.3890625 0.578125 0.08984375 0.0828125
0 0.4265625 0.80625 0.07109375 0.05625
0 0.428125 0.92734375 0.08046875 0.0796875
0 0.63828125 0.88125 0.15234375 0.10078125
0 0.60625 0.81875 0.0828125 0.0953125
0 0.6828125 0.6140625 0.10078125 0.10234375
0 0.6171875 0.42734375 0.0890625 0.08515625
0 0.55703125 0.23671875 0.1375 0.17109375
0 0.88203125 0.43828125 0.07109375 0.09140625
0 0.88046875 0.68984375 0.0921875 0.09453125