0 0.96328125 0.90703125 0.0734375 0.0515625
0 0.9203125 0.9765625 0.1109375 0.046875
0 0.965625 0.75078125 0.06875 0.0453125
0 0.86328125 0.7 0.1 0.0546875
0 0.928125 0.76328125 0.0578125 0.0328125
0 0.87421875 0.79453125 0.096875 0.06875
0 0.96484375 0.41640625 0.0703125 0.0828125
0 0.92734375 0.47109375 0.0515625 0.0421875
0 0.9359375 0.53203125 0.0265625 0.021875
0 0.80390625 0.20859375 0.084375 0.0390625
0 0.8125 0.25703125 0.0953125 0.0625
0 0.9828125 0.13984375 0.034375 0.0390625
0 0.909375 0.15 0.075 0.040625
0 0.68828125 0.215625 0.0921875 0.0359375
0 0.68515625 0.2609375 0.121875 0.0421875
0 0.77578125 0.4828125 0.05625 0.0328125
0 0.83125 0.40390625 0.08125 0.0359375
0 0.8234375 0.3546875 0.0390625 0.0265625
0 0.384375 0.43203125 0.04375 0.0265625
0 0.33671875 0.41796875 0.03125 0.0203125
0 0.31640625 0.440625 0.05625 0.0390625
0 0.23359375 0.48203125 0.0546875 0.021875
0 0.215625 0.53515625 0.05 0.0234375
0 0.11875 0.5421875 0.1015625 0.0578125
0 0.678125 0.9390625 0.0984375 0.0640625
0 0.55625 0.93515625 0.0875 0.0515625
0 0.3421875 0.95390625 0.1015625 0.0609375
0 0.3 0.846875 0.046875 0.040625
0 0.29375 0.8921875 0.03125 0.034375
0 0.17421875 0.92578125 0.0625 0.0375
0 0.04375 0.90390625 0.0390625 0.0375
0 0.52890625 0.7640625 0.05625 0.04375
0 0.4265625 0.80390625 0.059375 0.0328125
0 0.3703125 0.83125 0.0671875 0.0375
0 0.34296875 0.8703125 0.065625 0.0609375
0 0.5578125 0.83046875 0.090625 0.0453125
0 0.21875 0.6109375 0.0890625 0.040625
0 0.04453125 0.7671875 0.0890625 0.090625
0 0.25 0.80390625 0.1203125 0.0921875
0 0.48828125 0.69296875 0.0625 0.0640625
0 0.43828125 0.70234375 0.0359375 0.0265625
0 0.38125 0.7578125 0.0625 0.040625
0 0.4125 0.6625 0.04375 0.0234375
0 0.3640625 0.67578125 0.0453125 0.0359375
0 0.3109375 0.70546875 0.0671875 0.0265625
0 0.8265625 0.56953125 0.0640625 0.025
0 0.71875 0.5890625 0.0515625 0.0296875
0 0.71796875 0.621875 0.025 0.01875
0 0.65390625 0.625 0.040625 0.04375
0 0.62265625 0.60390625 0.046875 0.0203125
0 0.53203125 0.615625 0.053125 0.0328125
0 0.64921875 0.46328125 0.0921875 0.04375
0 0.6203125 0.5203125 0.075 0.0359375
0 0.5171875 0.5109375 0.0703125 0.0390625
0 0.48515625 0.52890625 0.0375 0.028125
0 0.3015625 0.50546875 0.0671875 0.0375
0 0.31015625 0.55 0.0609375 0.025
0 0.34921875 0.61484375 0.040625 0.0171875
0 0.9828125 0.57578125 0.034375 0.028125
0 0.99140625 0.6109375 0.0171875 0.01875
0 0.3 0.3765625 0.0859375 0.040625
0 0.421875 0.3890625 0.1171875 0.0296875
0 0.671875 0.315625 0.059375 0.034375
0 0.609375 0.33984375 0.0546875 0.0375
0 0.60546875 0.39765625 0.0640625 0.046875
0 0.53828125 0.375 0.075 0.0375
0 0.5125 0.428125 0.0484375 0.0328125
0 0.1484375 0.446875 0.06875 0.034375
0 0.0734375 0.48359375 0.0375 0.03125
0 0.02890625 0.43671875 0.0578125 0.0234375
0 0.025 0.50703125 0.0421875 0.01875
0 0.28125 0.6671875 0.0625 0.046875
0 0.215625 0.67734375 0.053125 0.0390625
0 0.2359375 0.71171875 0.05625 0.040625
0 0.10078125 0.68671875 0.071875 0.0359375
0 0.02421875 0.67578125 0.0484375 0.0546875
0 0.2203125 0.759375 0.046875 0.021875
0 0.6828125 0.6953125 0.0390625 0.015625
0 0.68046875 0.746875 0.06875 0.0375
0 0.47109375 0.1625 0.1046875 0.040625
0 0.421875 0.21015625 0.0953125 0.040625
0 0.5875 0.16484375 0.0484375 0.0375
0 0.5296875 0.20390625 0.071875 0.03125
0 0.64765625 0.36484375 0.046875 0.03125
0 0.921875 0.0296875 0.1125 0.0515625
0 0.82890625 0.06015625 0.0546875 0.028125
0 0.8109375 0.01171875 0.0421875 0.0234375
0 0.76953125 0.03046875 0.0515625 0.025
0 0.2921875 0.01328125 0.071875 0.0265625
0 0.53125 0.0765625 0.034375 0.0265625
0 0.4546875 0.0703125 0.0390625 0.0390625
0 0.471875 0.10234375 0.04375 0.03125
0 0.37109375 0.09296875 0.075 0.040625
0 0.3765625 0.1390625 0.0890625 0.0515625
0 0.234375 0.00625 0.0875 0.0125
0 0.14765625 0.04375 0.0703125 0.0375
0 0.11953125 0.08984375 0.1 0.046875
0 0.0171875 0.13515625 0.034375 0.0578125
0 0.0578125 0.23671875 0.0921875 0.0328125
0 0.2359375 0.2140625 0.0390625 0.03125
0 0.28359375 0.24375 0.0578125 0.028125
0 0.1953125 0.27578125 0.05625 0.0390625
0 0.11328125 0.30234375 0.0625 0.040625
0 0.51640625 0.25703125 0.0265625 0.028125
0 0.3921875 0.26171875 0.04375 0.0390625
0 0.4640625 0.309375 0.0359375 0.021875
0 0.29140625 0.1109375 0.0484375 0.0296875
0 0.2828125 0.175 0.0515625 0.0328125
0 0.1015625 0.01484375 0.08125 0.0296875
0 0.29921875 0.06953125 0.046875 0.0375
0 0.240625 0.07421875 0.053125 0.040625
0 0.66796875 0.0234375 0.0484375 0.0328125
0 0.76796875 0.065625 0.04375 0.028125
0 0.82734375 0.1046875 0.0421875 0.0296875
0 0.4640625 0.00546875 0.040625 0.0109375
0 0.43515625 0.03046875 0.071875 0.021875
0 0.5328125 0.03203125 0.0890625 0.034375
0 0.21640625 0.1234375 0.05625 0.025
0 0.2109375 0.1578125 0.053125 0.015625