0 0.0234375 0.36640625 0.046875 0.08125
0 0.04453125 0.29296875 0.0890625 0.0796875
0 0.028125 0.1203125 0.05625 0.05
0 0.02890625 0.05390625 0.0578125 0.046875
0 0.01953125 0.1984375 0.0390625 0.046875
0 0.2046875 0.0515625 0.203125 0.103125
0 0.2703125 0.178125 0.1046875 0.1171875
0 0.403125 0.121875 0.075 0.09375
0 0.546875 0.16953125 0.2203125 0.1390625
0 0.50703125 0.07578125 0.0734375 0.0546875
0 0.55546875 0.0265625 0.1078125 0.053125
0 0.7515625 0.0640625 0.128125 0.1046875
0 0.81875 0.21015625 0.2140625 0.1859375
0 0.86015625 0.09453125 0.0625 0.040625
0 0.88359375 0.26796875 0.06875 0.0390625
0 0.98203125 0.275 0.0359375 0.021875
0 0.97578125 0.23046875 0.0484375 0.0640625
0 0.85 0.39453125 0.0875 0.11875
0 0.88671875 0.37734375 0.0421875 0.046875
0 0.259375 0.375 0.0765625 0.0484375
0 0.31171875 0.35703125 0.040625 0.0328125
0 0.34453125 0.30546875 0.0765625 0.0609375
0 0.3890625 0.36875 0.084375 0.046875
0 0.45078125 0.31640625 0.0671875 0.0359375
0 0.53984375 0.271875 0.1234375 0.0953125
0 0.196875 0.3109375 0.11875 0.0765625
0 0.09375 0.3796875 0.0765625 0.0578125
0 0.1234375 0.4734375 0.0578125 0.0375
0 0.1671875 0.42109375 0.1265625 0.0546875
0 0.20390625 0.37265625 0.053125 0.03125
0 0.11328125 0.5859375 0.096875 0.0671875
0 0.196875 0.5234375 0.090625 0.0765625
0 0.253125 0.6296875 0.1390625 0.1359375
0 0.05859375 0.75703125 0.1171875 0.1359375
0 0.0953125 0.9125 0.190625 0.175
0 0.14140625 0.91640625 0.0578125 0.04375
0 0.1671875 0.846875 0.09375 0.0390625
0 0.23984375 0.8296875 0.0515625 0.046875
0 0.159375 0.80859375 0.0640625 0.04375
0 0.16484375 0.77265625 0.053125 0.028125
0 0.13671875 0.7453125 0.0359375 0.028125
0 0.13984375 0.684375 0.0578125 0.0703125
0 0.39296875 0.78984375 0.23125 0.1421875
0 0.38046875 0.9078125 0.2203125 0.1328125
0 0.5125 0.97109375 0.178125 0.0578125
0 0.56953125 0.93203125 0.0546875 0.034375
0 0.57578125 0.87890625 0.059375 0.0328125
0 0.77421875 0.8890625 0.1921875 0.0921875
0 0.47265625 0.6125 0.096875 0.0828125
0 0.3203125 0.4796875 0.15625 0.1
0 0.40625 0.41640625 0.0703125 0.040625
0 0.55390625 0.4546875 0.209375 0.1484375
0 0.4796875 0.36796875 0.040625 0.03125
0 0.5546875 0.33671875 0.059375 0.0546875
0 0.59609375 0.3625 0.075 0.0515625
0 0.53828125 0.5453125 0.225 0.10625
0 0.79765625 0.60390625 0.2375 0.1140625
0 0.8640625 0.5046875 0.1140625 0.059375
0 0.9625 0.54609375 0.075 0.065625
0 0.7359375 0.5 0.1 0.0390625
0 0.68203125 0.45625 0.078125 0.0328125
0 0.6765625 0.41796875 0.04375 0.0171875
0 0.72421875 0.41484375 0.0671875 0.0515625
0 0.63125 0.3125 0.06875 0.0546875
0 0.6828125 0.3671875 0.0578125 0.0375
0 0.715625 0.3015625 0.103125 0.05
0 0.67265625 0.2515625 0.0546875 0.0390625
0 0.62734375 0.6578125 0.1265625 0.1140625
0 0.56328125 0.7640625 0.0671875 0.0578125
0 0.62421875 0.796875 0.0828125 0.05
0 0.98203125 0.94921875 0.0359375 0.1015625
0 0.6921875 0.96953125 0.1296875 0.0609375
0 0.865625 0.73671875 0.0796875 0.0359375
0 0.68671875 0.74609375 0.06875 0.0421875
0 0.790625 0.7 0.0671875 0.03125
0 0.8921875 0.68125 0.0640625 0.0359375
0 0.93203125 0.65390625 0.0390625 0.0296875
0 0.95859375 0.375 0.0796875 0.03125
0 0.95703125 0.3453125 0.0546875 0.03125
0 0.97578125 0.31640625 0.0484375 0.025
0 0.9125 0.46171875 0.059375 0.0328125