0 0.7015625 0.03515625 0.065625 0.0484375
0 0.6015625 0.03828125 0.06875 0.0421875
0 0.5234375 0.07265625 0.0890625 0.096875
0 0.41484375 0.04296875 0.1359375 0.0859375
0 0.5359375 0.16640625 0.1 0.0828125
0 0.73515625 0.15703125 0.109375 0.1015625
0 0.80234375 0.228125 0.121875 0.075
0 0.9625 0.0703125 0.075 0.05625
0 0.9625 0.1140625 0.075 0.071875
0 0.80546875 0.29765625 0.090625 0.04375
0 0.8359375 0.37890625 0.059375 0.059375
0 0.715625 0.37734375 0.11875 0.059375
0 0.8875 0.38828125 0.0421875 0.046875
0 0.8609375 0.421875 0.0640625 0.0453125
0 0.746875 0.446875 0.1203125 0.08125
0 0.95546875 0.578125 0.0890625 0.0453125
0 0.8640625 0.50859375 0.0828125 0.0765625
0 0.846875 0.603125 0.1296875 0.1015625
0 0.53203125 0.5984375 0.1296875 0.1234375
0 0.58359375 0.6984375 0.0875 0.115625
0 0.459375 0.50546875 0.115625 0.121875
0 0.4171875 0.6109375 0.0859375 0.06875
0 0.30234375 0.7015625 0.128125 0.0984375
0 0.0765625 0.87734375 0.153125 0.0953125
0 0.12265625 0.9609375 0.1109375 0.078125
0 0.39375 0.81171875 0.084375 0.0828125
0 0.34296875 0.784375 0.078125 0.05625
0 0.24609375 0.840625 0.0765625 0.0921875
0 0.98125 0.7265625 0.0375 0.040625
0 0.9421875 0.7484375 0.0375 0.0375
0 0.88046875 0.74921875 0.096875 0.065625
0 0.9859375 0.64921875 0.028125 0.0390625
0 0.93359375 0.65 0.0515625 0.053125
0 0.8375 0.6890625 0.0609375 0.0359375
0 0.68984375 0.5625 0.09375 0.0484375
0 0.72578125 0.59296875 0.078125 0.05625
0 0.7453125 0.6828125 0.1046875 0.0390625
0 0.7484375 0.73515625 0.125 0.071875
0 0.81328125 0.78984375 0.0890625 0.0609375
0 0.7390625 0.81328125 0.090625 0.046875
0 0.6125 0.8125 0.1 0.0984375
0 0.46015625 0.85234375 0.0609375 0.053125
0 0.3859375 0.94140625 0.0796875 0.06875
0 0.30625 0.95390625 0.08125 0.0703125
0 0.91328125 0.80625 0.1109375 0.05625
0 0.86328125 0.896875 0.125 0.096875
0 0.9125 0.97265625 0.1109375 0.0546875
0 0.76171875 0.94296875 0.065625 0.0609375
0 0.625 0.91328125 0.09375 0.05
0 0.39921875 0.284375 0.1109375 0.1
0 0.3890625 0.39140625 0.08125 0.0640625
0 0.39765625 0.146875 0.0875 0.0625
0 0.31953125 0.1328125 0.0828125 0.0515625
0 0.31171875 0.19140625 0.096875 0.0703125
0 0.2828125 0.07734375 0.071875 0.05
0 0.20859375 0.15546875 0.0640625 0.0546875
0 0.16015625 0.225 0.1171875 0.075
0 0.246875 0.3359375 0.0890625 0.0796875
0 0.1421875 0.32734375 0.13125 0.1015625
0 0.26328125 0.384375 0.1109375 0.096875
0 0.3328125 0.50859375 0.109375 0.0578125
0 0.26015625 0.53515625 0.090625 0.084375
0 0.3109375 0.578125 0.1171875 0.090625
0 0.1546875 0.60078125 0.08125 0.0453125
0 0.1 0.6734375 0.0984375 0.065625
0 0.10546875 0.54140625 0.059375 0.0515625
0 0.12734375 0.4265625 0.0953125 0.0625
0 0.0609375 0.50703125 0.05 0.0640625
0 0.075 0.61171875 0.053125 0.046875
0 0.02109375 0.63828125 0.0421875 0.046875
0 0.92109375 0.3046875 0.0453125 0.034375