0 0.26484375 0.90234375 0.1203125 0.0765625
0 0.3890625 0.84140625 0.1375 0.0796875
0 0.35859375 0.94921875 0.1109375 0.0640625
0 0.6296875 0.965625 0.2234375 0.06875
0 0.76171875 0.88203125 0.2125 0.11875
0 0.96796875 0.828125 0.0640625 0.1453125
0 0.465625 0.5390625 0.128125 0.0953125
0 0.57578125 0.61875 0.1171875 0.0578125
0 0.72890625 0.6984375 0.06875 0.0390625
0 0.9203125 0.63125 0.1125 0.0484375
0 0.9 0.70078125 0.0796875 0.0484375
0 0.534375 0.68515625 0.103125 0.04375
0 0.584375 0.74296875 0.15 0.0875
0 0.13046875 0.53046875 0.0421875 0.0453125
0 0.134375 0.57890625 0.1109375 0.04375
0 0.21015625 0.509375 0.090625 0.078125
0 0.25625 0.60859375 0.08125 0.0546875
0 0.37109375 0.68828125 0.140625 0.084375
0 0.02734375 0.61171875 0.0546875 0.146875
0 0.1328125 0.6609375 0.1015625 0.0625
0 0.28359375 0.721875 0.0953125 0.0875
0 0.03984375 0.37734375 0.0796875 0.1390625
0 0.08359375 0.20546875 0.1671875 0.1828125
0 0.06484375 0.04296875 0.1296875 0.0859375
0 0.35078125 0.06328125 0.096875 0.04375
0 0.4171875 0.10234375 0.13125 0.0421875
0 0.48984375 0.15859375 0.1875 0.0953125
0 0.39375 0.346875 0.190625 0.1203125
0 0.6125 0.5671875 0.0984375 0.0578125
0 0.69140625 0.57890625 0.065625 0.0625
0 0.17734375 0.44609375 0.0765625 0.059375
0 0.26796875 0.35859375 0.090625 0.0671875
0 0.34453125 0.4421875 0.1125 0.0609375
0 0.41796875 0.22890625 0.078125 0.04375
0 0.5375 0.25390625 0.0796875 0.03125
0 0.515625 0.30390625 0.1109375 0.0625
0 0.62890625 0.36171875 0.115625 0.0890625
0 0.78828125 0.4140625 0.0625 0.090625
0 0.9453125 0.4734375 0.06875 0.0671875
0 0.859375 0.56875 0.0984375 0.0453125
0 0.55859375 0.43203125 0.08125 0.071875
0 0.265625 0.2640625 0.1515625 0.059375
0 0.528125 0.015625 0.1171875 0.03125
0 0.8328125 0.0875 0.221875 0.1234375
0 0.8203125 0.14453125 0.10625 0.0625
0 0.96171875 0.1875 0.0765625 0.0703125
0 0.7625 0.27109375 0.203125 0.096875
0 0.684375 0.17734375 0.08125 0.05625
0 0.515625 0.46796875 0.0921875 0.0515625
0 0.97265625 0.3203125 0.0546875 0.0640625