0 0.31484375 0.57265625 0.128125 0.071875
0 0.19765625 0.515625 0.090625 0.0765625
0 0.059375 0.47890625 0.0703125 0.0546875
0 0.11484375 0.4234375 0.08125 0.0390625
0 0.23359375 0.4203125 0.1265625 0.09375
0 0.18984375 0.12109375 0.165625 0.0734375
0 0.28828125 0.28359375 0.125 0.0859375
0 0.190625 0.2703125 0.0671875 0.0546875
0 0.08203125 0.36484375 0.1640625 0.0453125
0 0.0359375 0.3296875 0.0703125 0.03125
0 0.02109375 0.3171875 0.0421875 0.0703125
0 0.07578125 0.2796875 0.071875 0.040625
0 0.1171875 0.24453125 0.059375 0.04375
0 0.23125 0.23046875 0.0640625 0.059375
0 0.3203125 0.2140625 0.0734375 0.0515625
0 0.1671875 0.2046875 0.0828125 0.046875
0 0.23359375 0.178125 0.096875 0.046875
0 0.0453125 0.1421875 0.075 0.0546875
0 0.13984375 0.0375 0.096875 0.075
0 0.30703125 0.08046875 0.0921875 0.028125
0 0.3171875 0.04921875 0.071875 0.028125
0 0.30390625 0.0171875 0.08125 0.034375
0 0.43125 0.0203125 0.0953125 0.040625
0 0.534375 0.01953125 0.08125 0.0328125
0 0.57734375 0.04609375 0.1 0.0546875
0 0.67421875 0.06796875 0.0734375 0.05
0 0.734375 0.01328125 0.090625 0.0265625
0 0.76015625 0.06640625 0.08125 0.0578125
0 0.4390625 0.1046875 0.09375 0.059375
0 0.44921875 0.21015625 0.10625 0.0765625
0 0.54296875 0.21015625 0.0703125 0.0453125
0 0.60703125 0.15625 0.09375 0.059375
0 0.66171875 0.20390625 0.090625 0.06875
0 0.59609375 0.30546875 0.0765625 0.0703125
0 0.67421875 0.303125 0.059375 0.046875
0 0.728125 0.22578125 0.065625 0.0375
0 0.81484375 0.1828125 0.1375 0.090625
0 0.95234375 0.1453125 0.0953125 0.090625
0 0.93984375 0.04140625 0.1046875 0.0828125
0 0.475 0.3234375 0.10625 0.1109375
0 0.7015625 0.3546875 0.0578125 0.0546875
0 0.75546875 0.32578125 0.0890625 0.0859375
0 0.89921875 0.415625 0.084375 0.0484375
0 0.92890625 0.3484375 0.046875 0.0265625
0 0.9703125 0.34609375 0.059375 0.0625
0 0.96640625 0.2890625 0.0421875 0.0375
0 0.98359375 0.246875 0.0328125 0.0328125
0 0.528125 0.42265625 0.1 0.0984375
0 0.35078125 0.6484375 0.0859375 0.0609375
0 0.27265625 0.7828125 0.115625 0.08125
0 0.028125 0.7515625 0.05625 0.084375
0 0.04375 0.875 0.0734375 0.0609375
0 0.11640625 0.9578125 0.0859375 0.04375
0 0.11328125 0.90234375 0.096875 0.065625
0 0.1703125 0.87734375 0.05625 0.021875
0 0.203125 0.85078125 0.0734375 0.0265625
0 0.340625 0.853125 0.0921875 0.0765625
0 0.21328125 0.95 0.0484375 0.0234375
0 0.23203125 0.96328125 0.034375 0.0234375
0 0.33046875 0.9171875 0.053125 0.0328125
0 0.4640625 0.94921875 0.06875 0.0375
0 0.565625 0.92734375 0.0953125 0.078125
0 0.546875 0.86328125 0.096875 0.0609375
0 0.6703125 0.73671875 0.0953125 0.0703125
0 0.58671875 0.52421875 0.10625 0.1140625
0 0.63359375 0.41640625 0.0625 0.0609375
0 0.71015625 0.5140625 0.08125 0.0484375
0 0.69453125 0.48203125 0.078125 0.03125
0 0.77109375 0.42890625 0.103125 0.0703125
0 0.696875 0.58046875 0.0421875 0.03125
0 0.753125 0.53671875 0.0703125 0.03125
0 0.8140625 0.4859375 0.1125 0.0546875
0 0.86015625 0.525 0.0515625 0.028125
0 0.93984375 0.58671875 0.08125 0.065625
0 0.925 0.52421875 0.046875 0.03125
0 0.946875 0.4765625 0.0859375 0.0609375
0 0.975 0.4140625 0.05 0.0390625
0 0.3984375 0.44921875 0.1015625 0.0484375
0 0.36171875 0.42109375 0.0859375 0.0515625
0 0.615625 0.6828125 0.04375 0.03125
0 0.67578125 0.6265625 0.0671875 0.0484375
0 0.72109375 0.6703125 0.0390625 0.034375
0 0.784375 0.67578125 0.0625 0.05
0 0.8421875 0.67734375 0.103125 0.0625
0 0.8078125 0.61640625 0.078125 0.06875
0 0.87890625 0.590625 0.053125 0.0375
0 0.875 0.56640625 0.04375 0.0234375
0 0.98828125 0.5078125 0.0234375 0.05
0 0.909375 0.6875 0.0703125 0.1
0 0.6765625 0.86328125 0.1046875 0.0640625
0 0.76171875 0.809375 0.0890625 0.065625
0 0.74375 0.76640625 0.0578125 0.0484375
0 0.271875 0.984375 0.0609375 0.0203125
0 0.3703125 0.97734375 0.0765625 0.04375
0 0.4734375 0.9859375 0.0625 0.028125
0 0.678125 0.9671875 0.10625 0.065625
0 0.75078125 0.9 0.0828125 0.053125
0 0.77734375 0.940625 0.04375 0.034375
0 0.9203125 0.79375 0.11875 0.0765625
0 0.86171875 0.778125 0.059375 0.0484375
0 0.86171875 0.87109375 0.08125 0.0515625
0 0.1484375 0.73515625 0.0765625 0.0203125
0 0.15390625 0.7046875 0.0703125 0.028125
0 0.1703125 0.6265625 0.0671875 0.0390625
0 0.228125 0.64375 0.09375 0.0375
0 0.24765625 0.71796875 0.1046875 0.0390625