0 0.66640625 0.6765625 0.240625 0.159375
0 0.5078125 0.80625 0.0953125 0.0703125
0 0.34609375 0.79921875 0.1171875 0.0640625
0 0.346875 0.959375 0.15 0.08125
0 0.87421875 0.87265625 0.134375 0.1078125
0 0.921875 0.71796875 0.078125 0.0578125
0 0.82265625 0.75390625 0.08125 0.0953125
0 0.9765625 0.4046875 0.046875 0.165625
0 0.79140625 0.39375 0.290625 0.1109375
0 0.865625 0.51796875 0.1421875 0.065625
0 0.9203125 0.61796875 0.10625 0.0453125
0 0.95390625 0.30859375 0.0921875 0.0875
0 0.8515625 0.21640625 0.1140625 0.078125
0 0.73515625 0.15703125 0.109375 0.0734375
0 0.82578125 0.015625 0.075 0.03125
0 0.659375 0.03125 0.15625 0.0625
0 0.49453125 0.22578125 0.13125 0.1015625
0 0.38671875 0.146875 0.0921875 0.0484375
0 0.35078125 0.12734375 0.0546875 0.0328125
0 0.2171875 0.1078125 0.1609375 0.103125
0 0.4671875 0.2921875 0.1015625 0.0390625
0 0.4734375 0.34765625 0.0625 0.053125
0 0.4 0.35703125 0.0703125 0.075
0 0.2703125 0.3796875 0.1109375 0.0859375
0 0.159375 0.45625 0.0921875 0.0703125
0 0.1921875 0.540625 0.0625 0.05
0 0.1140625 0.6125 0.05625 0.046875
0 0.178125 0.678125 0.078125 0.0859375
0 0.06953125 0.7390625 0.05 0.05
0 0.16484375 0.86015625 0.1265625 0.0765625
0 0.55625 0.57890625 0.084375 0.0765625
0 0.446875 0.61171875 0.0609375 0.0328125
0 0.2953125 0.70234375 0.0609375 0.0515625
0 0.51640625 0.38046875 0.06875 0.065625
0 0.3671875 0.44140625 0.1046875 0.0484375
0 0.409375 0.4640625 0.0859375 0.040625
0 0.3625 0.20078125 0.0890625 0.071875
0 0.5921875 0.1375 0.0625 0.0375
0 0.29140625 0.15703125 0.065625 0.05
0 0.26015625 0.2671875 0.090625 0.065625
0 0.17890625 0.184375 0.0734375 0.04375
0 0.134375 0.27578125 0.1109375 0.053125
0 0.1421875 0.33046875 0.075 0.0578125
0 0.07578125 0.0546875 0.09375 0.0421875
0 0.03203125 0.1640625 0.0640625 0.05625
0 0.7265625 0.95078125 0.1171875 0.0828125
0 0.92421875 0.96796875 0.0953125 0.0640625
0 0.62734375 0.88515625 0.14375 0.078125