0 0.05390625 0.12578125 0.03359375 0.0546875
0 0.06171875 0.53671875 0.09140625 0.0796875
0 0.1796875 0.6953125 0.1234375 0.10625
0 0.10390625 0.471875 0.03828125 0.0375
0 0.3046875 0.409375 0.04375 0.053125
0 0.30546875 0.2046875 0.07734375 0.05234375
0 0.46328125 0.14140625 0.06796875 0.0515625
0 0.47734375 0.3359375 0.05390625 0.05703125
0 0.50625 0.48359375 0.0578125 0.06484375
0 0.50078125 0.6140625 0.0546875 0.06015625
0 0.4984375 0.77421875 0.0421875 0.05546875
0 0.54609375 0.7046875 0.06640625 0.0578125
0 0.51015625 0.93359375 0.053125 0.04765625
0 0.503125 0.84921875 0.0578125 0.0375
0 0.58671875 0.8875 0.05703125 0.059375
0 0.6015625 0.17109375 0.08359375 0.08359375
0 0.5953125 0.3203125 0.046875 0.05703125
0 0.5984375 0.25625 0.03984375 0.0640625
0 0.64609375 0.35 0.04375 0.0734375
0 0.67265625 0.53203125 0.05625 0.09609375
0 0.73515625 0.7234375 0.1 0.0953125
0 0.80625 0.7875 0.04765625 0.065625
0 0.77734375 0.91328125 0.05 0.0375
0 0.9234375 0.8546875 0.0796875 0.07890625
0 0.8796875 0.74375 0.06015625 0.06953125
0 0.96875 0.68671875 0.059375 0.06640625
0 0.890625 0.40546875 0.065625 0.05234375