0 0.83125 0.0984375 0.071875 0.07421875
0 0.7265625 0.1765625 0.09140625 0.0875
0 0.8109375 0.22265625 0.0765625 0.08828125
0 0.81875 0.34375 0.09921875 0.1015625
0 0.66796875 0.375 0.0609375 0.0765625
0 0.81953125 0.52421875 0.06875 0.09609375
0 0.8203125 0.75625 0.08671875 0.19296875
0 0.65390625 0.69765625 0.0609375 0.08984375
0 0.73828125 0.9609375 0.053125 0.078125
0 0.3203125 0.2734375 0.128125 0.21796875
0 0.19453125 0.40234375 0.0984375 0.15234375
0 0.04921875 0.309375 0.0984375 0.1390625
0 0.07109375 0.0578125 0.12265625 0.0609375
0 0.2546875 0.78828125 0.096875 0.10234375