0 0.78203125 0.81015625 0.2078125 0.203125
0 0.9265625 0.32421875 0.1453125 0.075
0 0.95546875 0.4078125 0.0890625 0.04375
0 0.87421875 0.490625 0.084375 0.040625
0 0.73203125 0.4234375 0.1953125 0.121875
0 0.7859375 0.54765625 0.14375 0.0671875
0 0.740625 0.634375 0.2640625 0.1015625
0 0.97265625 0.528125 0.0546875 0.0703125
0 0.96796875 0.02890625 0.0578125 0.0578125
0 0.9625 0.0984375 0.0671875 0.05
0 0.91640625 0.16015625 0.1671875 0.0921875
0 0.896875 0.06796875 0.0734375 0.05
0 0.81640625 0.021875 0.0625 0.0328125
0 0.83515625 0.0984375 0.0953125 0.0578125
0 0.73125 0.16015625 0.1953125 0.1484375
0 0.7859375 0.26484375 0.184375 0.065625
0 0.8234375 0.3375 0.184375 0.075
0 0.6671875 0.3484375 0.109375 0.059375
0 0.64375 0.26328125 0.0453125 0.059375
0 0.58671875 0.29296875 0.0890625 0.0609375
0 0.5546875 0.359375 0.1375 0.0421875
0 0.51796875 0.4296875 0.1203125 0.04375
0 0.44296875 0.47890625 0.078125 0.0546875
0 0.45546875 0.575 0.240625 0.1671875
0 0.571875 0.74765625 0.053125 0.075
0 0.53828125 0.8265625 0.1546875 0.0953125
0 0.7203125 0.92578125 0.221875 0.1484375
0 0.54296875 0.93828125 0.146875 0.065625
0 0.38046875 0.715625 0.1171875 0.078125
0 0.4140625 0.7796875 0.08125 0.0484375
0 0.38046875 0.8453125 0.14375 0.06875
0 0.29765625 0.584375 0.178125 0.0796875
0 0.23515625 0.67265625 0.1609375 0.071875
0 0.13828125 0.5984375 0.109375 0.0703125
0 0.2828125 0.94921875 0.14375 0.1015625
0 0.103125 0.94921875 0.20625 0.1015625
0 0.27421875 0.7671875 0.1078125 0.065625
0 0.1671875 0.8390625 0.1515625 0.0953125
0 0.2390625 0.37890625 0.14375 0.05625
0 0.2046875 0.4640625 0.19375 0.1125
0 0.41875 0.28359375 0.134375 0.0578125
0 0.41171875 0.34296875 0.1609375 0.08125
0 0.51171875 0.125 0.0828125 0.08125
0 0.3859375 0.12421875 0.146875 0.096875
0 0.4796875 0.20546875 0.1078125 0.075
0 0.88984375 0.6671875 0.09375 0.05625
0 0.7296875 0.02734375 0.0859375 0.0546875
0 0.7546875 0.10078125 0.0546875 0.04375
0 0.56484375 0.01953125 0.0984375 0.0390625
0 0.54921875 0.071875 0.1390625 0.0484375
0 0.42734375 0.0421875 0.0796875 0.0296875
0 0.07421875 0.0203125 0.1484375 0.040625
0 0.04453125 0.07109375 0.0890625 0.075
0 0.34609375 0.20859375 0.0859375 0.0515625
0 0.2890625 0.17265625 0.0859375 0.046875
0 0.2125 0.20234375 0.090625 0.0875
0 0.0984375 0.21484375 0.1140625 0.04375
0 0.30546875 0.3578125 0.10625 0.0546875
0 0.24453125 0.3 0.0984375 0.05625
0 0.34609375 0.45390625 0.0671875 0.046875
0 0.1640625 0.2859375 0.05625 0.04375
0 0.14453125 0.33359375 0.0859375 0.0328125
0 0.34140625 0.0359375 0.075 0.046875
0 0.2390625 0.0640625 0.0671875 0.034375
0 0.178125 0.10703125 0.153125 0.040625
0 0.03984375 0.365625 0.0796875 0.04375
0 0.04375 0.64140625 0.071875 0.0703125
0 0.0640625 0.7015625 0.075 0.04375
0 0.97421875 0.890625 0.0515625 0.08125
0 0.97421875 0.78359375 0.0515625 0.04375