0 0.5578125 0.19296875 0.1171875 0.0578125
0 0.50234375 0.27109375 0.125 0.0671875
0 0.6875 0.33046875 0.1125 0.0703125
0 0.61640625 0.271875 0.0984375 0.05625
0 0.73359375 0.4390625 0.0828125 0.0515625
0 0.646875 0.4828125 0.1328125 0.0625
0 0.534375 0.4828125 0.08125 0.053125
0 0.43515625 0.43203125 0.1234375 0.053125
0 0.83515625 0.5234375 0.090625 0.0609375
0 0.96953125 0.5859375 0.0609375 0.05
0 0.18828125 0.43515625 0.0796875 0.04375
0 0.26015625 0.2546875 0.096875 0.0609375
0 0.4375 0.15390625 0.0796875 0.0671875
0 0.51171875 0.02421875 0.096875 0.0484375
0 0.92890625 0.646875 0.10625 0.0421875
0 0.8203125 0.65234375 0.096875 0.040625
0 0.4796875 0.65 0.046875 0.0453125
0 0.2296875 0.659375 0.0640625 0.034375
0 0.06953125 0.62265625 0.0875 0.04375
0 0.78046875 0.7296875 0.0921875 0.046875