0 0.14609375 0.07265625 0.16875 0.078125
0 0.321875 0.32421875 0.153125 0.1234375
0 0.04609375 0.5140625 0.0921875 0.121875
0 0.06796875 0.31953125 0.0984375 0.09375
0 0.71953125 0.26875 0.246875 0.271875
0 0.6125 0.165625 0.16875 0.084375
0 0.43671875 0.11328125 0.1109375 0.065625
0 0.56171875 0.09375 0.11875 0.078125
0 0.84453125 0.07890625 0.11875 0.0609375
0 0.92734375 0.265625 0.0578125 0.04375
0 0.3703125 0.47890625 0.0984375 0.0546875
0 0.32109375 0.7078125 0.090625 0.0390625
0 0.14765625 0.721875 0.1421875 0.0546875
0 0.2421875 0.67734375 0.053125 0.0359375
0 0.3734375 0.68515625 0.0546875 0.0515625
0 0.5171875 0.71484375 0.2015625 0.0921875
0 0.43125 0.66015625 0.090625 0.0484375
0 0.44453125 0.58671875 0.0953125 0.04375
0 0.43984375 0.51484375 0.0859375 0.0515625
0 0.5078125 0.66015625 0.0765625 0.0453125
0 0.17890625 0.65390625 0.053125 0.0359375
0 0.1921875 0.59921875 0.0640625 0.0734375
0 0.0328125 0.9015625 0.065625 0.096875
0 0.0859375 0.896875 0.0890625 0.059375
0 0.30390625 0.86796875 0.14375 0.071875
0 0.36640625 0.96875 0.1359375 0.0625
0 0.446875 0.8171875 0.084375 0.040625
0 0.82578125 0.834375 0.1765625 0.0953125
0 0.78515625 0.72421875 0.1265625 0.1015625
0 0.7046875 0.67109375 0.1171875 0.075
0 0.69921875 0.5375 0.090625 0.0859375
0 0.7671875 0.53984375 0.0609375 0.0546875
0 0.96796875 0.45546875 0.0640625 0.1109375
0 0.96484375 0.34453125 0.0703125 0.0765625
0 0.91171875 0.7375 0.059375 0.0796875
0 0.9453125 0.6359375 0.06875 0.09375
0 0.97109375 0.7609375 0.0578125 0.065625
0 0.92265625 0.97109375 0.1546875 0.0578125
0 0.96953125 0.88203125 0.0609375 0.0859375
0 0.97109375 0.5390625 0.0578125 0.04375
0 0.04296875 0.05390625 0.0671875 0.0390625