0 0.6921875 0.0578125 0.12890625 0.11484375
0 0.66328125 0.26953125 0.071875 0.06015625
0 0.675 0.2078125 0.0859375 0.0734375
0 0.6453125 0.3484375 0.0546875 0.08828125
0 0.94375 0.70703125 0.059375 0.05234375
0 0.865625 0.6453125 0.08046875 0.08203125
0 0.59609375 0.66953125 0.08515625 0.0921875
0 0.6109375 0.578125 0.08984375 0.0828125
0 0.5734375 0.80625 0.07109375 0.05625
0 0.571875 0.92734375 0.08046875 0.0796875
0 0.36171875 0.88125 0.15234375 0.10078125
0 0.39375 0.81875 0.0828125 0.0953125
0 0.3171875 0.6140625 0.10078125 0.10234375
0 0.3828125 0.42734375 0.0890625 0.08515625
0 0.44296875 0.23671875 0.1375 0.17109375
0 0.11796875 0.43828125 0.07109375 0.09140625
0 0.11953125 0.68984375 0.0921875 0.09453125