0 0.0765625 0.04765625 0.06875 0.053125
0 0.16796875 0.12109375 0.06640625 0.078125
0 0.16015625 0.0546875 0.05390625 0.0484375
0 0.096875 0.3171875 0.1140625 0.08984375
0 0.078125 0.49609375 0.1421875 0.15859375
0 0.34375 0.4671875 0.17421875 0.1953125
0 0.26484375 0.56015625 0.06640625 0.0984375
0 0.16171875 0.79453125 0.19375 0.1921875
0 0.50625 0.165625 0.125 0.090625
0 0.35078125 0.01953125 0.0734375 0.0390625
0 0.53515625 0.06171875 0.0625 0.04765625
0 0.93203125 0.23125 0.1359375 0.1546875
0 0.97265625 0.36328125 0.0546875 0.1
0 0.83515625 0.4890625 0.2140625 0.16171875
0 0.76953125 0.6421875 0.0828125 0.06953125
0 0.94296875 0.88359375 0.084375 0.08046875