0 0.14921875 0.090625 0.13828125 0.115625
0 0.17265625 0.25234375 0.08125 0.08203125
0 0.19453125 0.48515625 0.115625 0.0984375
0 0.1859375 0.3859375 0.0578125 0.0484375
0 0.4453125 0.18125 0.103125 0.1109375
0 0.44453125 0.33125 0.08203125 0.078125
0 0.45625 0.465625 0.075 0.0828125
0 0.51015625 0.41640625 0.0625 0.07734375
0 0.5546875 0.52734375 0.084375 0.0796875
0 0.26484375 0.7734375 0.08125 0.0921875
0 0.26484375 0.9359375 0.0671875 0.0453125
0 0.58984375 0.73125 0.0859375 0.08046875
0 0.6078125 0.9203125 0.11796875 0.13671875