0 0.24375 0.640625 0.1828125 0.1984375
0 0.55078125 0.6265625 0.2375 0.2515625
0 0.43671875 0.915625 0.1859375 0.16875
0 0.47890625 0.784375 0.09375 0.121875
0 0.30390625 0.8296875 0.090625 0.0953125
0 0.16640625 0.746875 0.1484375 0.1328125
0 0.10390625 0.91484375 0.2078125 0.1703125
0 0.840625 0.9234375 0.2125 0.096875
0 0.69296875 0.8 0.09375 0.0859375
0 0.78359375 0.81171875 0.0984375 0.134375
0 0.84375 0.74453125 0.1234375 0.0984375
0 0.96171875 0.81328125 0.0765625 0.0859375
0 0.82890625 0.6296875 0.1890625 0.1625
0 0.915625 0.4421875 0.16875 0.35
0 0.678125 0.44296875 0.2390625 0.1625
0 0.5859375 0.48828125 0.15625 0.1015625
0 0.42578125 0.328125 0.09375 0.084375
0 0.134375 0.33828125 0.26875 0.4
0 0.10546875 0.0546875 0.14375 0.109375
0 0.8703125 0.0703125 0.2578125 0.140625
0 0.23671875 0.134375 0.0640625 0.0640625
0 0.28203125 0.05 0.0984375 0.0859375
0 0.35234375 0.06796875 0.059375 0.06875
0 0.453125 0.07578125 0.078125 0.0609375
0 0.5671875 0.05234375 0.184375 0.1046875
0 0.6109375 0.259375 0.2125 0.1734375
0 0.7265625 0.2390625 0.1859375 0.11875
0 0.31640625 0.21484375 0.1125 0.121875
0 0.4109375 0.13984375 0.1 0.0578125
0 0.4875 0.15859375 0.0921875 0.0609375
0 0.32265625 0.46953125 0.14375 0.096875