0 0.5984375 0.61171875 0.2015625 0.15625
0 0.60859375 0.775 0.2328125 0.228125
0 0.4359375 0.75390625 0.0640625 0.0421875
0 0.4390625 0.84765625 0.096875 0.078125
0 0.88671875 0.8625 0.084375 0.0484375
0 0.76953125 0.94375 0.1265625 0.078125
0 0.74140625 0.81015625 0.121875 0.0671875
0 0.646875 0.915625 0.0640625 0.059375
0 0.5875 0.9546875 0.078125 0.071875
0 0.4765625 0.9328125 0.0828125 0.059375
0 0.94765625 0.90546875 0.1046875 0.0578125
0 0.97734375 0.6890625 0.0453125 0.1109375
0 0.94765625 0.51015625 0.1046875 0.109375
0 0.9578125 0.57109375 0.084375 0.0640625
0 0.92890625 0.30390625 0.1421875 0.134375
0 0.93515625 0.1140625 0.1296875 0.05625
0 0.5 0.31796875 0.1421875 0.0828125
0 0.58828125 0.37578125 0.1171875 0.0671875
0 0.80234375 0.29609375 0.096875 0.0515625
0 0.79609375 0.37109375 0.078125 0.0515625
0 0.6796875 0.45078125 0.0734375 0.059375
0 0.584375 0.45390625 0.084375 0.0203125
0 0.25546875 0.51953125 0.171875 0.1328125
0 0.1046875 0.6703125 0.1328125 0.1109375
0 0.03671875 0.50234375 0.0734375 0.1578125
0 0.07890625 0.559375 0.0765625 0.0609375
0 0.36015625 0.65 0.0375 0.0421875
0 0.353125 0.67578125 0.0203125 0.04375
0 0.20625 0.68515625 0.0421875 0.028125
0 0.15546875 0.77109375 0.1328125 0.0578125
0 0.1828125 0.8171875 0.071875 0.0671875
0 0.06015625 0.83515625 0.1203125 0.053125
0 0.2890625 0.8546875 0.078125 0.040625
0 0.18515625 0.88125 0.040625 0.040625
0 0.06328125 0.93984375 0.1265625 0.075
0 0.29765625 0.90859375 0.1046875 0.040625
0 0.22734375 0.90546875 0.0890625 0.034375
0 0.20859375 0.94609375 0.0625 0.0359375
0 0.13125 0.98203125 0.1046875 0.0359375
0 0.83671875 0.60625 0.071875 0.05
0 0.75390625 0.609375 0.0578125 0.04375
0 0.603125 0.5078125 0.090625 0.04375
0 0.4453125 0.59609375 0.0640625 0.046875
0 0.38359375 0.57578125 0.0859375 0.0484375
0 0.53828125 0.18046875 0.1 0.0546875
0 0.28515625 0.353125 0.078125 0.075
0 0.303125 0.41015625 0.1015625 0.05
0 0.05625 0.3765625 0.1109375 0.046875
0 0.39921875 0.96171875 0.065625 0.028125