0 0.9421875 0.86015625 0.08125 0.0296875
0 0.98203125 0.90625 0.0359375 0.0390625
0 0.93046875 0.90703125 0.0640625 0.0234375
0 0.8390625 0.98203125 0.0578125 0.0359375
0 0.76875 0.9671875 0.075 0.04375
0 0.81953125 0.92109375 0.059375 0.034375
0 0.6859375 0.88984375 0.0625 0.034375
0 0.79609375 0.853125 0.0484375 0.028125
0 0.3625 0.90859375 0.04375 0.0328125
0 0.13125 0.9125 0.0734375 0.03125
0 0.0921875 0.86171875 0.071875 0.0328125
0 0.0453125 0.83046875 0.06875 0.0296875
0 0.26171875 0.8140625 0.0921875 0.03125
0 0.44296875 0.80078125 0.065625 0.0203125
0 0.19375 0.71328125 0.05625 0.03125
0 0.45234375 0.665625 0.046875 0.034375
0 0.909375 0.64375 0.05625 0.03125
0 0.83515625 0.56796875 0.090625 0.03125
0 0.54140625 0.5140625 0.0484375 0.03125
0 0.5140625 0.534375 0.0421875 0.0328125
0 0.475 0.5515625 0.053125 0.025
0 0.67734375 0.52890625 0.05625 0.03125
0 0.44453125 0.55390625 0.046875 0.0375
0 0.1421875 0.56796875 0.0640625 0.03125
0 0.34609375 0.57734375 0.053125 0.0421875
0 0.5640625 0.6515625 0.059375 0.03125
0 0.79140625 0.46796875 0.05 0.0375
0 0.73515625 0.47421875 0.0484375 0.028125
0 0.08828125 0.47109375 0.065625 0.0328125
0 0.2140625 0.50234375 0.05 0.021875
0 0.04921875 0.546875 0.065625 0.040625
0 0.528125 0.4484375 0.071875 0.0390625
0 0.6078125 0.4046875 0.0390625 0.0265625
0 0.5421875 0.4109375 0.0578125 0.0296875
0 0.96875 0.3703125 0.0625 0.040625
0 0.50234375 0.39140625 0.0578125 0.0265625
0 0.34140625 0.38671875 0.0640625 0.0265625
0 0.3421875 0.409375 0.0765625 0.028125
0 0.290625 0.36796875 0.0765625 0.034375
0 0.47734375 0.2890625 0.05 0.0296875
0 0.43203125 0.25390625 0.0734375 0.0296875
0 0.4109375 0.27578125 0.0703125 0.0328125
0 0.465625 0.18046875 0.053125 0.040625
0 0.534375 0.1875 0.0640625 0.0484375
0 0.41328125 0.15703125 0.0703125 0.0375
0 0.953125 0.2078125 0.05625 0.025
0 0.91953125 0.21484375 0.0546875 0.0328125
0 0.95703125 0.234375 0.0578125 0.025
0 0.97890625 0.26875 0.0421875 0.0203125
0 0.9625 0.29375 0.0609375 0.0265625
0 0.3296875 0.25546875 0.04375 0.025
0 0.3265625 0.27578125 0.05 0.01875
0 0.25390625 0.25390625 0.040625 0.034375
0 0.32109375 0.30078125 0.046875 0.0203125
0 0.43984375 0.31796875 0.06875 0.0234375
0 0.8796875 0.3140625 0.046875 0.028125
0 0.5203125 0.12734375 0.0765625 0.034375
0 0.384375 0.08359375 0.0484375 0.0296875
0 0.3203125 0.07578125 0.0515625 0.0296875
0 0.3875 0.04453125 0.0640625 0.0375
0 0.34609375 0.01328125 0.059375 0.0265625
0 0.3 0.03125 0.0515625 0.0203125
0 0.3296875 0.04453125 0.0515625 0.025
0 0.95390625 0.15 0.0515625 0.0296875
0 0.93828125 0.175 0.046875 0.021875
0 0.6140625 0.3515625 0.040625 0.034375
0 0.70625 0.36953125 0.034375 0.01875
0 0.75859375 0.428125 0.0375 0.0203125
0 0.846875 0.44140625 0.0375 0.025
0 0.9328125 0.42890625 0.04375 0.03125
0 0.93125 0.48125 0.0484375 0.0203125