0 0.08984375 0.278125 0.1796875 0.184375
0 0.15390625 0.2078125 0.1046875 0.0609375
0 0.05625 0.028125 0.1125 0.05625
0 0.37734375 0.2015625 0.2046875 0.1796875
0 0.33515625 0.03125 0.1890625 0.0625
0 0.56953125 0.0421875 0.0765625 0.084375
0 0.57734375 0.21484375 0.04375 0.078125
0 0.69609375 0.11171875 0.0703125 0.0609375
0 0.7640625 0.184375 0.0796875 0.0671875
0 0.765625 0.08515625 0.078125 0.0875
0 0.2484375 0.39296875 0.065625 0.0796875
0 0.05546875 0.4921875 0.1109375 0.1078125
0 0.1046875 0.57578125 0.0515625 0.0921875
0 0.10234375 0.7515625 0.071875 0.0671875
0 0.2015625 0.790625 0.1140625 0.0671875
0 0.0328125 0.89921875 0.065625 0.0671875
0 0.35078125 0.96640625 0.18125 0.0515625
0 0.484375 0.9140625 0.1046875 0.0703125
0 0.47109375 0.83359375 0.09375 0.05
0 0.55625 0.9734375 0.1484375 0.053125
0 0.67890625 0.89765625 0.10625 0.0421875
0 0.70234375 0.76953125 0.096875 0.0640625
0 0.36328125 0.56171875 0.125 0.0875
0 0.3359375 0.6515625 0.1046875 0.0390625
0 0.53203125 0.54140625 0.1296875 0.0671875
0 0.365625 0.434375 0.084375 0.0546875
0 0.44140625 0.421875 0.0953125 0.06875
0 0.6 0.33984375 0.18125 0.1078125
0 0.70234375 0.4984375 0.128125 0.08125
0 0.69296875 0.38984375 0.0890625 0.05625
0 0.840625 0.34609375 0.2734375 0.1625
0 0.8921875 0.68359375 0.215625 0.228125
0 0.890625 0.50078125 0.1171875 0.0609375
0 0.95546875 0.2 0.0890625 0.071875
0 0.77578125 0.93359375 0.1953125 0.1328125
0 0.9265625 0.95703125 0.0828125 0.0515625
0 0.97109375 0.8640625 0.0578125 0.0375