0 0.46484375 0.93828125 0.0875 0.0515625
0 0.3953125 0.89921875 0.09375 0.046875
0 0.69921875 0.871875 0.125 0.053125
0 0.09140625 0.8765625 0.0765625 0.04375
0 0.18984375 0.81484375 0.0921875 0.0484375
0 0.171875 0.74453125 0.0890625 0.0484375
0 0.10078125 0.7875 0.075 0.03125
0 0.0828125 0.82109375 0.075 0.0296875
0 0.63125 0.73984375 0.078125 0.0390625
0 0.80234375 0.75390625 0.10625 0.05
0 0.9234375 0.6953125 0.0734375 0.05
0 0.8484375 0.6953125 0.0609375 0.034375
0 0.72421875 0.63515625 0.0875 0.025
0 0.70078125 0.67421875 0.0796875 0.0453125
0 0.834375 0.63125 0.065625 0.040625
0 0.61640625 0.596875 0.06875 0.0421875
0 0.30234375 0.56484375 0.071875 0.0328125
0 0.21171875 0.6171875 0.0671875 0.05
0 0.12265625 0.61953125 0.0625 0.0375
0 0.52109375 0.51484375 0.128125 0.0484375
0 0.81484375 0.51875 0.075 0.0375
0 0.74765625 0.50234375 0.0765625 0.0375
0 0.96171875 0.43671875 0.075 0.0234375
0 0.78203125 0.41484375 0.078125 0.028125
0 0.5484375 0.44296875 0.0578125 0.0359375
0 0.3296875 0.42265625 0.0625 0.0390625
0 0.25703125 0.4390625 0.059375 0.0265625
0 0.22421875 0.46640625 0.1015625 0.0328125
0 0.4171875 0.33984375 0.0671875 0.040625
0 0.2359375 0.365625 0.096875 0.034375
0 0.8734375 0.31875 0.0984375 0.0515625
0 0.9421875 0.25078125 0.0796875 0.05
0 0.41484375 0.22109375 0.0546875 0.034375
0 0.35234375 0.21484375 0.078125 0.04375
0 0.246875 0.20078125 0.053125 0.0359375
0 0.92109375 0.14453125 0.065625 0.0359375
0 0.825 0.1828125 0.0796875 0.0375
0 0.7484375 0.12109375 0.0546875 0.0296875
0 0.71640625 0.16640625 0.0578125 0.028125
0 0.73203125 0.2046875 0.0671875 0.03125
0 0.6359375 0.1859375 0.0546875 0.0328125
0 0.4359375 0.096875 0.0703125 0.0390625
0 0.5140625 0.15234375 0.0734375 0.0359375
0 0.33203125 0.04921875 0.0703125 0.0359375
0 0.83125 0.07109375 0.065625 0.0296875
0 0.83984375 0.02265625 0.05625 0.0265625
0 0.77265625 0.03046875 0.0640625 0.0265625
0 0.29375 0.109375 0.0578125 0.025
0 0.67578125 0.4125 0.0546875 0.028125
0 0.7515625 0.34609375 0.053125 0.03125
0 0.32890625 0.2625 0.0484375 0.034375
0 0.434375 0.621875 0.059375 0.0328125
0 0.3828125 0.446875 0.0609375 0.028125