0 0.771875 0.08671875 0.08125 0.0828125
0 0.73125 0.18515625 0.0640625 0.07578125
0 0.90703125 0.46953125 0.1265625 0.2
0 0.71484375 0.37734375 0.07421875 0.06640625
0 0.77578125 0.721875 0.11484375 0.13359375
0 0.7484375 0.94453125 0.115625 0.11015625
0 0.51796875 0.6609375 0.178125 0.14453125
0 0.62109375 0.56171875 0.075 0.06796875
0 0.27265625 0.165625 0.0953125 0.0859375
0 0.21328125 0.3328125 0.109375 0.0953125
0 0.14296875 0.0765625 0.07265625 0.06640625
0 0.2515625 0.825 0.04921875 0.05703125