0 0.62890625 0.08828125 0.0953125 0.109375
0 0.50859375 0.07109375 0.01640625 0.05625
0 0.784375 0.25 0.071875 0.06484375
0 0.7359375 0.271875 0.06328125 0.0609375
0 0.8484375 0.446875 0.05703125 0.059375
0 0.78984375 0.375 0.05546875 0.075
0 0.7859375 0.6328125 0.0609375 0.0640625
0 0.7921875 0.55234375 0.08203125 0.08359375
0 0.53203125 0.68671875 0.10546875 0.1015625
0 0.60625 0.71015625 0.08203125 0.08671875
0 0.6484375 0.84609375 0.115625 0.1140625
0 0.58984375 0.2828125 0.05625 0.05078125
0 0.621875 0.21796875 0.0671875 0.046875