0 0.2 0.05546875 0.084375 0.0875
0 0.246875 0.17109375 0.06328125 0.09765625
0 0.253125 0.26953125 0.05078125 0.07265625
0 0.2796875 0.421875 0.08046875 0.1328125
0 0.371875 0.471875 0.07734375 0.1421875
0 0.2546875 0.628125 0.04921875 0.07890625
0 0.2765625 0.7734375 0.053125 0.09921875
0 0.29609375 0.92265625 0.05078125 0.11484375
0 0.22109375 0.91875 0.0453125 0.05234375
0 0.709375 0.07578125 0.07109375 0.10390625
0 0.73046875 0.275 0.0828125 0.128125
0 0.91796875 0.37734375 0.0890625 0.1203125
0 0.65 0.65 0.0484375 0.08046875
0 0.68203125 0.83203125 0.040625 0.05