0 0.796875 0.396875 0.10078125 0.1109375
0 0.39296875 0.96328125 0.0921875 0.0734375
0 0.5359375 0.8109375 0.12265625 0.1734375
0 0.5796875 0.55703125 0.16796875 0.1703125
0 0.60390625 0.4015625 0.08046875 0.065625
0 0.590625 0.2625 0.07265625 0.078125
0 0.6125 0.0875 0.059375 0.07265625
0 0.3671875 0.66484375 0.125 0.13515625
0 0.38515625 0.821875 0.0546875 0.0609375
0 0.3328125 0.44140625 0.07421875 0.08359375
0 0.309375 0.28203125 0.1078125 0.10703125
0 0.27578125 0.14453125 0.0640625 0.05625