0 0.0578125 0.13984375 0.08125 0.0296875
0 0.01796875 0.09375 0.0359375 0.0390625
0 0.06953125 0.09296875 0.0640625 0.0234375
0 0.1609375 0.01796875 0.0578125 0.0359375
0 0.23125 0.0328125 0.075 0.04375
0 0.18046875 0.07890625 0.059375 0.034375
0 0.3140625 0.11015625 0.0625 0.034375
0 0.20390625 0.146875 0.0484375 0.028125
0 0.6375 0.09140625 0.04375 0.0328125
0 0.86875 0.0875 0.0734375 0.03125
0 0.9078125 0.13828125 0.071875 0.0328125
0 0.9546875 0.16953125 0.06875 0.0296875
0 0.73828125 0.1859375 0.0921875 0.03125
0 0.55703125 0.19921875 0.065625 0.0203125
0 0.80625 0.28671875 0.05625 0.03125
0 0.54765625 0.334375 0.046875 0.034375
0 0.090625 0.35625 0.05625 0.03125
0 0.16484375 0.43203125 0.090625 0.03125
0 0.45859375 0.4859375 0.0484375 0.03125
0 0.4859375 0.465625 0.0421875 0.0328125
0 0.525 0.4484375 0.053125 0.025
0 0.32265625 0.47109375 0.05625 0.03125
0 0.55546875 0.44609375 0.046875 0.0375
0 0.8578125 0.43203125 0.0640625 0.03125
0 0.65390625 0.42265625 0.053125 0.0421875
0 0.4359375 0.3484375 0.059375 0.03125
0 0.20859375 0.53203125 0.05 0.0375
0 0.26484375 0.52578125 0.0484375 0.028125
0 0.91171875 0.52890625 0.065625 0.0328125
0 0.7859375 0.49765625 0.05 0.021875
0 0.95078125 0.453125 0.065625 0.040625
0 0.471875 0.5515625 0.071875 0.0390625
0 0.3921875 0.5953125 0.0390625 0.0265625
0 0.4578125 0.5890625 0.0578125 0.0296875
0 0.03125 0.6296875 0.0625 0.040625
0 0.49765625 0.60859375 0.0578125 0.0265625
0 0.65859375 0.61328125 0.0640625 0.0265625
0 0.6578125 0.590625 0.0765625 0.028125
0 0.709375 0.63203125 0.0765625 0.034375
0 0.52265625 0.7109375 0.05 0.0296875
0 0.56796875 0.74609375 0.0734375 0.0296875
0 0.5890625 0.72421875 0.0703125 0.0328125
0 0.534375 0.81953125 0.053125 0.040625
0 0.465625 0.8125 0.0640625 0.0484375
0 0.58671875 0.84296875 0.0703125 0.0375
0 0.046875 0.7921875 0.05625 0.025
0 0.08046875 0.78515625 0.0546875 0.0328125
0 0.04296875 0.765625 0.0578125 0.025
0 0.02109375 0.73125 0.0421875 0.0203125
0 0.0375 0.70625 0.0609375 0.0265625
0 0.6703125 0.74453125 0.04375 0.025
0 0.6734375 0.72421875 0.05 0.01875
0 0.74609375 0.74609375 0.040625 0.034375
0 0.67890625 0.69921875 0.046875 0.0203125
0 0.56015625 0.68203125 0.06875 0.0234375
0 0.1203125 0.6859375 0.046875 0.028125
0 0.4796875 0.87265625 0.0765625 0.034375
0 0.615625 0.91640625 0.0484375 0.0296875
0 0.6796875 0.92421875 0.0515625 0.0296875
0 0.6125 0.95546875 0.0640625 0.0375
0 0.65390625 0.98671875 0.059375 0.0265625
0 0.7 0.96875 0.0515625 0.0203125
0 0.6703125 0.95546875 0.0515625 0.025
0 0.04609375 0.85 0.0515625 0.0296875
0 0.06171875 0.825 0.046875 0.021875
0 0.3859375 0.6484375 0.040625 0.034375
0 0.29375 0.63046875 0.034375 0.01875
0 0.24140625 0.571875 0.0375 0.0203125
0 0.153125 0.55859375 0.0375 0.025
0 0.0671875 0.57109375 0.04375 0.03125
0 0.06875 0.51875 0.0484375 0.0203125