0 0.1421875 0.67734375 0.096875 0.1140625
0 0.2859375 0.2609375 0.12421875 0.17734375
0 0.34140625 0.02421875 0.03984375 0.0390625
0 0.41875 0.5328125 0.0546875 0.0734375
0 0.43828125 0.57109375 0.06015625 0.05234375
0 0.8640625 0.96875 0.0546875 0.05546875
0 0.8140625 0.83125 0.06640625 0.0640625
0 0.83984375 0.8890625 0.04453125 0.0390625
0 0.78828125 0.7328125 0.04609375 0.07890625
0 0.7734375 0.61171875 0.034375 0.0703125
0 0.771875 0.51328125 0.04765625 0.0625
0 0.75390625 0.3578125 0.04609375 0.0671875
0 0.76640625 0.4140625 0.0296875 0.0296875
0 0.73359375 0.2453125 0.0484375 0.071875
0 0.728125 0.16484375 0.02265625 0.02890625
0 0.946875 0.45078125 0.10625 0.1234375