0 0.721875 0.7953125 0.1859375 0.26484375
0 0.7015625 0.60234375 0.071875 0.08046875
0 0.7109375 0.471875 0.078125 0.08046875
0 0.70859375 0.378125 0.04453125 0.04609375
0 0.69765625 0.190625 0.0734375 0.09765625
0 0.71015625 0.07578125 0.1125 0.08203125
0 0.4625 0.60078125 0.1015625 0.12265625
0 0.315625 0.6375 0.09375 0.0796875
0 0.26875 0.5703125 0.07578125 0.05546875
0 0.29375 0.42265625 0.08046875 0.07109375
0 0.24140625 0.32578125 0.11328125 0.096875
0 0.25 0.01875 0.0390625 0.02421875
0 0.25625 0.0859375 0.059375 0.05390625
0 0.24375 0.15859375 0.0578125 0.06015625
0 0.07890625 0.746875 0.15 0.25234375
0 0.0828125 0.51328125 0.10546875 0.1
0 0.3203125 0.90390625 0.06484375 0.04765625