0 0.7359375 0.87421875 0.11875 0.0984375
0 0.74609375 0.959375 0.10078125 0.08046875
0 0.88125 0.86953125 0.1265625 0.13046875
0 0.8125 0.7375 0.14375 0.109375
0 0.77265625 0.5734375 0.06484375 0.05078125
0 0.72734375 0.6125 0.0796875 0.0859375
0 0.75546875 0.43515625 0.1078125 0.12265625
0 0.69375 0.1984375 0.0875 0.09296875
0 0.775 0.046875 0.10390625 0.08984375
0 0.76640625 0.10234375 0.08359375 0.0828125
0 0.78125 0.18125 0.05078125 0.0515625
0 0.53828125 0.08671875 0.13515625 0.159375
0 0.39140625 0.93359375 0.128125 0.1015625
0 0.22265625 0.965625 0.0984375 0.06875
0 0.21171875 0.778125 0.0796875 0.10625
0 0.26015625 0.6265625 0.05859375 0.04375
0 0.22109375 0.50703125 0.06640625 0.0546875
0 0.27734375 0.23984375 0.1140625 0.1203125
0 0.1203125 0.38671875 0.053125 0.0453125
0 0.22890625 0.06328125 0.0578125 0.05078125