0 0.3375 0.15625 0.15703125 0.146875
0 0.13203125 0.35390625 0.2 0.18671875
0 0.5125 0.3828125 0.16484375 0.11484375
0 0.45546875 0.50390625 0.11171875 0.13125
0 0.48125 0.64296875 0.078125 0.11875
0 0.47421875 0.73359375 0.078125 0.059375
0 0.26171875 0.7859375 0.1171875 0.09453125
0 0.32578125 0.82734375 0.07734375 0.05078125
0 0.43046875 0.853125 0.075 0.09921875
0 0.509375 0.93984375 0.0953125 0.11796875
0 0.49921875 0.8359375 0.07734375 0.0875
0 0.78984375 0.82421875 0.1078125 0.17265625
0 0.8265625 0.5015625 0.128125 0.12265625
0 0.715625 0.1734375 0.1578125 0.159375
0 0.93984375 0.19453125 0.05390625 0.1078125