0 0.12421875 0.15 0.08125 0.040625
0 0.034375 0.19140625 0.06875 0.046875
0 0.20625 0.1109375 0.0609375 0.0328125
0 0.27109375 0.153125 0.0578125 0.0328125
0 0.31875 0.11328125 0.0359375 0.025
0 0.4109375 0.11015625 0.046875 0.028125
0 0.346875 0.17109375 0.053125 0.0453125
0 0.42578125 0.1640625 0.0484375 0.034375
0 0.53203125 0.1765625 0.090625 0.0390625
0 0.20546875 0.240625 0.09375 0.0515625
0 0.0984375 0.2390625 0.0796875 0.05
0 0.11015625 0.315625 0.0734375 0.0265625
0 0.15078125 0.28125 0.0671875 0.0375
0 0.228125 0.30625 0.0859375 0.0390625
0 0.67578125 0.3109375 0.0953125 0.053125
0 0.58984375 0.3046875 0.075 0.05
0 0.484375 0.3078125 0.0796875 0.0671875
0 0.8125 0.2265625 0.0890625 0.0390625
0 0.86171875 0.315625 0.0703125 0.053125
0 0.796875 0.365625 0.090625 0.0359375
0 0.73046875 0.240625 0.075 0.0421875
0 0.67734375 0.171875 0.0640625 0.0328125
0 0.9578125 0.33984375 0.0796875 0.0359375
0 0.94921875 0.31171875 0.0640625 0.03125
0 0.3625 0.434375 0.075 0.025
0 0.42734375 0.39921875 0.090625 0.03125
0 0.46171875 0.371875 0.0875 0.0296875
0 0.3546875 0.3734375 0.0546875 0.0359375
0 0.2515625 0.3484375 0.0453125 0.0296875
0 0.3109375 0.34375 0.0640625 0.0359375
0 0.1359375 0.3671875 0.0671875 0.040625
0 0.05859375 0.4328125 0.0640625 0.0484375
0 0.11875 0.43125 0.0671875 0.034375
0 0.19453125 0.41953125 0.0890625 0.046875
0 0.05078125 0.48203125 0.0859375 0.0453125
0 0.25703125 0.471875 0.096875 0.046875
0 0.43515625 0.45546875 0.0796875 0.0421875
0 0.62109375 0.46875 0.0984375 0.0375
0 0.69609375 0.4734375 0.0703125 0.04375
0 0.76328125 0.490625 0.078125 0.0328125
0 0.86953125 0.484375 0.078125 0.028125
0 0.51953125 0.403125 0.05625 0.0359375
0 0.5921875 0.4125 0.06875 0.0359375
0 0.6640625 0.35625 0.0703125 0.0390625
0 0.7375 0.409375 0.059375 0.0328125
0 0.85625 0.3953125 0.05625 0.028125
0 0.86953125 0.59453125 0.1234375 0.0390625
0 0.89453125 0.54921875 0.075 0.028125
0 0.63046875 0.56484375 0.0796875 0.04375
0 0.63046875 0.525 0.0796875 0.0421875
0 0.5109375 0.5390625 0.0796875 0.028125
0 0.509375 0.51171875 0.084375 0.0359375
0 0.36484375 0.51875 0.0984375 0.0421875
0 0.0734375 0.6078125 0.071875 0.0359375
0 0.2828125 0.590625 0.0515625 0.028125
0 0.36953125 0.5828125 0.0609375 0.0328125
0 0.44453125 0.5640625 0.065625 0.034375
0 0.42890625 0.63203125 0.0515625 0.0390625
0 0.49375 0.609375 0.0578125 0.028125
0 0.54921875 0.565625 0.0578125 0.0234375
0 0.175 0.54375 0.0625 0.0390625
0 0.2296875 0.525 0.0625 0.0234375
0 0.96796875 0.58125 0.0640625 0.046875
0 0.8046875 0.671875 0.0921875 0.04375
0 0.89296875 0.68671875 0.059375 0.03125
0 0.603125 0.66484375 0.0546875 0.0359375
0 0.50234375 0.70234375 0.078125 0.028125
0 0.22578125 0.7296875 0.0625 0.028125
0 0.28671875 0.74296875 0.0640625 0.0453125
0 0.2765625 0.7078125 0.0875 0.046875
0 0.09453125 0.6703125 0.084375 0.0375
0 0.0375 0.7359375 0.0671875 0.03125
0 0.4421875 0.76640625 0.059375 0.0328125
0 0.0609375 0.83515625 0.05 0.028125
0 0.11171875 0.7984375 0.0421875 0.0375
0 0.21484375 0.85546875 0.0640625 0.03125
0 0.41796875 0.93203125 0.0671875 0.0265625
0 0.58828125 0.91015625 0.090625 0.0390625
0 0.69453125 0.89921875 0.0828125 0.0296875
0 0.17890625 0.98515625 0.0828125 0.0296875
0 0.22890625 0.9515625 0.0546875 0.034375
0 0.284375 0.9546875 0.06875 0.0375
0 0.0609375 0.94140625 0.065625 0.034375
0 0.66328125 0.77265625 0.0578125 0.028125