0 0.76640625 0.853125 0.4671875 0.29375
0 0.5921875 0.9515625 0.1171875 0.0890625
0 0.934375 0.840625 0.1046875 0.0921875
0 0.90703125 0.6515625 0.1859375 0.10625
0 0.86328125 0.7375 0.08125 0.0390625
0 0.97265625 0.9234375 0.0546875 0.04375
0 0.6828125 0.52578125 0.25 0.178125
0 0.85390625 0.40625 0.16875 0.10625
0 0.67578125 0.29765625 0.2546875 0.1609375
0 0.63671875 0.08203125 0.1 0.04375
0 0.5265625 0.165625 0.0625 0.046875
0 0.4359375 0.22109375 0.1640625 0.090625
0 0.5515625 0.2453125 0.0234375 0.0421875
0 0.56328125 0.33359375 0.0359375 0.025
0 0.64296875 0.38125 0.0875 0.0515625
0 0.30234375 0.8140625 0.3 0.371875
0 0.403125 0.4765625 0.1640625 0.10625
0 0.43046875 0.58359375 0.078125 0.05625
0 0.3890625 0.6546875 0.08125 0.0890625
0 0.290625 0.5109375 0.1453125 0.1453125
0 0.153125 0.52578125 0.153125 0.084375
0 0.17578125 0.253125 0.2546875 0.1890625
0 0.3953125 0.0515625 0.125 0.103125
0 0.903125 0.06640625 0.071875 0.084375
0 0.76015625 0.04765625 0.10625 0.0953125
0 0.8265625 0.1875 0.134375 0.0609375
0 0.06953125 0.03828125 0.1390625 0.0765625
0 0.21953125 0.10390625 0.0984375 0.053125
0 0.321875 0.38125 0.0765625 0.0453125
0 0.1796875 0.36796875 0.065625 0.0390625
0 0.03203125 0.3953125 0.0640625 0.0796875
0 0.02578125 0.621875 0.0515625 0.0796875
0 0.05703125 0.953125 0.1140625 0.0796875