0 0.675 0.903125 0.1390625 0.0671875
0 0.7921875 0.95234375 0.23125 0.0953125
0 0.4609375 0.93125 0.06875 0.0515625
0 0.7109375 0.70546875 0.0859375 0.04375
0 0.5984375 0.60078125 0.140625 0.090625
0 0.5125 0.28359375 0.36875 0.15625
0 0.29453125 0.1671875 0.21875 0.15
0 0.05234375 0.4125 0.1046875 0.10625
0 0.12421875 0.6453125 0.20625 0.1125
0 0.28984375 0.83359375 0.0828125 0.0453125
0 0.37578125 0.72890625 0.0828125 0.0625
0 0.246875 0.7546875 0.0890625 0.0484375
0 0.0828125 0.80078125 0.06875 0.05625
0 0.03046875 0.93046875 0.0609375 0.05625