0 0.85390625 0.92734375 0.16875 0.078125
0 0.678125 0.67578125 0.153125 0.1234375
0 0.95390625 0.4859375 0.0921875 0.121875
0 0.93203125 0.68046875 0.0984375 0.09375
0 0.28046875 0.73125 0.246875 0.271875
0 0.3875 0.834375 0.16875 0.084375
0 0.56328125 0.88671875 0.1109375 0.065625
0 0.43828125 0.90625 0.11875 0.078125
0 0.15546875 0.92109375 0.11875 0.0609375
0 0.07265625 0.734375 0.0578125 0.04375
0 0.6296875 0.52109375 0.0984375 0.0546875
0 0.67890625 0.2921875 0.090625 0.0390625
0 0.85234375 0.278125 0.1421875 0.0546875
0 0.7578125 0.32265625 0.053125 0.0359375
0 0.6265625 0.31484375 0.0546875 0.0515625
0 0.4828125 0.28515625 0.2015625 0.0921875
0 0.56875 0.33984375 0.090625 0.0484375
0 0.55546875 0.41328125 0.0953125 0.04375
0 0.56015625 0.48515625 0.0859375 0.0515625
0 0.4921875 0.33984375 0.0765625 0.0453125
0 0.82109375 0.34609375 0.053125 0.0359375
0 0.8078125 0.40078125 0.0640625 0.0734375
0 0.9671875 0.0984375 0.065625 0.096875
0 0.9140625 0.103125 0.0890625 0.059375
0 0.69609375 0.13203125 0.14375 0.071875
0 0.63359375 0.03125 0.1359375 0.0625
0 0.553125 0.1828125 0.084375 0.040625
0 0.17421875 0.165625 0.1765625 0.0953125
0 0.21484375 0.27578125 0.1265625 0.1015625
0 0.2953125 0.32890625 0.1171875 0.075
0 0.30078125 0.4625 0.090625 0.0859375
0 0.2328125 0.46015625 0.0609375 0.0546875
0 0.03203125 0.54453125 0.0640625 0.1109375
0 0.03515625 0.65546875 0.0703125 0.0765625
0 0.08828125 0.2625 0.059375 0.0796875
0 0.0546875 0.3640625 0.06875 0.09375
0 0.02890625 0.2390625 0.0578125 0.065625
0 0.07734375 0.02890625 0.1546875 0.0578125
0 0.03046875 0.11796875 0.0609375 0.0859375
0 0.02890625 0.4609375 0.0578125 0.04375
0 0.95703125 0.94609375 0.0671875 0.0390625