0 0.784375 0.84453125 0.0640625 0.0375
0 0.86171875 0.7828125 0.065625 0.053125
0 0.82734375 0.71875 0.053125 0.040625
0 0.56328125 0.70390625 0.0796875 0.040625
0 0.7296875 0.62734375 0.0390625 0.025
0 0.6828125 0.64375 0.053125 0.0359375
0 0.6703125 0.68359375 0.0546875 0.0296875
0 0.82109375 0.6390625 0.05625 0.0453125
0 0.70078125 0.58828125 0.05 0.0359375
0 0.66796875 0.528125 0.05625 0.034375
0 0.603125 0.55703125 0.05625 0.0390625
0 0.81875 0.51171875 0.071875 0.0390625
0 0.5171875 0.47734375 0.0734375 0.0328125
0 0.34140625 0.48125 0.0625 0.0296875
0 0.375 0.56640625 0.05625 0.0421875
0 0.0609375 0.52265625 0.06875 0.021875
0 0.08359375 0.54453125 0.046875 0.0296875
0 0.03671875 0.5609375 0.0734375 0.04375
0 0.1953125 0.5 0.071875 0.028125
0 0.18984375 0.52578125 0.0625 0.034375
0 0.58359375 0.6296875 0.0625 0.028125
0 0.60546875 0.65859375 0.0390625 0.0390625
0 0.54140625 0.665625 0.0578125 0.040625
0 0.025 0.7328125 0.05 0.0609375
0 0.4640625 0.8546875 0.09375 0.0453125
0 0.59921875 0.8265625 0.065625 0.0375
0 0.54765625 0.79375 0.0609375 0.0328125
0 0.70234375 0.81953125 0.0703125 0.040625
0 0.3453125 0.3125 0.0578125 0.0328125
0 0.33671875 0.40234375 0.05 0.0296875
0 0.0234375 0.3125 0.046875 0.03125
0 0.965625 0.1109375 0.06875 0.021875
0 0.91171875 0.05 0.0421875 0.0171875
0 0.88125 0.08203125 0.0484375 0.0296875
0 0.83125 0.1 0.05625 0.01875
0 0.89140625 0.0234375 0.0421875 0.021875
0 0.83984375 0.009375 0.0546875 0.01875
0 0.5015625 0.09375 0.0484375 0.01875
0 0.48359375 0.19609375 0.046875 0.021875
0 0.503125 0.259375 0.0484375 0.025
0 0.43984375 0.25390625 0.08125 0.021875
0 0.5546875 0.3140625 0.0328125 0.0296875
0 0.42109375 0.22265625 0.0546875 0.0234375
0 0.08125 0.140625 0.0484375 0.028125
0 0.0375 0.09921875 0.0703125 0.0328125
0 0.64375 0.41328125 0.0578125 0.03125
0 0.71015625 0.4265625 0.065625 0.0265625