0 0.2984375 0.96484375 0.065625 0.0484375
0 0.3984375 0.96171875 0.06875 0.0421875
0 0.4765625 0.92734375 0.0890625 0.096875
0 0.58515625 0.95703125 0.1359375 0.0859375
0 0.4640625 0.83359375 0.1 0.0828125
0 0.26484375 0.84296875 0.109375 0.1015625
0 0.19765625 0.771875 0.121875 0.075
0 0.0375 0.9296875 0.075 0.05625
0 0.0375 0.8859375 0.075 0.071875
0 0.19453125 0.70234375 0.090625 0.04375
0 0.1640625 0.62109375 0.059375 0.059375
0 0.284375 0.62265625 0.11875 0.059375
0 0.1125 0.61171875 0.0421875 0.046875
0 0.1390625 0.578125 0.0640625 0.0453125
0 0.253125 0.553125 0.1203125 0.08125
0 0.04453125 0.421875 0.0890625 0.0453125
0 0.1359375 0.49140625 0.0828125 0.0765625
0 0.153125 0.396875 0.1296875 0.1015625
0 0.46796875 0.4015625 0.1296875 0.1234375
0 0.41640625 0.3015625 0.0875 0.115625
0 0.540625 0.49453125 0.115625 0.121875
0 0.5828125 0.3890625 0.0859375 0.06875
0 0.69765625 0.2984375 0.128125 0.0984375
0 0.9234375 0.12265625 0.153125 0.0953125
0 0.87734375 0.0390625 0.1109375 0.078125
0 0.60625 0.18828125 0.084375 0.0828125
0 0.65703125 0.215625 0.078125 0.05625
0 0.75390625 0.159375 0.0765625 0.0921875
0 0.01875 0.2734375 0.0375 0.040625
0 0.0578125 0.2515625 0.0375 0.0375
0 0.11953125 0.25078125 0.096875 0.065625
0 0.0140625 0.35078125 0.028125 0.0390625
0 0.06640625 0.35 0.0515625 0.053125
0 0.1625 0.3109375 0.0609375 0.0359375
0 0.31015625 0.4375 0.09375 0.0484375
0 0.27421875 0.40703125 0.078125 0.05625
0 0.2546875 0.3171875 0.1046875 0.0390625
0 0.2515625 0.26484375 0.125 0.071875
0 0.18671875 0.21015625 0.0890625 0.0609375
0 0.2609375 0.18671875 0.090625 0.046875
0 0.3875 0.1875 0.1 0.0984375
0 0.53984375 0.14765625 0.0609375 0.053125
0 0.6140625 0.05859375 0.0796875 0.06875
0 0.69375 0.04609375 0.08125 0.0703125
0 0.08671875 0.19375 0.1109375 0.05625
0 0.13671875 0.103125 0.125 0.096875
0 0.0875 0.02734375 0.1109375 0.0546875
0 0.23828125 0.05703125 0.065625 0.0609375
0 0.375 0.08671875 0.09375 0.05
0 0.60078125 0.715625 0.1109375 0.1
0 0.6109375 0.60859375 0.08125 0.0640625
0 0.60234375 0.853125 0.0875 0.0625
0 0.68046875 0.8671875 0.0828125 0.0515625
0 0.68828125 0.80859375 0.096875 0.0703125
0 0.7171875 0.92265625 0.071875 0.05
0 0.79140625 0.84453125 0.0640625 0.0546875
0 0.83984375 0.775 0.1171875 0.075
0 0.753125 0.6640625 0.0890625 0.0796875
0 0.8578125 0.67265625 0.13125 0.1015625
0 0.73671875 0.615625 0.1109375 0.096875
0 0.6671875 0.49140625 0.109375 0.0578125
0 0.73984375 0.46484375 0.090625 0.084375
0 0.6890625 0.421875 0.1171875 0.090625
0 0.8453125 0.39921875 0.08125 0.0453125
0 0.9 0.3265625 0.0984375 0.065625
0 0.89453125 0.45859375 0.059375 0.0515625
0 0.87265625 0.5734375 0.0953125 0.0625
0 0.9390625 0.49296875 0.05 0.0640625
0 0.925 0.38828125 0.053125 0.046875
0 0.97890625 0.36171875 0.0421875 0.046875
0 0.07890625 0.6953125 0.0453125 0.034375