0 0.18046875 0.35234375 0.17265625 0.18125
0 0.23046875 0.521875 0.0890625 0.11875
0 0.15 0.69375 0.20546875 0.2125
0 0.12109375 0.89296875 0.075 0.07421875
0 0.38515625 0.621875 0.05625 0.1078125
0 0.55625 0.62890625 0.14921875 0.17265625
0 0.50078125 0.17578125 0.06640625 0.08359375
0 0.84140625 0.10703125 0.0828125 0.11796875
0 0.909375 0.2046875 0.05546875 0.05546875
0 0.9671875 0.26953125 0.0609375 0.07265625
0 0.96796875 0.6234375 0.0640625 0.115625
0 0.84921875 0.72578125 0.05234375 0.0640625
0 0.85546875 0.64375 0.06015625 0.07578125
0 0.7546875 0.67734375 0.053125 0.07578125