0 0.09296875 0.2515625 0.159375 0.2234375
0 0.196875 0.15078125 0.0875 0.103125
0 0.25234375 0.30390625 0.1203125 0.08515625
0 0.3125 0.403125 0.06953125 0.08671875
0 0.4890625 0.65703125 0.08359375 0.06171875
0 0.60546875 0.86796875 0.109375 0.07265625
0 0.6703125 0.50390625 0.1078125 0.12265625
0 0.8734375 0.3875 0.17265625 0.14765625
0 0.709375 0.68671875 0.08046875 0.065625
0 0.8140625 0.67421875 0.0703125 0.0515625
0 0.81328125 0.5453125 0.05625 0.0390625
0 0.8375 0.5859375 0.0734375 0.0421875
0 0.79921875 0.759375 0.04921875 0.040625
0 0.8578125 0.746875 0.06953125 0.0390625
0 0.94609375 0.8703125 0.0609375 0.0515625
0 0.9703125 0.790625 0.05390625 0.05546875