0 0.31484375 0.42734375 0.128125 0.071875
0 0.19765625 0.484375 0.090625 0.0765625
0 0.059375 0.52109375 0.0703125 0.0546875
0 0.11484375 0.5765625 0.08125 0.0390625
0 0.23359375 0.5796875 0.1265625 0.09375
0 0.18984375 0.87890625 0.165625 0.0734375
0 0.28828125 0.71640625 0.125 0.0859375
0 0.190625 0.7296875 0.0671875 0.0546875
0 0.08203125 0.63515625 0.1640625 0.0453125
0 0.0359375 0.6703125 0.0703125 0.03125
0 0.02109375 0.6828125 0.0421875 0.0703125
0 0.07578125 0.7203125 0.071875 0.040625
0 0.1171875 0.75546875 0.059375 0.04375
0 0.23125 0.76953125 0.0640625 0.059375
0 0.3203125 0.7859375 0.0734375 0.0515625
0 0.1671875 0.7953125 0.0828125 0.046875
0 0.23359375 0.821875 0.096875 0.046875
0 0.0453125 0.8578125 0.075 0.0546875
0 0.13984375 0.9625 0.096875 0.075
0 0.30703125 0.91953125 0.0921875 0.028125
0 0.3171875 0.95078125 0.071875 0.028125
0 0.30390625 0.9828125 0.08125 0.034375
0 0.43125 0.9796875 0.0953125 0.040625
0 0.534375 0.98046875 0.08125 0.0328125
0 0.57734375 0.95390625 0.1 0.0546875
0 0.67421875 0.93203125 0.0734375 0.05
0 0.734375 0.98671875 0.090625 0.0265625
0 0.76015625 0.93359375 0.08125 0.0578125
0 0.4390625 0.8953125 0.09375 0.059375
0 0.44921875 0.78984375 0.10625 0.0765625
0 0.54296875 0.78984375 0.0703125 0.0453125
0 0.60703125 0.84375 0.09375 0.059375
0 0.66171875 0.79609375 0.090625 0.06875
0 0.59609375 0.69453125 0.0765625 0.0703125
0 0.67421875 0.696875 0.059375 0.046875
0 0.728125 0.77421875 0.065625 0.0375
0 0.81484375 0.8171875 0.1375 0.090625
0 0.95234375 0.8546875 0.0953125 0.090625
0 0.93984375 0.95859375 0.1046875 0.0828125
0 0.475 0.6765625 0.10625 0.1109375
0 0.7015625 0.6453125 0.0578125 0.0546875
0 0.75546875 0.67421875 0.0890625 0.0859375
0 0.89921875 0.584375 0.084375 0.0484375
0 0.92890625 0.6515625 0.046875 0.0265625
0 0.9703125 0.65390625 0.059375 0.0625
0 0.96640625 0.7109375 0.0421875 0.0375
0 0.98359375 0.753125 0.0328125 0.0328125
0 0.528125 0.57734375 0.1 0.0984375
0 0.35078125 0.3515625 0.0859375 0.0609375
0 0.27265625 0.2171875 0.115625 0.08125
0 0.028125 0.2484375 0.05625 0.084375
0 0.04375 0.125 0.0734375 0.0609375
0 0.11640625 0.0421875 0.0859375 0.04375
0 0.11328125 0.09765625 0.096875 0.065625
0 0.1703125 0.12265625 0.05625 0.021875
0 0.203125 0.14921875 0.0734375 0.0265625
0 0.340625 0.146875 0.0921875 0.0765625
0 0.21328125 0.05 0.0484375 0.0234375
0 0.23203125 0.03671875 0.034375 0.0234375
0 0.33046875 0.0828125 0.053125 0.0328125
0 0.4640625 0.05078125 0.06875 0.0375
0 0.565625 0.07265625 0.0953125 0.078125
0 0.546875 0.13671875 0.096875 0.0609375
0 0.6703125 0.26328125 0.0953125 0.0703125
0 0.58671875 0.47578125 0.10625 0.1140625
0 0.63359375 0.58359375 0.0625 0.0609375
0 0.71015625 0.4859375 0.08125 0.0484375
0 0.69453125 0.51796875 0.078125 0.03125
0 0.77109375 0.57109375 0.103125 0.0703125
0 0.696875 0.41953125 0.0421875 0.03125
0 0.753125 0.46328125 0.0703125 0.03125
0 0.8140625 0.5140625 0.1125 0.0546875
0 0.86015625 0.475 0.0515625 0.028125
0 0.93984375 0.41328125 0.08125 0.065625
0 0.925 0.47578125 0.046875 0.03125
0 0.946875 0.5234375 0.0859375 0.0609375
0 0.975 0.5859375 0.05 0.0390625
0 0.3984375 0.55078125 0.1015625 0.0484375
0 0.36171875 0.57890625 0.0859375 0.0515625
0 0.615625 0.3171875 0.04375 0.03125
0 0.67578125 0.3734375 0.0671875 0.0484375
0 0.72109375 0.3296875 0.0390625 0.034375
0 0.784375 0.32421875 0.0625 0.05
0 0.8421875 0.32265625 0.103125 0.0625
0 0.8078125 0.38359375 0.078125 0.06875
0 0.87890625 0.409375 0.053125 0.0375
0 0.875 0.43359375 0.04375 0.0234375
0 0.98828125 0.4921875 0.0234375 0.05
0 0.909375 0.3125 0.0703125 0.1
0 0.6765625 0.13671875 0.1046875 0.0640625
0 0.76171875 0.190625 0.0890625 0.065625
0 0.74375 0.23359375 0.0578125 0.0484375
0 0.271875 0.015625 0.0609375 0.0203125
0 0.3703125 0.02265625 0.0765625 0.04375
0 0.4734375 0.0140625 0.0625 0.028125
0 0.678125 0.0328125 0.10625 0.065625
0 0.75078125 0.1 0.0828125 0.053125
0 0.77734375 0.059375 0.04375 0.034375
0 0.9203125 0.20625 0.11875 0.0765625
0 0.86171875 0.221875 0.059375 0.0484375
0 0.86171875 0.12890625 0.08125 0.0515625
0 0.1484375 0.26484375 0.0765625 0.0203125
0 0.15390625 0.2953125 0.0703125 0.028125
0 0.1703125 0.3734375 0.0671875 0.0390625
0 0.228125 0.35625 0.09375 0.0375
0 0.24765625 0.28203125 0.1046875 0.0390625