0 0.26328125 0.0421875 0.09609375 0.0796875
0 0.23515625 0.19375 0.0859375 0.08515625
0 0.371875 0.259375 0.0953125 0.09375
0 0.3515625 0.19140625 0.06171875 0.0671875
0 0.315625 0.49140625 0.1921875 0.2
0 0.37578125 0.70703125 0.21015625 0.15546875
0 0.71015625 0.63515625 0.24609375 0.2125
0 0.56796875 0.92421875 0.278125 0.15078125
0 0.58515625 0.09140625 0.146875 0.10078125
0 0.79609375 0.0328125 0.12265625 0.06484375
0 0.8421875 0.11875 0.0546875 0.05703125
0 0.7859375 0.24296875 0.13515625 0.12890625
0 0.59296875 0.234375 0.0828125 0.0609375