0 0.33671875 0.06328125 0.1234375 0.09140625
0 0.575 0.01640625 0.0703125 0.0328125
0 0.06171875 0.20078125 0.11015625 0.11015625
0 0.10703125 0.34453125 0.08046875 0.078125
0 0.27890625 0.35078125 0.10859375 0.11171875
0 0.4421875 0.31796875 0.11796875 0.08046875
0 0.39609375 0.23046875 0.07109375 0.07734375
0 0.57265625 0.221875 0.06640625 0.090625
0 0.61328125 0.1953125 0.06484375 0.0625
0 0.7921875 0.45390625 0.13125 0.10390625
0 0.68125 0.46796875 0.0671875 0.06015625
0 0.51171875 0.58828125 0.07109375 0.06484375
0 0.31953125 0.490625 0.06015625 0.05234375
0 0.18828125 0.65546875 0.0875 0.07109375
0 0.0546875 0.95546875 0.06328125 0.05234375
0 0.23984375 0.94140625 0.19140625 0.08046875
0 0.45859375 0.98359375 0.0921875 0.0328125
0 0.6625 0.93203125 0.096875 0.1
0 0.83046875 0.82421875 0.2390625 0.215625