0 0.8625 0.671875 0.275 0.228125
0 0.49375 0.5375 0.1796875 0.153125
0 0.62734375 0.4875 0.1390625 0.1109375
0 0.6140625 0.21953125 0.4015625 0.2125
0 0.76640625 0.28125 0.1390625 0.0796875
0 0.8546875 0.17734375 0.05 0.0703125
0 0.83125 0.03671875 0.1328125 0.0734375
0 0.3 0.52109375 0.1140625 0.0734375
0 0.11171875 0.50546875 0.0859375 0.075
0 0.03671875 0.46875 0.0609375 0.05
0 0.028125 0.3875 0.05625 0.046875
0 0.10625 0.2125 0.084375 0.0546875
0 0.05859375 0.67578125 0.1171875 0.0890625
0 0.06484375 0.80703125 0.1296875 0.096875
0 0.2875 0.721875 0.215625 0.109375
0 0.31640625 0.83203125 0.08125 0.053125
0 0.44140625 0.8078125 0.190625 0.13125
0 0.59609375 0.809375 0.1015625 0.059375
0 0.5890625 0.97109375 0.11875 0.0578125
0 0.7125 0.87578125 0.1328125 0.059375
0 0.25390625 0.96171875 0.14375 0.065625
0 0.25390625 0.8796875 0.0921875 0.0484375
0 0.43125 0.96640625 0.1203125 0.0671875
0 0.95078125 0.9578125 0.0984375 0.04375