0 0.846875 0.07109375 0.1609375 0.08125
0 0.93515625 0.2953125 0.1296875 0.078125
0 0.9453125 0.20078125 0.0875 0.034375
0 0.83046875 0.1765625 0.0875 0.071875
0 0.92890625 0.4484375 0.1390625 0.0296875
0 0.8671875 0.36875 0.0875 0.046875
0 0.81171875 0.2671875 0.040625 0.0625
0 0.675 0.20078125 0.1453125 0.09375
0 0.5953125 0.12265625 0.10625 0.06875
0 0.54140625 0.1953125 0.09375 0.0546875
0 0.4609375 0.16015625 0.0640625 0.046875
0 0.35625 0.134375 0.1375 0.10625
0 0.24921875 0.06484375 0.09375 0.071875
0 0.1375 0.11875 0.1296875 0.0765625
0 0.05234375 0.21875 0.1046875 0.178125
0 0.32578125 0.328125 0.10625 0.059375
0 0.3109375 0.2234375 0.1671875 0.0484375
0 0.453125 0.09765625 0.1046875 0.0671875
0 0.65078125 0.46953125 0.1921875 0.115625
0 0.71875 0.36875 0.1015625 0.0640625
0 0.7796875 0.621875 0.196875 0.1328125
0 0.83046875 0.52109375 0.115625 0.059375
0 0.96015625 0.63828125 0.0796875 0.0515625
0 0.93515625 0.8171875 0.0484375 0.0390625
0 0.79453125 0.78515625 0.10625 0.0625
0 0.7078125 0.72890625 0.1296875 0.08125
0 0.45 0.703125 0.2421875 0.1015625
0 0.571875 0.64765625 0.06875 0.0328125
0 0.63359375 0.5859375 0.0515625 0.0484375
0 0.5625 0.5703125 0.0921875 0.0625
0 0.415625 0.603125 0.0734375 0.0671875
0 0.296875 0.51640625 0.0625 0.0609375
0 0.346875 0.43125 0.253125 0.1296875
0 0.35390625 0.79765625 0.23125 0.1015625
0 0.096875 0.8359375 0.19375 0.1
0 0.3046875 0.62265625 0.0984375 0.0484375
0 0.18125 0.528125 0.06875 0.0484375
0 0.01640625 0.4296875 0.0328125 0.05625
0 0.09921875 0.65703125 0.08125 0.04375
0 0.03359375 0.6171875 0.0671875 0.0578125
0 0.51015625 0.91640625 0.1625 0.0984375
0 0.69140625 0.965625 0.121875 0.06875
0 0.76875 0.93828125 0.06875 0.0515625
0 0.66875 0.81171875 0.0703125 0.0359375
0 0.35859375 0.9484375 0.0609375 0.0359375
0 0.2234375 0.95234375 0.0984375 0.0390625
0 0.03828125 0.965625 0.0765625 0.06875
0 0.1078125 0.58359375 0.0625 0.028125