0 0.37890625 0.5609375 0.115625 0.0625
0 0.309375 0.5125 0.1015625 0.06875
0 0.47265625 0.490625 0.0859375 0.0578125
0 0.334375 0.43359375 0.103125 0.0515625
0 0.43671875 0.41953125 0.0859375 0.0390625
0 0.525 0.39921875 0.0875 0.0375
0 0.61953125 0.325 0.0921875 0.0546875
0 0.7953125 0.325 0.1015625 0.05625
0 0.478125 0.284375 0.075 0.0484375
0 0.13984375 0.50625 0.0953125 0.0703125
0 0.03359375 0.63125 0.0671875 0.075
0 0.103125 0.61484375 0.06875 0.0640625
0 0.21953125 0.62109375 0.078125 0.046875
0 0.375 0.62421875 0.0828125 0.0546875
0 0.3078125 0.7203125 0.128125 0.059375
0 0.49765625 0.68046875 0.0578125 0.03125
0 0.53515625 0.63828125 0.0640625 0.0609375
0 0.7390625 0.6140625 0.065625 0.05625
0 0.80078125 0.6109375 0.09375 0.0640625
0 0.56953125 0.86171875 0.096875 0.0484375
0 0.465625 0.8328125 0.0875 0.053125
0 0.3734375 0.8625 0.1 0.04375
0 0.265625 0.3921875 0.1046875 0.0484375
0 0.11328125 0.428125 0.0890625 0.059375
0 0.065625 0.8828125 0.103125 0.0640625
0 0.10546875 0.7609375 0.1828125 0.0546875