0 0.8796875 0.1953125 0.034375 0.0578125
0 0.9234375 0.26328125 0.025 0.0421875
0 0.84296875 0.5328125 0.0359375 0.059375
0 0.7265625 0.46953125 0.040625 0.05
0 0.1765625 0.2828125 0.025 0.046875
0 0.178125 0.23359375 0.04375 0.05625
0 0.04296875 0.42578125 0.034375 0.0515625
0 0.01015625 0.934375 0.0203125 0.06875
0 0.990625 0.81796875 0.01875 0.053125
0 0.96328125 0.5671875 0.0265625 0.0625
0 0.94296875 0.50625 0.0390625 0.0515625
0 0.46796875 0.50234375 0.0296875 0.05
0 0.3171875 0.51953125 0.03125 0.065625
0 0.56796875 0.57265625 0.0328125 0.05625