0 0.7421875 0.66171875 0.096875 0.19375
0 0.70234375 0.47734375 0.125 0.2015625
0 0.75546875 0.2421875 0.1125 0.175
0 0.50703125 0.63515625 0.1125 0.2734375
0 0.61953125 0.7421875 0.121875 0.1890625
0 0.346875 0.7625 0.075 0.1375
0 0.3453125 0.5390625 0.0828125 0.1296875
0 0.290625 0.43046875 0.071875 0.1296875
0 0.4046875 0.23125 0.065625 0.1234375
0 0.33515625 0.2203125 0.0703125 0.096875
0 0.22265625 0.4625 0.065625 0.1171875
0 0.26171875 0.68984375 0.0609375 0.0875
0 0.41953125 0.7765625 0.059375 0.1203125
0 0.15859375 0.4421875 0.0546875 0.1015625