0 0.4140625 0.60859375 0.0625 0.0890625
0 0.1953125 0.69921875 0.10625 0.08125
0 0.31171875 0.91640625 0.0421875 0.065625
0 0.27578125 0.81171875 0.04375 0.0828125
0 0.4078125 0.83515625 0.03125 0.08125
0 0.32734375 0.73984375 0.0390625 0.0953125
0 0.1625 0.903125 0.06875 0.071875
0 0.2375 0.3828125 0.0671875 0.0921875
0 0.18359375 0.40625 0.0546875 0.090625
0 0.17421875 0.53671875 0.0703125 0.071875
0 0.1234375 0.42734375 0.046875 0.0828125
0 0.0640625 0.47265625 0.05625 0.0890625
0 0.0578125 0.65390625 0.065625 0.090625
0 0.11171875 0.78046875 0.0625 0.0546875
0 0.0125 0.959375 0.025 0.0796875
0 0.23515625 0.2453125 0.0546875 0.084375
0 0.1859375 0.21484375 0.059375 0.0734375
0 0.15859375 0.265625 0.0515625 0.06875
0 0.08125 0.09765625 0.084375 0.1171875
0 0.18671875 0.08046875 0.065625 0.0984375
0 0.47109375 0.38125 0.0453125 0.0953125
0 0.39921875 0.2609375 0.0515625 0.09375
0 0.346875 0.18203125 0.0578125 0.109375
0 0.475 0.1671875 0.059375 0.084375
0 0.665625 0.41484375 0.059375 0.0734375
0 0.71953125 0.28984375 0.06875 0.0859375
0 0.865625 0.1828125 0.059375 0.0921875
0 0.9234375 0.39453125 0.05625 0.0828125
0 0.96171875 0.2890625 0.046875 0.078125
0 0.953125 0.75 0.065625 0.0953125
0 0.746875 0.69453125 0.046875 0.0890625
0 0.69375 0.7046875 0.05 0.0703125
0 0.675 0.865625 0.05 0.0703125
0 0.62109375 0.90859375 0.0359375 0.071875
0 0.56484375 0.9296875 0.0515625 0.0640625
0 0.69296875 0.60078125 0.040625 0.084375
0 0.63125 0.63671875 0.046875 0.0796875
0 0.79609375 0.56171875 0.0515625 0.078125
0 0.803125 0.3296875 0.0484375 0.0859375
0 0.8265625 0.1140625 0.059375 0.0828125
0 0.5234375 0.87265625 0.05625 0.071875
0 0.471875 0.9734375 0.0375 0.053125