0 0.2421875 0.23828125 0.0390625 0.05625
0 0.32578125 0.159375 0.0640625 0.0890625
0 0.115625 0.3078125 0.0375 0.0578125
0 0.13203125 0.20078125 0.05625 0.084375
0 0.29921875 0.07109375 0.0546875 0.078125
0 0.10859375 0.4734375 0.0359375 0.0625
0 0.1359375 0.52734375 0.0421875 0.065625
0 0.1828125 0.45625 0.0375 0.0546875
0 0.209375 0.4078125 0.0390625 0.05625
0 0.196875 0.3078125 0.040625 0.08125
0 0.221875 0.5578125 0.0296875 0.0453125
0 0.29921875 0.5625 0.0546875 0.078125
0 0.48828125 0.44765625 0.0375 0.0546875
0 0.4953125 0.4125 0.0421875 0.0546875
0 0.51875 0.371875 0.0421875 0.0703125
0 0.5953125 0.36953125 0.0359375 0.0609375
0 0.665625 0.2890625 0.0421875 0.065625
0 0.55703125 0.5203125 0.040625 0.0515625
0 0.62421875 0.5234375 0.03125 0.0578125
0 0.6671875 0.42421875 0.04375 0.05625
0 0.88046875 0.134375 0.053125 0.0609375
0 0.5796875 0.203125 0.03125 0.0546875
0 0.7015625 0.1984375 0.040625 0.046875
0 0.709375 0.14609375 0.0390625 0.0671875
0 0.77265625 0.3890625 0.0359375 0.053125
0 0.71328125 0.3359375 0.034375 0.05625
0 0.75625 0.3125 0.0390625 0.0609375
0 0.83125 0.2953125 0.0328125 0.0671875
0 0.5703125 0.628125 0.0453125 0.0609375
0 0.628125 0.59140625 0.0390625 0.0515625
0 0.71171875 0.5734375 0.04375 0.065625
0 0.75078125 0.640625 0.059375 0.0796875
0 0.79375 0.55703125 0.0453125 0.0734375
0 0.90703125 0.51015625 0.053125 0.09375
0 0.796875 0.475 0.0421875 0.075
0 0.90625 0.41953125 0.0484375 0.0796875
0 0.9703125 0.36953125 0.05625 0.0953125
0 0.38671875 0.25625 0.0453125 0.0640625
0 0.01640625 0.43125 0.0328125 0.0515625
0 0.05546875 0.684375 0.0421875 0.0625
0 0.05625 0.609375 0.0390625 0.06875
0 0.065625 0.56328125 0.0390625 0.0515625
0 0.1265625 0.671875 0.0375 0.0625
0 0.16640625 0.7421875 0.0296875 0.0515625
0 0.165625 0.7109375 0.0390625 0.059375
0 0.2625 0.728125 0.0421875 0.059375
0 0.515625 0.9484375 0.0578125 0.0796875
0 0.6125 0.84609375 0.04375 0.059375
0 0.64609375 0.95859375 0.0515625 0.0546875
0 0.6890625 0.88828125 0.046875 0.0640625
0 0.74921875 0.95390625 0.0328125 0.06875
0 0.746875 0.89296875 0.040625 0.0546875
0 0.78671875 0.95 0.0390625 0.071875
0 0.82421875 0.90625 0.046875 0.05625
0 0.7859375 0.87734375 0.0421875 0.059375
0 0.846875 0.85703125 0.0453125 0.06875
0 0.98984375 0.85703125 0.0203125 0.0578125
0 0.7734375 0.7625 0.0390625 0.059375
0 0.3953125 0.21015625 0.03125 0.0453125
0 0.42734375 0.26171875 0.0296875 0.046875
0 0.515625 0.18828125 0.0265625 0.0421875
0 0.3265625 0.759375 0.03125 0.034375
0 0.32890625 0.72734375 0.0421875 0.046875
0 0.0171875 0.83515625 0.034375 0.0609375
0 0.4 0.128125 0.0328125 0.0484375
0 0.42734375 0.13203125 0.034375 0.05625
0 0.4671875 0.134375 0.0265625 0.05
0 0.47578125 0.02890625 0.0328125 0.0421875
0 0.2515625 0.3890625 0.040625 0.053125