0 0.8109375 0.6671875 0.0421875 0.03125
0 0.796875 0.7015625 0.0421875 0.0359375
0 0.753125 0.69609375 0.046875 0.0375
0 0.78046875 0.6 0.0375 0.0296875
0 0.73203125 0.65390625 0.0390625 0.034375
0 0.4609375 0.375 0.0328125 0.0265625
0 0.67421875 0.4359375 0.046875 0.03125
0 0.61953125 0.4296875 0.0390625 0.03125
0 0.475 0.428125 0.04375 0.034375
0 0.60625 0.28984375 0.0421875 0.034375
0 0.58125 0.29375 0.0421875 0.0359375
0 0.52890625 0.290625 0.046875 0.0359375
0 0.4671875 0.2859375 0.040625 0.025
0 0.790625 0.29921875 0.0484375 0.0375
0 0.8203125 0.853125 0.034375 0.0328125
0 0.66953125 0.85859375 0.0453125 0.0328125
0 0.709375 0.93984375 0.0390625 0.0265625
0 0.909375 0.9140625 0.0296875 0.025
0 0.91015625 0.94375 0.0265625 0.0203125
0 0.89140625 0.96796875 0.0359375 0.0265625
0 0.74296875 0.97578125 0.04375 0.0296875
0 0.14609375 0.5578125 0.0671875 0.0515625
0 0.228125 0.4453125 0.046875 0.0390625
0 0.109375 0.4859375 0.0609375 0.046875
0 0.58515625 0.92578125 0.040625 0.0359375
0 0.68671875 0.4625 0.0390625 0.03125
0 0.328125 0.28984375 0.0375 0.0359375
0 0.28046875 0.34296875 0.0671875 0.05
0 0.01875 0.2875 0.0375 0.04375
0 0.19296875 0.34453125 0.053125 0.0390625
0 0.08515625 0.33359375 0.0640625 0.0359375
0 0.46953125 0.56328125 0.0453125 0.0328125