0 0.66484375 0.2828125 0.0546875 0.05625
0 0.66171875 0.340625 0.078125 0.0625
0 0.915625 0.2984375 0.034375 0.0671875
0 0.2390625 0.3890625 0.0984375 0.0828125
0 0.23203125 0.23125 0.06875 0.075
0 0.21328125 0.290625 0.0515625 0.0421875
0 0.39140625 0.60546875 0.0578125 0.075
0 0.33984375 0.615625 0.053125 0.0828125
0 0.61328125 0.66796875 0.075 0.08125
0 0.6359375 0.546875 0.1234375 0.0703125
0 0.84375 0.80703125 0.0734375 0.0859375
0 0.9296875 0.8671875 0.0640625 0.0625
0 0.64921875 0.73984375 0.0703125 0.0453125
0 0.54375 0.7546875 0.0578125 0.0671875
0 0.4765625 0.6546875 0.0796875 0.0671875
0 0.384375 0.91171875 0.0671875 0.0859375
0 0.23046875 0.83359375 0.0796875 0.115625
0 0.21640625 0.73828125 0.0453125 0.0671875
0 0.02421875 0.57109375 0.0484375 0.078125
0 0.021875 0.4265625 0.04375 0.0625
0 0.34453125 0.703125 0.078125 0.071875
0 0.5390625 0.84765625 0.0484375 0.0875
0 0.49609375 0.8109375 0.0546875 0.08125
0 0.7359375 0.925 0.078125 0.078125
0 0.93828125 0.93984375 0.06875 0.06875
0 0.534375 0.4015625 0.04375 0.0796875
0 0.5234375 0.31875 0.0625 0.0515625