0 0.44375 0.565625 0.021875 0.0421875
0 0.4953125 0.51015625 0.0171875 0.0375
0 0.50703125 0.5625 0.015625 0.0453125
0 0.42734375 0.61875 0.0171875 0.034375
0 0.465625 0.65703125 0.01875 0.046875
0 0.34296875 0.56953125 0.0140625 0.03125
0 0.36484375 0.47734375 0.0234375 0.0328125
0 0.36171875 0.54375 0.015625 0.0265625
0 0.36640625 0.58515625 0.0171875 0.028125
0 0.378125 0.6125 0.021875 0.03125
0 0.38046875 0.50390625 0.025 0.0296875
0 0.39375 0.3296875 0.0203125 0.0328125
0 0.39375 0.37578125 0.021875 0.04375
0 0.37578125 0.2015625 0.0203125 0.059375
0 0.371875 0.11953125 0.0265625 0.0546875
0 0.3453125 0.259375 0.015625 0.04375
0 0.44296875 0.05390625 0.0265625 0.03125
0 0.45078125 0.1015625 0.0234375 0.0375
0 0.4453125 0.146875 0.0171875 0.0375
0 0.09609375 0.7375 0.0203125 0.0515625
0 0.10625 0.79453125 0.021875 0.0390625
0 0.11796875 0.834375 0.0171875 0.04375
0 0.0359375 0.7609375 0.015625 0.0390625
0 0.146875 0.82265625 0.015625 0.0421875
0 0.175 0.8109375 0.021875 0.0375
0 0.0890625 0.89609375 0.021875 0.0375
0 0.0359375 0.89609375 0.021875 0.034375
0 0.24375 0.796875 0.0203125 0.03125
0 0.2359375 0.82734375 0.015625 0.0359375
0 0.23203125 0.86953125 0.015625 0.025
0 0.27578125 0.89296875 0.015625 0.01875
0 0.18359375 0.91171875 0.015625 0.025
0 0.203125 0.94375 0.0171875 0.0265625
0 0.17734375 0.446875 0.0171875 0.0375
0 0.19609375 0.4078125 0.01875 0.0359375
0 0.20234375 0.46796875 0.015625 0.0421875
0 0.21796875 0.51796875 0.01875 0.03125
0 0.11171875 0.38828125 0.0171875 0.034375
0 0.1140625 0.4953125 0.0234375 0.0375
0 0.15859375 0.59921875 0.0140625 0.0359375
0 0.22578125 0.590625 0.0234375 0.0296875
0 0.26171875 0.54140625 0.0203125 0.03125
0 0.26015625 0.571875 0.021875 0.0390625
0 0.309375 0.634375 0.0171875 0.028125
0 0.32734375 0.64296875 0.0171875 0.0359375
0 0.3265625 0.7109375 0.0171875 0.0328125
0 0.365625 0.69140625 0.0140625 0.028125
0 0.37265625 0.72421875 0.01875 0.025
0 0.39296875 0.67265625 0.0140625 0.0296875
0 0.4046875 0.696875 0.0140625 0.0328125
0 0.58125 0.66328125 0.015625 0.0359375
0 0.5125 0.728125 0.0109375 0.0328125
0 0.42734375 0.74453125 0.0140625 0.03125
0 0.384375 0.790625 0.015625 0.028125
0 0.31484375 0.7984375 0.0125 0.021875
0 0.46015625 0.82734375 0.0140625 0.0359375
0 0.15546875 0.03671875 0.021875 0.05
0 0.1546875 0.10625 0.0109375 0.046875
0 0.228125 0.01796875 0.021875 0.0359375
0 0.29609375 0.01875 0.021875 0.0375
0 0.375 0.02734375 0.0171875 0.04375
0 0.11328125 0.3015625 0.0234375 0.059375
0 0.43671875 0.4078125 0.01875 0.0328125
0 0.78828125 0.63203125 0.0171875 0.0421875
0 0.8078125 0.5125 0.01875 0.0359375
0 0.8015625 0.57109375 0.0171875 0.040625
0 0.79453125 0.39609375 0.0234375 0.028125
0 0.81875 0.4421875 0.0203125 0.0375
0 0.815625 0.4890625 0.0171875 0.0375
0 0.709375 0.340625 0.01875 0.0390625
0 0.70625 0.2703125 0.01875 0.040625
0 0.71171875 0.1828125 0.0203125 0.0421875
0 0.65078125 0.5765625 0.0234375 0.0359375
0 0.665625 0.534375 0.0140625 0.0265625
0 0.7375 0.7109375 0.0125 0.0296875
0 0.78671875 0.72890625 0.0203125 0.034375
0 0.8109375 0.72421875 0.0171875 0.03125
0 0.74375 0.74140625 0.0125 0.028125
0 0.7859375 0.77578125 0.0203125 0.0328125
0 0.62890625 0.6609375 0.0171875 0.028125
0 0.678125 0.69453125 0.0203125 0.025
0 0.63515625 0.75390625 0.0171875 0.03125
0 0.48984375 0.371875 0.01875 0.0328125
0 0.5859375 0.37109375 0.0171875 0.034375
0 0.53203125 0.2 0.01875 0.0359375
0 0.44375 0.26328125 0.021875 0.0359375
0 0.92421875 0.29296875 0.0171875 0.0265625
0 0.96796875 0.46875 0.0265625 0.04375
0 0.9125 0.6265625 0.01875 0.04375
0 0.93046875 0.609375 0.015625 0.03125
0 0.9515625 0.60625 0.0171875 0.0375
0 0.9203125 0.75 0.0109375 0.0390625
0 0.86640625 0.70546875 0.0265625 0.0375
0 0.834375 0.58671875 0.01875 0.03125
0 0.853125 0.5546875 0.0234375 0.0328125
0 0.86015625 0.484375 0.025 0.028125
0 0.73203125 0.7796875 0.01875 0.03125
0 0.7453125 0.83515625 0.0125 0.0296875
0 0.74609375 0.859375 0.0140625 0.025
0 0.77109375 0.87265625 0.0171875 0.028125
0 0.89765625 0.9015625 0.0140625 0.0234375
0 0.946875 0.8265625 0.015625 0.0375
0 0.99453125 0.81953125 0.0109375 0.0296875
0 0.9421875 0.91640625 0.0140625 0.03125
0 0.68515625 0.546875 0.0109375 0.0328125
0 0.49296875 0.4390625 0.0171875 0.034375
0 0.52734375 0.46640625 0.0171875 0.0296875
0 0.55 0.48203125 0.015625 0.0359375