0 0.58984375 0.39609375 0.1578125 0.1859375
0 0.528125 0.1234375 0.1265625 0.225
0 0.63984375 0.1375 0.1078125 0.1578125
0 0.8078125 0.24609375 0.159375 0.225
0 0.74375 0.0671875 0.1015625 0.1234375
0 0.9765625 0.14375 0.046875 0.14375
0 0.96484375 0.62109375 0.0703125 0.19375
0 0.97421875 0.50390625 0.0515625 0.1
0 0.9640625 0.31328125 0.0640625 0.0953125
0 0.82578125 0.59921875 0.0625 0.1453125
0 0.70078125 0.60390625 0.103125 0.15625
0 0.5625 0.69765625 0.0828125 0.1671875
0 0.53359375 0.571875 0.0734375 0.1296875
0 0.4828125 0.32109375 0.0734375 0.13125
0 0.39296875 0.29921875 0.1078125 0.1734375
0 0.28125 0.47109375 0.06875 0.15625
0 0.30703125 0.6609375 0.078125 0.16875
0 0.23984375 0.871875 0.1265625 0.25625
0 0.39609375 0.7734375 0.1078125 0.203125
0 0.43828125 0.90234375 0.0734375 0.1203125
0 0.54921875 0.896875 0.075 0.1359375
0 0.4765625 0.6640625 0.078125 0.1375
0 0.3984375 0.60390625 0.0734375 0.1515625
0 0.1703125 0.43828125 0.0640625 0.1171875
0 0.21015625 0.3703125 0.0625 0.140625
0 0.075 0.24609375 0.0546875 0.109375
0 0.16796875 0.20703125 0.06875 0.1109375
0 0.22265625 0.046875 0.0765625 0.0921875
0 0.02109375 0.6515625 0.0421875 0.1328125
0 0.07890625 0.584375 0.065625 0.2
0 0.79140625 0.87421875 0.1453125 0.25
0 0.884375 0.7453125 0.0859375 0.1296875
0 0.934375 0.91328125 0.0875 0.1421875
0 0.75234375 0.67421875 0.0578125 0.1265625
0 0.7625 0.47265625 0.0546875 0.090625
0 0.7015625 0.49140625 0.075 0.10625
0 0.29921875 0.203125 0.0421875 0.09375