0 0.05546875 0.5484375 0.071875 0.1296875
0 0.19609375 0.54140625 0.03125 0.103125
0 0.26171875 0.55078125 0.046875 0.103125
0 0.415625 0.5453125 0.0515625 0.109375
0 0.44765625 0.38671875 0.04375 0.1
0 0.575 0.25859375 0.0453125 0.10625
0 0.10234375 0.1 0.0578125 0.1359375
0 0.23984375 0.0953125 0.0578125 0.10625
0 0.29375 0.1703125 0.0421875 0.1046875
0 0.05 0.27578125 0.05 0.10625
0 0.09140625 0.3859375 0.0421875 0.0890625
0 0.15859375 0.425 0.034375 0.0828125
0 0.2296875 0.3859375 0.0515625 0.1015625
0 0.24140625 0.271875 0.046875 0.05625
0 0.44296875 0.18671875 0.0484375 0.121875
0 0.534375 0.08828125 0.0609375 0.1375
0 0.7515625 0.403125 0.0546875 0.090625
0 0.89140625 0.471875 0.0734375 0.1125
0 0.9515625 0.31796875 0.0421875 0.1015625
0 0.86328125 0.5859375 0.0578125 0.1015625
0 0.74140625 0.6640625 0.059375 0.08125
0 0.79921875 0.72890625 0.05625 0.084375
0 0.6671875 0.8140625 0.0625 0.090625
0 0.71328125 0.90703125 0.06875 0.103125
0 0.56328125 0.9234375 0.078125 0.1109375
0 0.55625 0.82734375 0.0578125 0.1109375
0 0.5125 0.75703125 0.0546875 0.08125
0 0.24140625 0.75234375 0.0828125 0.109375
0 0.17265625 0.796875 0.059375 0.1484375
0 0.10078125 0.7453125 0.0875 0.1109375
0 0.43515625 0.671875 0.05 0.1
0 0.65546875 0.16875 0.04375 0.10625
0 0.15 0.553125 0.0390625 0.0828125