0 0.94453125 0.4515625 0.071875 0.1296875
0 0.80390625 0.45859375 0.03125 0.103125
0 0.73828125 0.44921875 0.046875 0.103125
0 0.584375 0.4546875 0.0515625 0.109375
0 0.55234375 0.61328125 0.04375 0.1
0 0.425 0.74140625 0.0453125 0.10625
0 0.89765625 0.9 0.0578125 0.1359375
0 0.76015625 0.9046875 0.0578125 0.10625
0 0.70625 0.8296875 0.0421875 0.1046875
0 0.95 0.72421875 0.05 0.10625
0 0.90859375 0.6140625 0.0421875 0.0890625
0 0.84140625 0.575 0.034375 0.0828125
0 0.7703125 0.6140625 0.0515625 0.1015625
0 0.75859375 0.728125 0.046875 0.05625
0 0.55703125 0.81328125 0.0484375 0.121875
0 0.465625 0.91171875 0.0609375 0.1375
0 0.2484375 0.596875 0.0546875 0.090625
0 0.10859375 0.528125 0.0734375 0.1125
0 0.0484375 0.68203125 0.0421875 0.1015625
0 0.13671875 0.4140625 0.0578125 0.1015625
0 0.25859375 0.3359375 0.059375 0.08125
0 0.20078125 0.27109375 0.05625 0.084375
0 0.3328125 0.1859375 0.0625 0.090625
0 0.28671875 0.09296875 0.06875 0.103125
0 0.43671875 0.0765625 0.078125 0.1109375
0 0.44375 0.17265625 0.0578125 0.1109375
0 0.4875 0.24296875 0.0546875 0.08125
0 0.75859375 0.24765625 0.0828125 0.109375
0 0.82734375 0.203125 0.059375 0.1484375
0 0.89921875 0.2546875 0.0875 0.1109375
0 0.56484375 0.328125 0.05 0.1
0 0.34453125 0.83125 0.04375 0.10625
0 0.85 0.446875 0.0390625 0.0828125