0 0.9109375 0.3875 0.178125 0.209375
0 0.83203125 0.528125 0.078125 0.1140625
0 0.7296875 0.51953125 0.096875 0.096875
0 0.71328125 0.36796875 0.0921875 0.1453125
0 0.5078125 0.34765625 0.1171875 0.1546875
0 0.5125 0.53359375 0.1078125 0.15625
0 0.7140625 0.721875 0.1375 0.1875
0 0.74765625 0.89453125 0.1296875 0.18125
0 0.51640625 0.79140625 0.08125 0.090625
0 0.3578125 0.60078125 0.1265625 0.14375
0 0.125 0.834375 0.109375 0.240625
0 0.021875 0.68671875 0.04375 0.1859375
0 0.05625 0.33671875 0.1125 0.2359375
0 0.24921875 0.2234375 0.125 0.228125
0 0.41875 0.28359375 0.1015625 0.1109375
0 0.2390625 0.74375 0.0625 0.1296875
0 0.20546875 0.67421875 0.0515625 0.084375
0 0.90234375 0.81171875 0.09375 0.1546875
0 0.971875 0.7234375 0.05625 0.13125