0 0.44375 0.434375 0.021875 0.0421875
0 0.4953125 0.48984375 0.0171875 0.0375
0 0.50703125 0.4375 0.015625 0.0453125
0 0.42734375 0.38125 0.0171875 0.034375
0 0.465625 0.34296875 0.01875 0.046875
0 0.34296875 0.43046875 0.0140625 0.03125
0 0.36484375 0.52265625 0.0234375 0.0328125
0 0.36171875 0.45625 0.015625 0.0265625
0 0.36640625 0.41484375 0.0171875 0.028125
0 0.378125 0.3875 0.021875 0.03125
0 0.38046875 0.49609375 0.025 0.0296875
0 0.39375 0.6703125 0.0203125 0.0328125
0 0.39375 0.62421875 0.021875 0.04375
0 0.37578125 0.7984375 0.0203125 0.059375
0 0.371875 0.88046875 0.0265625 0.0546875
0 0.3453125 0.740625 0.015625 0.04375
0 0.44296875 0.94609375 0.0265625 0.03125
0 0.45078125 0.8984375 0.0234375 0.0375
0 0.4453125 0.853125 0.0171875 0.0375
0 0.09609375 0.2625 0.0203125 0.0515625
0 0.10625 0.20546875 0.021875 0.0390625
0 0.11796875 0.165625 0.0171875 0.04375
0 0.0359375 0.2390625 0.015625 0.0390625
0 0.146875 0.17734375 0.015625 0.0421875
0 0.175 0.1890625 0.021875 0.0375
0 0.0890625 0.10390625 0.021875 0.0375
0 0.0359375 0.10390625 0.021875 0.034375
0 0.24375 0.203125 0.0203125 0.03125
0 0.2359375 0.17265625 0.015625 0.0359375
0 0.23203125 0.13046875 0.015625 0.025
0 0.27578125 0.10703125 0.015625 0.01875
0 0.18359375 0.08828125 0.015625 0.025
0 0.203125 0.05625 0.0171875 0.0265625
0 0.17734375 0.553125 0.0171875 0.0375
0 0.19609375 0.5921875 0.01875 0.0359375
0 0.20234375 0.53203125 0.015625 0.0421875
0 0.21796875 0.48203125 0.01875 0.03125
0 0.11171875 0.61171875 0.0171875 0.034375
0 0.1140625 0.5046875 0.0234375 0.0375
0 0.15859375 0.40078125 0.0140625 0.0359375
0 0.22578125 0.409375 0.0234375 0.0296875
0 0.26171875 0.45859375 0.0203125 0.03125
0 0.26015625 0.428125 0.021875 0.0390625
0 0.309375 0.365625 0.0171875 0.028125
0 0.32734375 0.35703125 0.0171875 0.0359375
0 0.3265625 0.2890625 0.0171875 0.0328125
0 0.365625 0.30859375 0.0140625 0.028125
0 0.37265625 0.27578125 0.01875 0.025
0 0.39296875 0.32734375 0.0140625 0.0296875
0 0.4046875 0.303125 0.0140625 0.0328125
0 0.58125 0.33671875 0.015625 0.0359375
0 0.5125 0.271875 0.0109375 0.0328125
0 0.42734375 0.25546875 0.0140625 0.03125
0 0.384375 0.209375 0.015625 0.028125
0 0.31484375 0.2015625 0.0125 0.021875
0 0.46015625 0.17265625 0.0140625 0.0359375
0 0.15546875 0.96328125 0.021875 0.05
0 0.1546875 0.89375 0.0109375 0.046875
0 0.228125 0.98203125 0.021875 0.0359375
0 0.29609375 0.98125 0.021875 0.0375
0 0.375 0.97265625 0.0171875 0.04375
0 0.11328125 0.6984375 0.0234375 0.059375
0 0.43671875 0.5921875 0.01875 0.0328125
0 0.78828125 0.36796875 0.0171875 0.0421875
0 0.8078125 0.4875 0.01875 0.0359375
0 0.8015625 0.42890625 0.0171875 0.040625
0 0.79453125 0.60390625 0.0234375 0.028125
0 0.81875 0.5578125 0.0203125 0.0375
0 0.815625 0.5109375 0.0171875 0.0375
0 0.709375 0.659375 0.01875 0.0390625
0 0.70625 0.7296875 0.01875 0.040625
0 0.71171875 0.8171875 0.0203125 0.0421875
0 0.65078125 0.4234375 0.0234375 0.0359375
0 0.665625 0.465625 0.0140625 0.0265625
0 0.7375 0.2890625 0.0125 0.0296875
0 0.78671875 0.27109375 0.0203125 0.034375
0 0.8109375 0.27578125 0.0171875 0.03125
0 0.74375 0.25859375 0.0125 0.028125
0 0.7859375 0.22421875 0.0203125 0.0328125
0 0.62890625 0.3390625 0.0171875 0.028125
0 0.678125 0.30546875 0.0203125 0.025
0 0.63515625 0.24609375 0.0171875 0.03125
0 0.48984375 0.628125 0.01875 0.0328125
0 0.5859375 0.62890625 0.0171875 0.034375
0 0.53203125 0.8 0.01875 0.0359375
0 0.44375 0.73671875 0.021875 0.0359375
0 0.92421875 0.70703125 0.0171875 0.0265625
0 0.96796875 0.53125 0.0265625 0.04375
0 0.9125 0.3734375 0.01875 0.04375
0 0.93046875 0.390625 0.015625 0.03125
0 0.9515625 0.39375 0.0171875 0.0375
0 0.9203125 0.25 0.0109375 0.0390625
0 0.86640625 0.29453125 0.0265625 0.0375
0 0.834375 0.41328125 0.01875 0.03125
0 0.853125 0.4453125 0.0234375 0.0328125
0 0.86015625 0.515625 0.025 0.028125
0 0.73203125 0.2203125 0.01875 0.03125
0 0.7453125 0.16484375 0.0125 0.0296875
0 0.74609375 0.140625 0.0140625 0.025
0 0.77109375 0.12734375 0.0171875 0.028125
0 0.89765625 0.0984375 0.0140625 0.0234375
0 0.946875 0.1734375 0.015625 0.0375
0 0.99453125 0.18046875 0.0109375 0.0296875
0 0.9421875 0.08359375 0.0140625 0.03125
0 0.68515625 0.453125 0.0109375 0.0328125
0 0.49296875 0.5609375 0.0171875 0.034375
0 0.52734375 0.53359375 0.0171875 0.0296875
0 0.55 0.51796875 0.015625 0.0359375