0 0.35625 0.321875 0.0390625 0.0421875
0 0.38828125 0.26640625 0.0640625 0.0546875
0 0.45234375 0.28515625 0.0734375 0.053125
0 0.2296875 0.2328125 0.059375 0.053125
0 0.078125 0.365625 0.0765625 0.0640625
0 0.0296875 0.30078125 0.059375 0.0765625
0 0.0984375 0.290625 0.065625 0.059375
0 0.1953125 0.4703125 0.0453125 0.05625
0 0.28515625 0.1921875 0.0515625 0.0421875
0 0.36328125 0.2046875 0.0453125 0.046875
0 0.4203125 0.209375 0.059375 0.0515625
0 0.42109375 0.48671875 0.0765625 0.0515625
0 0.584375 0.496875 0.0640625 0.0515625
0 0.32109375 0.5796875 0.0671875 0.05625
0 0.040625 0.596875 0.0734375 0.059375
0 0.05078125 0.6890625 0.0515625 0.05
0 0.09140625 0.678125 0.0484375 0.046875
0 0.06953125 0.79375 0.0390625 0.05
0 0.3234375 0.7515625 0.0546875 0.046875
0 0.3671875 0.684375 0.0546875 0.065625
0 0.48671875 0.75859375 0.05 0.059375
0 0.5421875 0.78671875 0.078125 0.0375
0 0.57265625 0.81796875 0.0703125 0.053125
0 0.50546875 0.9109375 0.0625 0.0484375
0 0.7625 0.8 0.059375 0.0703125
0 0.77265625 0.9078125 0.071875 0.0734375
0 0.821875 0.8421875 0.065625 0.065625
0 0.64453125 0.62578125 0.0546875 0.0609375
0 0.81953125 0.64296875 0.053125 0.059375
0 0.80703125 0.5875 0.0640625 0.0515625
0 0.7265625 0.31015625 0.0609375 0.0625
0 0.728125 0.1875 0.059375 0.071875
0 0.89140625 0.21953125 0.0546875 0.06875
0 0.92109375 0.1703125 0.0625 0.059375
0 0.934375 0.4421875 0.05 0.053125
0 0.82890625 0.428125 0.065625 0.06875
0 0.4328125 0.05546875 0.0765625 0.05
0 0.2609375 0.35078125 0.053125 0.046875
0 0.06953125 0.1546875 0.059375 0.0546875
0 0.03671875 0.23984375 0.065625 0.0546875