0 0.09140625 0.765625 0.0296875 0.0671875
0 0.146875 0.7 0.05 0.175
0 0.1453125 0.2125 0.03125 0.134375
0 0.10625 0.04140625 0.04375 0.08125
0 0.0953125 0.3359375 0.040625 0.0859375
0 0.103125 0.55234375 0.0375 0.0796875
0 0.14921875 0.9796875 0.0328125 0.040625
0 0.24140625 0.89921875 0.034375 0.15625
0 0.2109375 0.884375 0.0375 0.084375
0 0.2359375 0.7921875 0.0390625 0.059375
0 0.23359375 0.73515625 0.0328125 0.071875
0 0.21328125 0.52890625 0.0359375 0.0671875
0 0.2234375 0.3625 0.03125 0.065625
0 0.1828125 0.284375 0.0453125 0.0828125
0 0.22734375 0.08828125 0.028125 0.0546875
0 0.2203125 0.0203125 0.04375 0.040625
0 0.25078125 0.24296875 0.0265625 0.071875
0 0.2859375 0.3625 0.0265625 0.0921875
0 0.325 0.50703125 0.05 0.10625
0 0.35234375 0.56171875 0.0390625 0.05625
0 0.28046875 0.775 0.0375 0.090625
0 0.32421875 0.734375 0.0421875 0.15625
0 0.32421875 0.95234375 0.0765625 0.0953125
0 0.2921875 0.890625 0.0390625 0.0671875
0 0.3328125 0.84140625 0.059375 0.090625
0 0.4546875 0.9171875 0.046875 0.0796875
0 0.4828125 0.85625 0.0546875 0.0890625
0 0.45078125 0.64375 0.0390625 0.1265625
0 0.4546875 0.3171875 0.05625 0.203125
0 0.365625 0.0546875 0.0390625 0.0734375
0 0.37421875 0.17890625 0.025 0.0515625
0 0.52265625 0.1109375 0.0390625 0.1515625
0 0.50078125 0.30859375 0.034375 0.0703125
0 0.52734375 0.25078125 0.0359375 0.05625
0 0.521875 0.2125 0.028125 0.0671875
0 0.578125 0.3453125 0.034375 0.0671875
0 0.546875 0.71640625 0.046875 0.075
0 0.53359375 0.675 0.0328125 0.0578125
0 0.52890625 0.6125 0.0578125 0.08125
0 0.62265625 0.76875 0.0640625 0.21875
0 0.6203125 0.32421875 0.028125 0.1234375
0 0.59609375 0.0640625 0.053125 0.0765625
0 0.71796875 0.0359375 0.065625 0.071875
0 0.68515625 0.2109375 0.04375 0.0796875
0 0.67109375 0.1421875 0.0390625 0.0546875
0 0.72734375 0.728125 0.0578125 0.09375
0 0.68984375 0.9171875 0.053125 0.06875
0 0.82890625 0.9140625 0.0390625 0.1375
0 0.78125 0.6109375 0.04375 0.078125
0 0.759375 0.51796875 0.04375 0.0703125
0 0.76953125 0.11171875 0.040625 0.06875
0 0.8265625 0.271875 0.046875 0.2359375
0 0.8765625 0.0515625 0.0375 0.05625
0 0.9703125 0.05078125 0.04375 0.0734375
0 0.98515625 0.24609375 0.0296875 0.084375
0 0.9 0.23671875 0.0359375 0.065625
0 0.934375 0.82109375 0.05 0.0734375
0 0.9421875 0.77734375 0.0453125 0.0796875
0 0.9578125 0.88828125 0.0421875 0.08125
0 0.98671875 0.8921875 0.0265625 0.06875