0 0.56171875 0.22109375 0.0625 0.0953125
0 0.54140625 0.14609375 0.05 0.0609375
0 0.6203125 0.22734375 0.0515625 0.06875
0 0.60546875 0.28203125 0.0484375 0.0546875
0 0.75859375 0.24453125 0.0390625 0.075
0 0.74140625 0.18046875 0.0640625 0.0609375
0 0.825 0.2796875 0.059375 0.084375
0 0.92421875 0.1390625 0.04375 0.0671875
0 0.87734375 0.12109375 0.0515625 0.0890625
0 0.83671875 0.1125 0.053125 0.0640625
0 0.42890625 0.3375 0.059375 0.0703125
0 0.30859375 0.271875 0.0671875 0.0671875
0 0.22890625 0.2421875 0.04375 0.0625
0 0.19765625 0.1390625 0.046875 0.0640625
0 0.36015625 0.453125 0.04375 0.075
0 0.45 0.47890625 0.04375 0.0609375
0 0.4953125 0.5796875 0.0515625 0.0828125
0 0.49609375 0.66796875 0.06875 0.0703125
0 0.53671875 0.75625 0.0484375 0.0796875
0 0.34296875 0.70234375 0.04375 0.0671875
0 0.38515625 0.60546875 0.04375 0.034375
0 0.34296875 0.596875 0.0515625 0.0640625
0 0.21953125 0.47578125 0.059375 0.0828125
0 0.6921875 0.68359375 0.053125 0.078125
0 0.72265625 0.434375 0.040625 0.059375
0 0.66171875 0.5421875 0.05625 0.0875
0 0.70703125 0.58515625 0.034375 0.096875
0 0.971875 0.75234375 0.05625 0.096875
0 0.5046875 0.865625 0.05625 0.075
0 0.57109375 0.9421875 0.0484375 0.059375
0 0.44296875 0.8515625 0.0359375 0.046875
0 0.38828125 0.9078125 0.0640625 0.065625