0 0.43828125 0.22109375 0.0625 0.0953125
0 0.45859375 0.14609375 0.05 0.0609375
0 0.3796875 0.22734375 0.0515625 0.06875
0 0.39453125 0.28203125 0.0484375 0.0546875
0 0.24140625 0.24453125 0.0390625 0.075
0 0.25859375 0.18046875 0.0640625 0.0609375
0 0.175 0.2796875 0.059375 0.084375
0 0.07578125 0.1390625 0.04375 0.0671875
0 0.12265625 0.12109375 0.0515625 0.0890625
0 0.16328125 0.1125 0.053125 0.0640625
0 0.57109375 0.3375 0.059375 0.0703125
0 0.69140625 0.271875 0.0671875 0.0671875
0 0.77109375 0.2421875 0.04375 0.0625
0 0.80234375 0.1390625 0.046875 0.0640625
0 0.63984375 0.453125 0.04375 0.075
0 0.55 0.47890625 0.04375 0.0609375
0 0.5046875 0.5796875 0.0515625 0.0828125
0 0.50390625 0.66796875 0.06875 0.0703125
0 0.46328125 0.75625 0.0484375 0.0796875
0 0.65703125 0.70234375 0.04375 0.0671875
0 0.61484375 0.60546875 0.04375 0.034375
0 0.65703125 0.596875 0.0515625 0.0640625
0 0.78046875 0.47578125 0.059375 0.0828125
0 0.3078125 0.68359375 0.053125 0.078125
0 0.27734375 0.434375 0.040625 0.059375
0 0.33828125 0.5421875 0.05625 0.0875
0 0.29296875 0.58515625 0.034375 0.096875
0 0.028125 0.75234375 0.05625 0.096875
0 0.4953125 0.865625 0.05625 0.075
0 0.42890625 0.9421875 0.0484375 0.059375
0 0.55703125 0.8515625 0.0359375 0.046875
0 0.61171875 0.9078125 0.0640625 0.065625