0 0.7 0.58359375 0.0953125 0.1359375
0 0.7453125 0.478125 0.0796875 0.0875
0 0.51171875 0.38125 0.1125 0.1640625
0 0.4296875 0.38203125 0.0765625 0.11875
0 0.4375 0.6125 0.084375 0.1203125
0 0.28359375 0.7765625 0.06875 0.103125
0 0.728125 0.84609375 0.0921875 0.1421875
0 0.84375 0.35546875 0.0609375 0.0984375
0 0.75078125 0.30390625 0.0828125 0.0859375
0 0.846875 0.275 0.06875 0.084375
0 0.61796875 0.1625 0.0703125 0.103125
0 0.53359375 0.24921875 0.0796875 0.0984375
0 0.41796875 0.18828125 0.0796875 0.0984375
0 0.2890625 0.29609375 0.0734375 0.0828125
0 0.1921875 0.4578125 0.06875 0.0671875
0 0.06796875 0.65703125 0.06875 0.1109375
0 0.0265625 0.9515625 0.053125 0.096875
0 0.346875 0.94921875 0.0421875 0.0578125
0 0.0875 0.25859375 0.0796875 0.0875
0 0.0390625 0.084375 0.078125 0.125
0 0.1609375 0.090625 0.0953125 0.0953125
0 0.26328125 0.04296875 0.1046875 0.0859375
0 0.5734375 0.03515625 0.0578125 0.0703125
0 0.5375 0.1203125 0.04375 0.0625
0 0.62890625 0.35703125 0.05 0.0859375
0 0.9328125 0.5625 0.059375 0.0703125
0 0.96171875 0.6421875 0.0484375 0.0703125
0 0.87578125 0.08515625 0.0515625 0.0765625