0 0.521875 0.5453125 0.1109375 0.1125
0 0.41875 0.71796875 0.0546875 0.1125
0 0.5515625 0.728125 0.0828125 0.13125
0 0.53515625 0.8796875 0.0796875 0.10625
0 0.68828125 0.74296875 0.0796875 0.1359375
0 0.7734375 0.478125 0.084375 0.128125
0 0.5953125 0.2578125 0.0984375 0.115625
0 0.59140625 0.4453125 0.0578125 0.11875
0 0.53671875 0.43359375 0.0609375 0.078125
0 0.5078125 0.3953125 0.0609375 0.0859375
0 0.17265625 0.73125 0.0703125 0.10625
0 0.2140625 0.6125 0.0546875 0.1359375
0 0.2359375 0.48046875 0.059375 0.096875