0 0.059375 0.3546875 0.0328125 0.0578125
0 0.0703125 0.28515625 0.028125 0.0484375
0 0.10078125 0.20703125 0.04375 0.065625
0 0.03125 0.57109375 0.040625 0.0828125
0 0.07265625 0.49296875 0.0359375 0.071875
0 0.0359375 0.7953125 0.0328125 0.075
0 0.065625 0.7375 0.034375 0.05625
0 0.075 0.62265625 0.025 0.0546875
0 0.1265625 0.5234375 0.0359375 0.0796875
0 0.12734375 0.4046875 0.0296875 0.065625
0 0.11953125 0.69296875 0.028125 0.04375
0 0.16171875 0.6984375 0.028125 0.059375
0 0.15234375 0.59375 0.0234375 0.0625
0 0.14375 0.0296875 0.034375 0.059375
0 0.22109375 0.31640625 0.0390625 0.09375
0 0.29375 0.3234375 0.0296875 0.059375
0 0.2734375 0.8140625 0.021875 0.0515625
0 0.27421875 0.7171875 0.0234375 0.059375
0 0.290625 0.60859375 0.028125 0.059375
0 0.309375 0.80078125 0.0296875 0.059375
0 0.3203125 0.1765625 0.0203125 0.053125
0 0.3515625 0.43203125 0.025 0.065625
0 0.35390625 0.353125 0.03125 0.0640625
0 0.38203125 0.23984375 0.034375 0.0609375
0 0.39765625 0.340625 0.021875 0.0609375
0 0.35234375 0.5890625 0.0296875 0.0515625
0 0.4203125 0.525 0.0375 0.071875
0 0.42734375 0.48125 0.0265625 0.0546875
0 0.35 0.7875 0.028125 0.08125
0 0.3375 0.90703125 0.0171875 0.059375
0 0.4953125 0.85390625 0.040625 0.115625
0 0.41640625 0.70390625 0.0234375 0.065625
0 0.4375 0.2265625 0.0359375 0.0609375
0 0.428125 0.1125 0.0265625 0.05625
0 0.52578125 0.134375 0.0234375 0.0671875
0 0.55390625 0.18046875 0.0359375 0.09375
0 0.5140625 0.2953125 0.025 0.05625
0 0.553125 0.34296875 0.0515625 0.0703125
0 0.5453125 0.7953125 0.0359375 0.0953125
0 0.55234375 0.7375 0.028125 0.0515625
0 0.68671875 0.42421875 0.0296875 0.08125
0 0.67578125 0.3171875 0.0265625 0.0625
0 0.65703125 0.8796875 0.0234375 0.059375
0 0.75078125 0.97265625 0.028125 0.0546875
0 0.73359375 0.6703125 0.0234375 0.0515625
0 0.7828125 0.584375 0.040625 0.0765625
0 0.73828125 0.3453125 0.0390625 0.0703125
0 0.7015625 0.16328125 0.0296875 0.059375
0 0.74765625 0.0765625 0.0296875 0.059375
0 0.79296875 0.16015625 0.025 0.0703125
0 0.78359375 0.77734375 0.0265625 0.071875
0 0.82734375 0.77265625 0.021875 0.0453125
0 0.834375 0.634375 0.0296875 0.05625
0 0.834375 0.29140625 0.0265625 0.0546875
0 0.86171875 0.3265625 0.0171875 0.04375
0 0.90625 0.24609375 0.03125 0.0671875
0 0.9125 0.13359375 0.021875 0.059375
0 0.90703125 0.03203125 0.0296875 0.0640625
0 0.93984375 0.3703125 0.028125 0.0609375
0 0.98828125 0.28984375 0.0234375 0.0734375