0 0.9625 0.8109375 0.028125 0.0546875
0 0.9171875 0.7921875 0.021875 0.053125
0 0.91875 0.85078125 0.0171875 0.0296875
0 0.9046875 0.88984375 0.015625 0.0328125
0 0.88828125 0.9296875 0.01875 0.0265625
0 0.84140625 0.95390625 0.025 0.053125
0 0.90390625 0.6640625 0.025 0.05625
0 0.88515625 0.73671875 0.0296875 0.053125
0 0.8765625 0.77421875 0.0328125 0.0625
0 0.8015625 0.83515625 0.0296875 0.053125
0 0.7453125 0.87890625 0.025 0.0296875
0 0.70390625 0.90078125 0.0296875 0.0421875
0 0.61953125 0.921875 0.021875 0.0359375
0 0.59140625 0.97109375 0.0234375 0.04375
0 0.85078125 0.70546875 0.025 0.0390625
0 0.97734375 0.715625 0.0265625 0.0359375
0 0.959375 0.69609375 0.0171875 0.021875
0 0.89765625 0.59375 0.025 0.0609375
0 0.978125 0.56953125 0.01875 0.0328125
0 0.965625 0.54140625 0.0203125 0.0296875
0 0.9484375 0.55859375 0.021875 0.0328125
0 0.95390625 0.5875 0.025 0.0359375
0 0.91875 0.43984375 0.0296875 0.0421875
0 0.9859375 0.43515625 0.028125 0.0515625
0 0.971875 0.3703125 0.028125 0.04375
0 0.81015625 0.31015625 0.0328125 0.0515625
0 0.7828125 0.3734375 0.03125 0.0421875
0 0.8015625 0.41640625 0.0203125 0.0390625
0 0.7390625 0.6265625 0.015625 0.03125
0 0.71640625 0.62578125 0.0234375 0.04375
0 0.6765625 0.64765625 0.028125 0.0390625
0 0.77890625 0.66875 0.0203125 0.028125
0 0.7359375 0.34296875 0.0140625 0.0421875
0 0.71015625 0.35 0.0265625 0.04375
0 0.66171875 0.38359375 0.0296875 0.046875
0 0.6171875 0.421875 0.028125 0.05625
0 0.53984375 0.43828125 0.03125 0.0546875
0 0.434375 0.66796875 0.0265625 0.0390625
0 0.47734375 0.6203125 0.028125 0.0625
0 0.4953125 0.809375 0.03125 0.0421875
0 0.4328125 0.76171875 0.0234375 0.0359375
0 0.42109375 0.8703125 0.0265625 0.034375
0 0.42734375 0.90546875 0.01875 0.0421875
0 0.50390625 0.86875 0.01875 0.028125
0 0.4796875 0.915625 0.01875 0.0359375
0 0.56171875 0.85078125 0.0234375 0.0375
0 0.540625 0.88671875 0.0171875 0.0296875
0 0.3890625 0.63984375 0.0171875 0.0390625
0 0.38515625 0.70546875 0.01875 0.0328125
0 0.36875 0.6296875 0.0203125 0.0359375
0 0.30234375 0.5828125 0.0171875 0.0296875
0 0.334375 0.45859375 0.0234375 0.0484375
0 0.228125 0.5640625 0.0265625 0.04375
0 0.2140625 0.52265625 0.0203125 0.028125
0 0.39609375 0.21875 0.03125 0.046875
0 0.57578125 0.1015625 0.025 0.05625
0 0.2015625 0.84375 0.015625 0.0359375
0 0.1921875 0.74765625 0.0171875 0.0296875
0 0.19765625 0.77578125 0.0171875 0.0359375
0 0.09765625 0.7796875 0.01875 0.040625
0 0.1046875 0.84453125 0.01875 0.0328125
0 0.10703125 0.87109375 0.0234375 0.0359375
0 0.08671875 0.8015625 0.01875 0.034375
0 0.08671875 0.82734375 0.0234375 0.0328125
0 0.15703125 0.6890625 0.0171875 0.0375
0 0.05234375 0.8703125 0.0234375 0.040625
0 0.06015625 0.90625 0.0234375 0.0375
0 0.02421875 0.78515625 0.021875 0.0421875
0 0.01328125 0.83671875 0.0171875 0.040625
0 0.0234375 0.6546875 0.025 0.0375
0 0.01015625 0.35234375 0.01875 0.0390625
0 0.4109375 0.31328125 0.021875 0.028125
0 0.346875 0.3875 0.03125 0.046875
0 0.421875 0.34765625 0.0171875 0.0328125
0 0.42890625 0.37734375 0.015625 0.03125
0 0.471875 0.47578125 0.015625 0.034375
0 0.43984375 0.48046875 0.0109375 0.03125
0 0.49765625 0.51171875 0.015625 0.034375
0 0.478125 0.52265625 0.0140625 0.03125
0 0.57109375 0.221875 0.0171875 0.028125
0 0.5765625 0.2515625 0.0234375 0.0328125
0 0.85859375 0.19140625 0.025 0.0390625
0 0.9078125 0.2546875 0.025 0.0515625
0 0.859375 0.0484375 0.025 0.0484375