0 0.60546875 0.70078125 0.04375 0.078125
0 0.67265625 0.6171875 0.040625 0.0578125
0 0.67421875 0.66484375 0.04375 0.06875
0 0.3359375 0.53359375 0.053125 0.1078125
0 0.34296875 0.4484375 0.040625 0.078125
0 0.38046875 0.3765625 0.046875 0.09375
0 0.38125 0.4265625 0.053125 0.065625
0 0.2765625 0.27421875 0.0671875 0.090625
0 0.3734375 0.2453125 0.0515625 0.075
0 0.1765625 0.77890625 0.0484375 0.096875
0 0.12421875 0.82578125 0.059375 0.0828125
0 0.0671875 0.85 0.0546875 0.0953125
0 0.16796875 0.93828125 0.05625 0.1
0 0.2203125 0.62109375 0.05625 0.0578125
0 0.19140625 0.4859375 0.053125 0.08125
0 0.11875 0.52109375 0.0421875 0.0671875
0 0.06484375 0.53515625 0.034375 0.05625
0 0.05859375 0.46484375 0.05 0.065625
0 0.19453125 0.31796875 0.0484375 0.065625
0 0.05234375 0.2453125 0.0515625 0.071875
0 0.0484375 0.1453125 0.0484375 0.078125
0 0.6328125 0.4640625 0.034375 0.0609375
0 0.6671875 0.50078125 0.0359375 0.05
0 0.63125 0.34921875 0.040625 0.0796875
0 0.671875 0.27265625 0.03125 0.0703125
0 0.7109375 0.22109375 0.028125 0.065625
0 0.6 0.87109375 0.040625 0.059375
0 0.53828125 0.93359375 0.0390625 0.05
0 0.4296875 0.78203125 0.0375 0.0953125
0 0.43125 0.67734375 0.025 0.0609375
0 0.4296875 0.60625 0.0375 0.05
0 0.41953125 0.46875 0.034375 0.0734375
0 0.43828125 0.51015625 0.0296875 0.040625
0 0.46953125 0.42734375 0.0328125 0.05
0 0.50703125 0.43515625 0.0296875 0.0546875
0 0.53203125 0.415625 0.0265625 0.05
0 0.4984375 0.11640625 0.0359375 0.0515625
0 0.59296875 0.2515625 0.028125 0.0453125
0 0.8 0.61953125 0.0234375 0.071875
0 0.22421875 0.81640625 0.0359375 0.0625
0 0.26484375 0.8625 0.0359375 0.06875
0 0.33515625 0.82421875 0.04375 0.04375
0 0.33046875 0.95859375 0.03125 0.053125
0 0.2625 0.67421875 0.0328125 0.0453125
0 0.278125 0.52578125 0.0375 0.0546875