0 0.7 0.41640625 0.0953125 0.1359375
0 0.7453125 0.521875 0.0796875 0.0875
0 0.51171875 0.61875 0.1125 0.1640625
0 0.4296875 0.61796875 0.0765625 0.11875
0 0.4375 0.3875 0.084375 0.1203125
0 0.28359375 0.2234375 0.06875 0.103125
0 0.728125 0.15390625 0.0921875 0.1421875
0 0.84375 0.64453125 0.0609375 0.0984375
0 0.75078125 0.69609375 0.0828125 0.0859375
0 0.846875 0.725 0.06875 0.084375
0 0.61796875 0.8375 0.0703125 0.103125
0 0.53359375 0.75078125 0.0796875 0.0984375
0 0.41796875 0.81171875 0.0796875 0.0984375
0 0.2890625 0.70390625 0.0734375 0.0828125
0 0.1921875 0.5421875 0.06875 0.0671875
0 0.06796875 0.34296875 0.06875 0.1109375
0 0.0265625 0.0484375 0.053125 0.096875
0 0.346875 0.05078125 0.0421875 0.0578125
0 0.0875 0.74140625 0.0796875 0.0875
0 0.0390625 0.915625 0.078125 0.125
0 0.1609375 0.909375 0.0953125 0.0953125
0 0.26328125 0.95703125 0.1046875 0.0859375
0 0.5734375 0.96484375 0.0578125 0.0703125
0 0.5375 0.8796875 0.04375 0.0625
0 0.62890625 0.64296875 0.05 0.0859375
0 0.9328125 0.4375 0.059375 0.0703125
0 0.96171875 0.3578125 0.0484375 0.0703125
0 0.87578125 0.91484375 0.0515625 0.0765625