0 0.06171875 0.1921875 0.0328125 0.034375
0 0.0734375 0.121875 0.021875 0.025
0 0.08515625 0.06015625 0.0296875 0.0265625
0 0.08046875 0.0125 0.0484375 0.025
0 0.11640625 0.075 0.0203125 0.021875
0 0.18984375 0.03203125 0.0359375 0.0390625
0 0.32109375 0.1015625 0.0359375 0.028125
0 0.2953125 0.075 0.021875 0.025
0 0.33359375 0.05234375 0.0328125 0.0265625
0 0.5140625 0.05 0.059375 0.05625
0 0.56171875 0.09453125 0.0328125 0.0296875
0 0.6140625 0.07421875 0.028125 0.0328125
0 0.60859375 0.02578125 0.0296875 0.0296875
0 0.81875 0.10625 0.034375 0.04375
0 0.86171875 0.0328125 0.0265625 0.03125
0 0.94140625 0.02109375 0.0421875 0.0359375
0 0.93125 0.11015625 0.04375 0.0546875
0 0.9890625 0.0453125 0.021875 0.034375
0 0.6984375 0.1359375 0.05625 0.065625
0 0.684375 0.0875 0.046875 0.034375
0 0.33125 0.18515625 0.03125 0.0265625
0 0.35 0.16171875 0.028125 0.0265625
0 0.365625 0.11640625 0.025 0.0390625
0 0.403125 0.09375 0.034375 0.028125
0 0.17265625 0.1109375 0.0265625 0.03125
0 0.3953125 0.1796875 0.034375 0.0375
0 0.56484375 0.2171875 0.0609375 0.0625
0 0.509375 0.19921875 0.0375 0.0453125
0 0.79296875 0.13359375 0.0359375 0.0359375
0 0.84765625 0.19765625 0.0296875 0.0390625
0 0.8875 0.18515625 0.04375 0.0421875
0 0.9796875 0.17578125 0.040625 0.0390625
0 0.8875 0.32890625 0.028125 0.0328125
0 0.96328125 0.2734375 0.0359375 0.046875
0 0.78046875 0.271875 0.0421875 0.0375
0 0.64609375 0.22421875 0.0421875 0.0328125
0 0.725 0.2375 0.025 0.025
0 0.56328125 0.3171875 0.0484375 0.040625
0 0.434375 0.28046875 0.03125 0.0328125
0 0.19609375 0.33125 0.0453125 0.040625
0 0.09453125 0.28203125 0.0390625 0.0359375
0 0.0203125 0.26484375 0.03125 0.0359375
0 0.1109375 0.2328125 0.03125 0.03125
0 0.08125 0.3796875 0.034375 0.03125
0 0.165625 0.4765625 0.040625 0.046875
0 0.33046875 0.40234375 0.0296875 0.0328125
0 0.37578125 0.5875 0.0359375 0.034375
0 0.4296875 0.5515625 0.03125 0.03125
0 0.50625 0.51484375 0.040625 0.0359375
0 0.5734375 0.4796875 0.065625 0.059375
0 0.81640625 0.471875 0.0390625 0.04375
0 0.8671875 0.40546875 0.0375 0.0453125
0 0.97890625 0.371875 0.0421875 0.046875
0 0.89765625 0.446875 0.0328125 0.0375
0 0.9859375 0.4921875 0.028125 0.04375
0 0.96328125 0.5875 0.0609375 0.05625
0 0.7390625 0.57890625 0.034375 0.0359375
0 0.5890625 0.54453125 0.05 0.0453125
0 0.08828125 0.68515625 0.0359375 0.0390625
0 0.1296875 0.65859375 0.025 0.0265625
0 0.18515625 0.634375 0.0484375 0.05625
0 0.4359375 0.715625 0.040625 0.05
0 0.53515625 0.73828125 0.0515625 0.0640625
0 0.603125 0.8125 0.046875 0.05625
0 0.6171875 0.74375 0.053125 0.040625
0 0.8359375 0.76640625 0.05 0.0515625
0 0.96640625 0.88984375 0.0546875 0.0453125
0 0.890625 0.96953125 0.046875 0.0421875
0 0.61875 0.91328125 0.053125 0.0546875
0 0.4796875 0.86484375 0.05625 0.0484375
0 0.53671875 0.928125 0.0390625 0.053125
0 0.39453125 0.9375 0.0546875 0.04375
0 0.36015625 0.8703125 0.0390625 0.040625
0 0.33203125 0.7484375 0.0265625 0.05
0 0.29765625 0.72421875 0.0296875 0.0421875
0 0.09375 0.77421875 0.046875 0.0328125
0 0.16484375 0.76484375 0.0421875 0.0421875
0 0.13046875 0.86953125 0.0546875 0.0421875
0 0.1578125 0.9171875 0.053125 0.046875
0 0.0234375 0.96640625 0.034375 0.0390625
0 0.4625 0.61640625 0.05 0.0421875