0 0.4453125 0.209375 0.2203125 0.2421875
0 0.73359375 0.32109375 0.2140625 0.209375
0 0.6015625 0.3625 0.090625 0.128125
0 0.353125 0.3796875 0.16875 0.1734375
0 0.3921875 0.58359375 0.28125 0.178125
0 0.1640625 0.553125 0.1484375 0.1984375
0 0.0984375 0.30078125 0.1015625 0.1
0 0.17734375 0.19453125 0.134375 0.146875
0 0.621875 0.16953125 0.0890625 0.134375
0 0.67265625 0.46953125 0.140625 0.121875
0 0.82734375 0.49140625 0.103125 0.1375
0 0.934375 0.528125 0.13125 0.128125
0 0.74296875 0.67578125 0.165625 0.1546875
0 0.5875 0.58828125 0.14375 0.1453125
0 0.48515625 0.803125 0.0859375 0.1015625
0 0.371875 0.81328125 0.1359375 0.1578125
0 0.26953125 0.69921875 0.196875 0.090625
0 0.7890625 0.82421875 0.1671875 0.1265625