0 0.1359375 0.12265625 0.0671875 0.1515625
0 0.24765625 0.8109375 0.071875 0.1328125
0 0.1203125 0.790625 0.0484375 0.0875
0 0.40546875 0.20234375 0.078125 0.1265625
0 0.28984375 0.31875 0.0359375 0.0890625
0 0.24140625 0.46953125 0.0390625 0.078125
0 0.1875 0.334375 0.0328125 0.0609375
0 0.27578125 0.2078125 0.034375 0.0640625
0 0.28671875 0.07109375 0.0546875 0.103125
0 0.53359375 0.0890625 0.0796875 0.178125
0 0.45546875 0.7125 0.046875 0.071875
0 0.45078125 0.96640625 0.0390625 0.0671875
0 0.6046875 0.81796875 0.040625 0.065625
0 0.6578125 0.7234375 0.0390625 0.1078125
0 0.63515625 0.446875 0.05625 0.115625
0 0.66875 0.353125 0.0609375 0.0828125
0 0.71875 0.140625 0.05625 0.0875
0 0.79140625 0.2359375 0.0921875 0.1390625
0 0.73359375 0.75234375 0.06875 0.1015625
0 0.6875 0.89765625 0.0453125 0.128125
0 0.85703125 0.95703125 0.0578125 0.0859375
0 0.83203125 0.8140625 0.046875 0.1046875
0 0.92109375 0.8828125 0.0640625 0.0875
0 0.89453125 0.7953125 0.04375 0.078125
0 0.89296875 0.5578125 0.046875 0.103125
0 0.87109375 0.30703125 0.0421875 0.071875
0 0.91015625 0.39296875 0.0453125 0.0828125
0 0.8984375 0.19765625 0.053125 0.0953125