0 0.06328125 0.63046875 0.0875 0.0984375
0 0.0609375 0.796875 0.078125 0.0953125
0 0.21640625 0.834375 0.05625 0.0890625
0 0.303125 0.8453125 0.0984375 0.0984375
0 0.21875 0.74921875 0.0734375 0.090625
0 0.21484375 0.62734375 0.084375 0.1
0 0.27265625 0.63828125 0.053125 0.096875
0 0.04296875 0.56015625 0.065625 0.0828125
0 0.084375 0.53046875 0.0578125 0.0765625
0 0.2234375 0.36328125 0.05625 0.090625
0 0.215625 0.47421875 0.0921875 0.084375
0 0.23515625 0.54375 0.053125 0.0703125
0 0.290625 0.51171875 0.0640625 0.0640625
0 0.3 0.40390625 0.053125 0.0796875
0 0.1921875 0.24296875 0.053125 0.09375
0 0.24296875 0.2703125 0.0609375 0.103125
0 0.31875 0.32421875 0.0609375 0.0796875
0 0.309375 0.23359375 0.078125 0.0828125
0 0.35078125 0.1875 0.1 0.053125
0 0.459375 0.165625 0.0796875 0.08125
0 0.3921875 0.55078125 0.0625 0.0765625
0 0.4359375 0.45859375 0.0953125 0.084375
0 0.4265625 0.3890625 0.0609375 0.0796875
0 0.48828125 0.321875 0.0828125 0.0953125
0 0.51328125 0.4203125 0.059375 0.084375
0 0.471875 0.5578125 0.0640625 0.0984375
0 0.4328125 0.71328125 0.06875 0.0984375
0 0.43671875 0.83125 0.0734375 0.0984375
0 0.590625 0.45859375 0.059375 0.1
0 0.58125 0.659375 0.0828125 0.08125
0 0.58828125 0.57109375 0.0671875 0.0796875
0 0.5546875 0.771875 0.0796875 0.0859375
0 0.6953125 0.87265625 0.05 0.0515625
0 0.7 0.65625 0.06875 0.0953125
0 0.70546875 0.5578125 0.0578125 0.0578125
0 0.6203125 0.36796875 0.0765625 0.1
0 0.55625 0.33046875 0.059375 0.08125
0 0.55 0.1921875 0.0765625 0.0765625
0 0.66640625 0.190625 0.059375 0.0796875
0 0.78515625 0.2859375 0.0703125 0.1125
0 0.6359375 0.109375 0.0546875 0.096875
0 0.75546875 0.425 0.0640625 0.0953125
0 0.715625 0.3265625 0.075 0.0890625
0 0.80078125 0.7 0.053125 0.084375
0 0.8796875 0.4171875 0.053125 0.0625
0 0.96640625 0.25546875 0.05 0.090625
0 0.94765625 0.51640625 0.05625 0.08125
0 0.97265625 0.7171875 0.0546875 0.0953125