0 0.93671875 0.36953125 0.0875 0.0984375
0 0.9390625 0.203125 0.078125 0.0953125
0 0.78359375 0.165625 0.05625 0.0890625
0 0.696875 0.1546875 0.0984375 0.0984375
0 0.78125 0.25078125 0.0734375 0.090625
0 0.78515625 0.37265625 0.084375 0.1
0 0.72734375 0.36171875 0.053125 0.096875
0 0.95703125 0.43984375 0.065625 0.0828125
0 0.915625 0.46953125 0.0578125 0.0765625
0 0.7765625 0.63671875 0.05625 0.090625
0 0.784375 0.52578125 0.0921875 0.084375
0 0.76484375 0.45625 0.053125 0.0703125
0 0.709375 0.48828125 0.0640625 0.0640625
0 0.7 0.59609375 0.053125 0.0796875
0 0.8078125 0.75703125 0.053125 0.09375
0 0.75703125 0.7296875 0.0609375 0.103125
0 0.68125 0.67578125 0.0609375 0.0796875
0 0.690625 0.76640625 0.078125 0.0828125
0 0.64921875 0.8125 0.1 0.053125
0 0.540625 0.834375 0.0796875 0.08125
0 0.6078125 0.44921875 0.0625 0.0765625
0 0.5640625 0.54140625 0.0953125 0.084375
0 0.5734375 0.6109375 0.0609375 0.0796875
0 0.51171875 0.678125 0.0828125 0.0953125
0 0.48671875 0.5796875 0.059375 0.084375
0 0.528125 0.4421875 0.0640625 0.0984375
0 0.5671875 0.28671875 0.06875 0.0984375
0 0.56328125 0.16875 0.0734375 0.0984375
0 0.409375 0.54140625 0.059375 0.1
0 0.41875 0.340625 0.0828125 0.08125
0 0.41171875 0.42890625 0.0671875 0.0796875
0 0.4453125 0.228125 0.0796875 0.0859375
0 0.3046875 0.12734375 0.05 0.0515625
0 0.3 0.34375 0.06875 0.0953125
0 0.29453125 0.4421875 0.0578125 0.0578125
0 0.3796875 0.63203125 0.0765625 0.1
0 0.44375 0.66953125 0.059375 0.08125
0 0.45 0.8078125 0.0765625 0.0765625
0 0.33359375 0.809375 0.059375 0.0796875
0 0.21484375 0.7140625 0.0703125 0.1125
0 0.3640625 0.890625 0.0546875 0.096875
0 0.24453125 0.575 0.0640625 0.0953125
0 0.284375 0.6734375 0.075 0.0890625
0 0.19921875 0.3 0.053125 0.084375
0 0.1203125 0.5828125 0.053125 0.0625
0 0.03359375 0.74453125 0.05 0.090625
0 0.05234375 0.48359375 0.05625 0.08125
0 0.02734375 0.2828125 0.0546875 0.0953125