0 0.36953125 0.190625 0.0640625 0.1578125
0 0.3421875 0.396875 0.053125 0.2
0 0.503125 0.4015625 0.0515625 0.190625
0 0.39609375 0.871875 0.0625 0.25625
0 0.57421875 0.23203125 0.0546875 0.11875
0 0.5859375 0.125 0.0734375 0.1265625
0 0.76640625 0.1875 0.0359375 0.090625
0 0.90234375 0.18125 0.0546875 0.103125
0 0.96171875 0.596875 0.040625 0.10625
0 0.61953125 0.571875 0.046875 0.10625
0 0.6203125 0.7296875 0.0484375 0.09375
0 0.084375 0.26953125 0.028125 0.10625
0 0.10859375 0.75234375 0.0359375 0.071875
0 0.15078125 0.9234375 0.059375 0.0953125
0 0.1515625 0.8265625 0.0375 0.0921875
0 0.23671875 0.89765625 0.0390625 0.090625
0 0.20234375 0.1796875 0.046875 0.1
0 0.215625 0.33515625 0.04375 0.1140625
0 0.6875 0.3484375 0.05 0.1046875
0 0.675 0.57421875 0.028125 0.0984375
0 0.46328125 0.759375 0.040625 0.0984375
0 0.353125 0.7328125 0.075 0.1
0 0.4078125 0.134375 0.05625 0.1015625
0 0.709375 0.584375 0.0359375 0.0875