0 0.7140625 0.74765625 0.046875 0.059375
0 0.8125 0.70390625 0.0359375 0.05
0 0.9734375 0.97734375 0.0234375 0.03125
0 0.91484375 0.9828125 0.03125 0.034375
0 0.86875 0.98203125 0.0359375 0.0359375
0 0.80546875 0.9640625 0.01875 0.0390625
0 0.7640625 0.96875 0.0265625 0.0390625
0 0.7453125 0.9578125 0.0234375 0.0328125
0 0.971875 0.9109375 0.0234375 0.0265625
0 0.94140625 0.928125 0.0390625 0.0359375
0 0.91484375 0.9484375 0.03125 0.034375
0 0.8703125 0.94375 0.0375 0.0328125
0 0.84609375 0.94609375 0.021875 0.028125
0 0.83515625 0.925 0.034375 0.04375
0 0.80703125 0.9234375 0.0234375 0.028125
0 0.78359375 0.921875 0.0296875 0.0390625
0 0.740625 0.91015625 0.0265625 0.028125
0 0.98671875 0.79921875 0.0265625 0.0609375
0 0.93515625 0.85703125 0.040625 0.0421875
0 0.89609375 0.9125 0.040625 0.0359375
0 0.85625 0.85390625 0.03125 0.046875
0 0.778125 0.8609375 0.0265625 0.040625
0 0.7515625 0.86484375 0.03125 0.0421875
0 0.86796875 0.784375 0.0375 0.0484375
0 0.83125 0.7875 0.0328125 0.046875
0 0.9859375 0.6734375 0.028125 0.046875
0 0.98671875 0.596875 0.0265625 0.046875
0 0.94140625 0.65390625 0.0328125 0.0359375
0 0.9 0.62109375 0.0453125 0.0578125
0 0.83515625 0.57578125 0.040625 0.0484375
0 0.79921875 0.609375 0.034375 0.0390625
0 0.746875 0.65859375 0.0546875 0.05625
0 0.70234375 0.5953125 0.03125 0.0453125
0 0.77421875 0.5609375 0.03125 0.046875
0 0.7453125 0.5828125 0.0296875 0.04375
0 0.93984375 0.496875 0.0421875 0.0421875
0 0.8734375 0.38828125 0.04375 0.0734375
0 0.9859375 0.16953125 0.028125 0.0484375
0 0.98203125 0.1078125 0.0359375 0.034375
0 0.9296875 0.08125 0.0421875 0.0484375
0 0.965625 0.05078125 0.0375 0.05
0 0.9203125 0.225 0.034375 0.040625
0 0.846875 0.2140625 0.046875 0.0515625
0 0.8140625 0.31875 0.04375 0.0671875
0 0.74375 0.403125 0.0265625 0.0515625
0 0.69765625 0.4625 0.034375 0.046875
0 0.878125 0.015625 0.0390625 0.03125
0 0.80703125 0.12890625 0.0296875 0.0359375
0 0.76953125 0.13515625 0.0234375 0.03125
0 0.57265625 0.79375 0.04375 0.0640625
0 0.57578125 0.9453125 0.046875 0.0515625
0 0.4109375 0.94140625 0.0375 0.0421875
0 0.42265625 0.896875 0.034375 0.034375
0 0.30234375 0.9765625 0.0359375 0.040625
0 0.16640625 0.9625 0.040625 0.040625
0 0.128125 0.959375 0.0375 0.040625
0 0.13359375 0.85546875 0.0421875 0.0515625
0 0.03046875 0.74296875 0.034375 0.046875
0 0.18984375 0.671875 0.0484375 0.0734375
0 0.28125 0.69453125 0.0515625 0.0515625
0 0.28125 0.784375 0.05625 0.0546875
0 0.115625 0.66875 0.0375 0.0546875
0 0.18203125 0.57421875 0.0390625 0.04375
0 0.153125 0.57265625 0.0328125 0.0359375
0 0.11328125 0.56640625 0.0234375 0.025
0 0.1375 0.540625 0.0328125 0.0390625
0 0.20859375 0.5375 0.03125 0.0390625
0 0.2890625 0.625 0.05 0.0453125
0 0.42421875 0.58515625 0.034375 0.0390625
0 0.384375 0.775 0.0359375 0.046875
0 0.3125 0.86640625 0.03125 0.0390625
0 0.48984375 0.71796875 0.034375 0.05
0 0.43203125 0.69453125 0.0390625 0.04375
0 0.38671875 0.640625 0.034375 0.0421875
0 0.484375 0.6296875 0.040625 0.05
0 0.43046875 0.65078125 0.0328125 0.0359375
0 0.58671875 0.66484375 0.03125 0.0359375
0 0.534375 0.6109375 0.04375 0.04375
0 0.58515625 0.46015625 0.0421875 0.0578125
0 0.54609375 0.5015625 0.0359375 0.04375
0 0.4546875 0.4921875 0.0359375 0.0421875
0 0.4078125 0.41328125 0.034375 0.046875
0 0.2578125 0.453125 0.0359375 0.04375
0 0.190625 0.46640625 0.0328125 0.034375
0 0.159375 0.396875 0.040625 0.04375
0 0.12265625 0.3609375 0.040625 0.0421875
0 0.06328125 0.33515625 0.034375 0.046875
0 0.125 0.24765625 0.040625 0.0546875
0 0.60625 0.2640625 0.0515625 0.0484375
0 0.6109375 0.1890625 0.0515625 0.071875
0 0.83984375 0.47421875 0.05 0.046875
0 0.61875 0.58046875 0.025 0.0390625
0 0.61015625 0.53515625 0.0359375 0.0421875
0 0.4828125 0.403125 0.034375 0.040625
0 0.45078125 0.41953125 0.0390625 0.0390625
0 0.4546875 0.359375 0.046875 0.0421875
0 0.41484375 0.3546875 0.0421875 0.0546875
0 0.428125 0.2828125 0.0390625 0.05
0 0.35546875 0.25703125 0.0484375 0.0671875
0 0.2671875 0.253125 0.04375 0.05625
0 0.221875 0.28359375 0.05 0.0484375
0 0.146875 0.11796875 0.05 0.078125
0 0.11171875 0.02734375 0.0375 0.0421875
0 0.3171875 0.14140625 0.0375 0.046875
0 0.30234375 0.0296875 0.0390625 0.0515625
0 0.57109375 0.02421875 0.046875 0.0484375
0 0.5109375 0.0703125 0.0515625 0.0546875
0 0.4734375 0.06640625 0.0359375 0.0375
0 0.45546875 0.09765625 0.03125 0.04375
0 0.4375 0.18984375 0.046875 0.0484375
0 0.38046875 0.15 0.03125 0.0484375
0 0.384375 0.0421875 0.0265625 0.040625
0 0.46796875 0.01484375 0.028125 0.0296875