0 0.5390625 0.48046875 0.08125 0.1125
0 0.71484375 0.3484375 0.0921875 0.1140625
0 0.59296875 0.36484375 0.0546875 0.0734375
0 0.490625 0.346875 0.0671875 0.0875
0 0.45703125 0.2421875 0.0828125 0.0859375
0 0.58203125 0.18515625 0.0859375 0.11875
0 0.66953125 0.1953125 0.08125 0.1171875
0 0.796875 0.1015625 0.06875 0.109375
0 0.4234375 0.1484375 0.0875 0.1203125
0 0.2953125 0.253125 0.0828125 0.0796875
0 0.1953125 0.36328125 0.06875 0.090625
0 0.07578125 0.371875 0.075 0.090625
0 0.06171875 0.2578125 0.1046875 0.1453125
0 0.21796875 0.65234375 0.0796875 0.109375
0 0.16171875 0.51171875 0.096875 0.146875
0 0.26171875 0.45234375 0.0796875 0.096875
0 0.32578125 0.5421875 0.0859375 0.09375
0 0.53203125 0.66171875 0.1015625 0.1234375
0 0.3390625 0.75 0.096875 0.1203125
0 0.44453125 0.70234375 0.1125 0.1265625
0 0.44296875 0.58671875 0.0671875 0.0875
0 0.45234375 0.4875 0.0875 0.1203125
0 0.71015625 0.5125 0.0515625 0.0703125
0 0.88515625 0.52421875 0.0921875 0.096875
0 0.78828125 0.5328125 0.0546875 0.0796875
0 0.63125 0.590625 0.0671875 0.0734375
0 0.58984375 0.79375 0.075 0.08125
0 0.2390625 0.8125 0.08125 0.0796875
0 0.1109375 0.75625 0.0671875 0.0640625
0 0.0984375 0.690625 0.0609375 0.0765625
0 0.084375 0.6265625 0.096875 0.11875
0 0.028125 0.58046875 0.05625 0.1546875
0 0.08359375 0.86796875 0.05625 0.1390625
0 0.86640625 0.221875 0.103125 0.1421875
0 0.778125 0.23671875 0.1046875 0.1140625