0 0.58515625 0.3828125 0.065625 0.071875
0 0.42578125 0.55 0.065625 0.0828125
0 0.2671875 0.5015625 0.0484375 0.0703125
0 0.59375 0.48515625 0.071875 0.065625
0 0.34140625 0.48125 0.0640625 0.0546875
0 0.3421875 0.7265625 0.0625 0.0671875
0 0.1640625 0.67265625 0.04375 0.0546875
0 0.18671875 0.54765625 0.046875 0.0484375
0 0.04453125 0.56484375 0.046875 0.0546875
0 0.0171875 0.47578125 0.034375 0.0671875
0 0.06015625 0.44453125 0.05 0.0625
0 0.1265625 0.41015625 0.0484375 0.0515625
0 0.2078125 0.39609375 0.0375 0.040625
0 0.54921875 0.71015625 0.06875 0.046875
0 0.53515625 0.8625 0.0625 0.04375
0 0.5296875 0.925 0.0671875 0.0453125
0 0.34453125 0.871875 0.0421875 0.059375
0 0.1234375 0.78515625 0.05 0.0453125
0 0.059375 0.8 0.04375 0.0546875
0 0.0296875 0.840625 0.046875 0.0484375
0 0.56015625 0.98828125 0.0671875 0.0234375
0 0.5484375 0.784375 0.0515625 0.0375
0 0.403125 0.68515625 0.046875 0.04375
0 0.40234375 0.63828125 0.04375 0.059375
0 0.3296875 0.5578125 0.0359375 0.0421875
0 0.20625 0.6125 0.05 0.0328125
0 0.07734375 0.6359375 0.04375 0.053125