0 0.4671875 0.37734375 0.246875 0.2015625
0 0.36796875 0.53203125 0.203125 0.125
0 0.22265625 0.60390625 0.14375 0.3328125
0 0.09921875 0.70078125 0.1796875 0.4
0 0.340625 0.78359375 0.159375 0.1234375
0 0.490625 0.81640625 0.18125 0.1421875
0 0.6234375 0.6640625 0.190625 0.1796875
0 0.7546875 0.81328125 0.175 0.1875
0 0.625 0.86953125 0.146875 0.1171875
0 0.4859375 0.62421875 0.1140625 0.1265625
0 0.64609375 0.4859375 0.1453125 0.1546875
0 0.775 0.42109375 0.175 0.1453125
0 0.925 0.55078125 0.1484375 0.1265625
0 0.83125 0.6265625 0.11875 0.0828125
0 0.93671875 0.68046875 0.1203125 0.1609375
0 0.76875 0.69140625 0.1328125 0.1234375
0 0.53671875 0.17421875 0.1328125 0.2625
0 0.7109375 0.21328125 0.203125 0.303125
0 0.90703125 0.22578125 0.16875 0.3953125
0 0.31953125 0.2234375 0.1546875 0.1796875
0 0.2 0.25 0.20625 0.1859375
0 0.10078125 0.359375 0.15 0.121875
0 0.359375 0.1109375 0.121875 0.121875
0 0.24921875 0.1375 0.1171875 0.1046875