0 0.040625 0.9296875 0.0625 0.084375
0 0.3484375 0.9421875 0.0640625 0.0734375
0 0.46640625 0.953125 0.046875 0.0609375
0 0.7640625 0.94765625 0.053125 0.1
0 0.875 0.92578125 0.0375 0.06875
0 0.78125 0.7421875 0.0515625 0.0984375
0 0.85078125 0.7671875 0.0484375 0.096875
0 0.928125 0.87265625 0.0484375 0.084375
0 0.9859375 0.82109375 0.028125 0.071875
0 0.69140625 0.74375 0.040625 0.0875
0 0.50546875 0.81015625 0.059375 0.09375
0 0.1265625 0.6640625 0.05 0.08125
0 0.14609375 0.753125 0.0390625 0.0546875
0 0.04765625 0.68515625 0.0390625 0.06875
0 0.18671875 0.6359375 0.0453125 0.0796875
0 0.35859375 0.66953125 0.0375 0.059375
0 0.45390625 0.66796875 0.05625 0.09375
0 0.44296875 0.48515625 0.0734375 0.0859375
0 0.51015625 0.565625 0.059375 0.0984375
0 0.57109375 0.58125 0.0671875 0.1234375
0 0.8140625 0.50703125 0.0578125 0.0828125
0 0.796875 0.58984375 0.053125 0.1046875
0 0.9796875 0.6796875 0.040625 0.06875
0 0.9546875 0.55078125 0.04375 0.0875
0 0.83515625 0.4359375 0.0578125 0.0984375
0 0.95625 0.39765625 0.0390625 0.0828125
0 0.58125 0.44453125 0.05 0.06875
0 0.240625 0.50546875 0.078125 0.1109375
0 0.03203125 0.53203125 0.053125 0.109375
0 0.08125 0.51171875 0.0515625 0.0828125
0 0.01875 0.21328125 0.0375 0.0984375
0 0.01328125 0.29375 0.0265625 0.08125
0 0.04609375 0.36015625 0.0421875 0.0859375
0 0.1828125 0.32578125 0.0390625 0.078125
0 0.1875 0.18203125 0.05625 0.1046875
0 0.10546875 0.15234375 0.05625 0.078125
0 0.08515625 0.2234375 0.04375 0.0671875
0 0.21796875 0.2640625 0.046875 0.0796875
0 0.2484375 0.06015625 0.05 0.09375
0 0.4015625 0.303125 0.0640625 0.0875
0 0.40546875 0.36640625 0.046875 0.0828125
0 0.428125 0.140625 0.046875 0.10625
0 0.5828125 0.17578125 0.04375 0.0875
0 0.69375 0.1453125 0.0640625 0.10625
0 0.76484375 0.0875 0.0546875 0.0796875
0 0.7375 0.3390625 0.0390625 0.0703125
0 0.84765625 0.06484375 0.08125 0.1046875
0 0.94140625 0.04921875 0.0765625 0.0953125