0 0.5328125 0.85546875 0.153125 0.2890625
0 0.41640625 0.77734375 0.103125 0.221875
0 0.68046875 0.90859375 0.1015625 0.1828125
0 0.821875 0.7421875 0.078125 0.1640625
0 0.7265625 0.60546875 0.0859375 0.1578125
0 0.6578125 0.6625 0.0609375 0.1421875
0 0.46640625 0.57265625 0.0625 0.1265625
0 0.47109375 0.3765625 0.071875 0.153125
0 0.4078125 0.38359375 0.059375 0.1171875
0 0.27421875 0.3859375 0.071875 0.1625
0 0.16015625 0.4125 0.084375 0.19375
0 0.06328125 0.3234375 0.1078125 0.2390625
0 0.0984375 0.10859375 0.0875 0.15625
0 0.27109375 0.06796875 0.0890625 0.1359375
0 0.50859375 0.1390625 0.075 0.1484375
0 0.60234375 0.14140625 0.0703125 0.1578125
0 0.8609375 0.1046875 0.16875 0.209375
0 0.96328125 0.39609375 0.0734375 0.14375
0 0.07890625 0.96015625 0.0875 0.078125