0 0.05546875 0.14375 0.0671875 0.084375
0 0.53984375 0.17421875 0.1046875 0.1578125
0 0.2703125 0.18515625 0.0765625 0.071875
0 0.10234375 0.3609375 0.078125 0.1
0 0.02265625 0.45859375 0.0453125 0.1140625
0 0.04296875 0.575 0.0859375 0.078125
0 0.31171875 0.85078125 0.08125 0.1125
0 0.26640625 0.64140625 0.0515625 0.078125
0 0.3234375 0.615625 0.0546875 0.0875
0 0.2765625 0.4875 0.046875 0.0734375
0 0.16171875 0.38671875 0.0671875 0.109375
0 0.53984375 0.54375 0.1203125 0.16875
0 0.72265625 0.65390625 0.0921875 0.171875
0 0.64765625 0.540625 0.0546875 0.0859375
0 0.6421875 0.4625 0.06875 0.1
0 0.60390625 0.6671875 0.0484375 0.090625
0 0.68359375 0.859375 0.0640625 0.090625
0 0.67734375 0.775 0.0515625 0.090625
0 0.61015625 0.88984375 0.0578125 0.0703125
0 0.71640625 0.1875 0.0515625 0.08125
0 0.634375 0.10078125 0.059375 0.0890625
0 0.8109375 0.4578125 0.059375 0.0859375
0 0.840625 0.38515625 0.04375 0.0703125
0 0.8828125 0.4671875 0.0578125 0.0703125
0 0.8125 0.6 0.05 0.0765625
0 0.77578125 0.74375 0.0421875 0.075
0 0.84453125 0.68671875 0.0484375 0.0859375
0 0.8125 0.8359375 0.065625 0.090625
0 0.86015625 0.75234375 0.04375 0.065625
0 0.9 0.68515625 0.0484375 0.0828125
0 0.72734375 0.80625 0.04375 0.0671875
0 0.93125 0.83515625 0.0484375 0.0765625
0 0.47265625 0.3 0.0578125 0.09375
0 0.53515625 0.28046875 0.0796875 0.1015625
0 0.67578125 0.3515625 0.0578125 0.08125
0 0.45703125 0.4203125 0.0515625 0.08125
0 0.29296875 0.28203125 0.04375 0.084375
0 0.08671875 0.21953125 0.0609375 0.071875
0 0.2015625 0.27578125 0.053125 0.0765625
0 0.23515625 0.1 0.0453125 0.078125