0 0.5328125 0.62265625 0.246875 0.2015625
0 0.63203125 0.46796875 0.203125 0.125
0 0.77734375 0.39609375 0.14375 0.3328125
0 0.90078125 0.29921875 0.1796875 0.4
0 0.659375 0.21640625 0.159375 0.1234375
0 0.509375 0.18359375 0.18125 0.1421875
0 0.3765625 0.3359375 0.190625 0.1796875
0 0.2453125 0.18671875 0.175 0.1875
0 0.375 0.13046875 0.146875 0.1171875
0 0.5140625 0.37578125 0.1140625 0.1265625
0 0.35390625 0.5140625 0.1453125 0.1546875
0 0.225 0.57890625 0.175 0.1453125
0 0.075 0.44921875 0.1484375 0.1265625
0 0.16875 0.3734375 0.11875 0.0828125
0 0.06328125 0.31953125 0.1203125 0.1609375
0 0.23125 0.30859375 0.1328125 0.1234375
0 0.46328125 0.82578125 0.1328125 0.2625
0 0.2890625 0.78671875 0.203125 0.303125
0 0.09296875 0.77421875 0.16875 0.3953125
0 0.68046875 0.7765625 0.1546875 0.1796875
0 0.8 0.75 0.20625 0.1859375
0 0.89921875 0.640625 0.15 0.121875
0 0.640625 0.8890625 0.121875 0.121875
0 0.75078125 0.8625 0.1171875 0.1046875