0 0.05859375 0.03828125 0.078125 0.0765625
0 0.58515625 0.271875 0.04375 0.084375
0 0.63828125 0.2796875 0.0375 0.06875
0 0.828125 0.25 0.046875 0.0671875
0 0.70078125 0.47890625 0.0421875 0.0640625
0 0.76875 0.44140625 0.0390625 0.096875
0 0.80859375 0.3875 0.046875 0.0859375
0 0.890625 0.31640625 0.05625 0.0671875
0 0.8921875 0.25625 0.06875 0.0640625
0 0.95546875 0.48828125 0.040625 0.0828125
0 0.86015625 0.7859375 0.0453125 0.0765625
0 0.8015625 0.965625 0.0484375 0.06875
0 0.8125 0.925 0.05 0.0640625
0 0.8546875 0.96484375 0.040625 0.0671875
0 0.98828125 0.65859375 0.0234375 0.071875
0 0.8484375 0.47265625 0.0453125 0.0625
0 0.61328125 0.45 0.0359375 0.0625
0 0.69296875 0.38984375 0.0359375 0.065625
0 0.396875 0.28046875 0.05 0.065625
0 0.1453125 0.2125 0.04375 0.0671875
0 0.259375 0.31171875 0.0375 0.0546875
0 0.3796875 0.4015625 0.03125 0.053125
0 0.371875 0.7171875 0.0359375 0.065625
0 0.21171875 0.77890625 0.053125 0.0828125
0 0.36953125 0.909375 0.065625 0.0578125
0 0.4140625 0.89453125 0.053125 0.0734375
0 0.08359375 0.45078125 0.040625 0.0640625
0 0.06328125 0.57734375 0.04375 0.0765625
0 0.4765625 0.78671875 0.0421875 0.0578125
0 0.03515625 0.878125 0.05625 0.0734375
0 0.11015625 0.60703125 0.0421875 0.0765625