0 0.07265625 0.38515625 0.040625 0.053125
0 0.0703125 0.3453125 0.046875 0.0546875
0 0.05625 0.23671875 0.028125 0.059375
0 0.12109375 0.2953125 0.03125 0.0828125
0 0.0609375 0.5234375 0.0375 0.0640625
0 0.1 0.509375 0.0359375 0.0921875
0 0.0578125 0.846875 0.0359375 0.06875
0 0.15625 0.08203125 0.0265625 0.065625
0 0.18984375 0.36171875 0.0390625 0.0625
0 0.159375 0.31484375 0.0328125 0.0546875
0 0.18125 0.26875 0.025 0.05625
0 0.2203125 0.1421875 0.028125 0.0625
0 0.2296875 0.39375 0.04375 0.0703125
0 0.17890625 0.740625 0.040625 0.0671875
0 0.259375 0.965625 0.0328125 0.0671875
0 0.29375 0.83203125 0.03125 0.046875
0 0.334375 0.8375 0.0328125 0.0640625
0 0.26953125 0.721875 0.0421875 0.071875
0 0.27421875 0.50546875 0.034375 0.065625
0 0.26953125 0.43046875 0.046875 0.0703125
0 0.25390625 0.2953125 0.0390625 0.0703125
0 0.30390625 0.35859375 0.0421875 0.0671875
0 0.26171875 0.0265625 0.046875 0.053125
0 0.31484375 0.071875 0.03125 0.06875
0 0.33984375 0.18515625 0.03125 0.05625
0 0.39375 0.13671875 0.03125 0.0515625
0 0.43359375 0.1546875 0.0375 0.09375
0 0.425 0.13203125 0.0328125 0.0671875
0 0.3359375 0.58046875 0.0390625 0.0734375
0 0.35546875 0.690625 0.0453125 0.059375
0 0.3796875 0.61328125 0.046875 0.065625
0 0.39921875 0.5359375 0.0453125 0.090625
0 0.41328125 0.4171875 0.065625 0.08125
0 0.40390625 0.74375 0.0328125 0.0671875
0 0.40078125 0.69296875 0.0453125 0.0515625
0 0.425 0.8953125 0.040625 0.0671875
0 0.49296875 0.9640625 0.059375 0.071875
0 0.46953125 0.534375 0.053125 0.08125
0 0.459375 0.43125 0.0390625 0.090625
0 0.534375 0.44296875 0.059375 0.0890625
0 0.47109375 0.3703125 0.046875 0.0796875
0 0.58125 0.39609375 0.025 0.040625
0 0.57109375 0.36484375 0.034375 0.04375
0 0.6328125 0.33125 0.046875 0.09375
0 0.6171875 0.478125 0.0359375 0.059375
0 0.63359375 0.78046875 0.040625 0.0546875
0 0.62109375 0.67578125 0.03125 0.0671875
0 0.678125 0.68046875 0.04375 0.0703125
0 0.6859375 0.8015625 0.025 0.059375
0 0.72265625 0.74921875 0.0390625 0.0953125
0 0.72890625 0.94453125 0.03125 0.08125
0 0.70625 0.53046875 0.0375 0.084375
0 0.6734375 0.2421875 0.03125 0.0828125
0 0.73046875 0.20546875 0.034375 0.0828125
0 0.771875 0.43828125 0.0390625 0.0671875
0 0.7828125 0.35390625 0.0296875 0.059375
0 0.78515625 0.7921875 0.028125 0.0828125
0 0.82265625 0.80234375 0.053125 0.0734375
0 0.8453125 0.86875 0.0421875 0.071875
0 0.89765625 0.81328125 0.05625 0.1078125
0 0.840625 0.3921875 0.0390625 0.0734375
0 0.8921875 0.23828125 0.0453125 0.06875
0 0.9265625 0.15546875 0.0453125 0.08125
0 0.98671875 0.05546875 0.0265625 0.1109375
0 0.8984375 0.4078125 0.05 0.0859375
0 0.97734375 0.59609375 0.0421875 0.0984375
0 0.959375 0.5140625 0.0359375 0.0828125
0 0.97734375 0.378125 0.0453125 0.0671875
0 0.9796875 0.29609375 0.0390625 0.1
0 0.978125 0.20625 0.04375 0.096875
0 0.984375 0.68515625 0.03125 0.0984375