0 0.96015625 0.93984375 0.0328125 0.0390625
0 0.87109375 0.8703125 0.0265625 0.053125
0 0.88671875 0.63046875 0.03125 0.053125
0 0.834375 0.559375 0.0328125 0.046875
0 0.8234375 0.42265625 0.0359375 0.046875
0 0.8765625 0.1265625 0.0265625 0.0484375
0 0.86875 0.20390625 0.028125 0.0421875
0 0.76640625 0.59375 0.0265625 0.0453125
0 0.76328125 0.675 0.0359375 0.0625
0 0.809375 0.71015625 0.0328125 0.046875
0 0.790625 0.40546875 0.025 0.0515625
0 0.7859375 0.1625 0.028125 0.0640625
0 0.79296875 0.04140625 0.025 0.046875
0 0.7609375 0.7984375 0.01875 0.0390625
0 0.68984375 0.6890625 0.021875 0.0515625
0 0.703125 0.7765625 0.01875 0.053125
0 0.6796875 0.55078125 0.021875 0.059375
0 0.725 0.43984375 0.028125 0.0546875
0 0.66328125 0.5296875 0.0234375 0.053125
0 0.66640625 0.228125 0.0296875 0.046875
0 0.66796875 0.31796875 0.0328125 0.059375
0 0.66953125 0.42109375 0.03125 0.0484375
0 0.69140625 0.109375 0.0265625 0.0453125
0 0.646875 0.0625 0.034375 0.0421875
0 0.640625 0.1609375 0.025 0.05625
0 0.61328125 0.03203125 0.03125 0.05625
0 0.6296875 0.6203125 0.021875 0.059375
0 0.62734375 0.790625 0.0234375 0.0546875
0 0.59140625 0.7796875 0.034375 0.0375
0 0.534375 0.87265625 0.0265625 0.04375
0 0.528125 0.9515625 0.0203125 0.0484375
0 0.52734375 0.67109375 0.034375 0.0625
0 0.5921875 0.275 0.025 0.0484375
0 0.54609375 0.10390625 0.0234375 0.05625
0 0.521875 0.159375 0.0328125 0.065625
0 0.45625 0.65859375 0.0359375 0.04375
0 0.415625 0.2046875 0.025 0.0515625
0 0.45859375 0.0609375 0.028125 0.0515625
0 0.38671875 0.0546875 0.021875 0.053125
0 0.42421875 0.77421875 0.0265625 0.0390625
0 0.40625 0.79296875 0.0265625 0.0546875
0 0.38515625 0.82421875 0.03125 0.0484375
0 0.39296875 0.921875 0.0203125 0.0421875
0 0.3265625 0.4640625 0.0296875 0.059375
0 0.340625 0.153125 0.028125 0.053125
0 0.2859375 0.034375 0.03125 0.0515625
0 0.29296875 0.4546875 0.0234375 0.0640625
0 0.275 0.67578125 0.025 0.0390625
0 0.16328125 0.61171875 0.025 0.040625
0 0.17265625 0.37421875 0.0390625 0.046875
0 0.1515625 0.39375 0.0359375 0.046875
0 0.15078125 0.47734375 0.0296875 0.0515625
0 0.1015625 0.04609375 0.0296875 0.075
0 0.09921875 0.13125 0.025 0.0484375
0 0.04453125 0.43671875 0.0296875 0.0625
0 0.10390625 0.7 0.025 0.04375
0 0.0515625 0.7109375 0.03125 0.0609375
0 0.028125 0.765625 0.034375 0.0609375
0 0.103125 0.87578125 0.0296875 0.046875
0 0.14375 0.9390625 0.0296875 0.0546875
0 0.0265625 0.90078125 0.025 0.0484375