0 0.0546875 0.03671875 0.0359375 0.0734375
0 0.07890625 0.12734375 0.0390625 0.0703125
0 0.1328125 0.1234375 0.0375 0.0671875
0 0.2578125 0.20703125 0.0359375 0.0625
0 0.32890625 0.14453125 0.03125 0.0625
0 0.33359375 0.040625 0.0484375 0.08125
0 0.38515625 0.0515625 0.040625 0.0765625
0 0.4171875 0.02734375 0.040625 0.0546875
0 0.6828125 0.028125 0.0375 0.05625
0 0.7546875 0.1625 0.0359375 0.0734375
0 0.58125 0.2390625 0.0453125 0.084375
0 0.64609375 0.23515625 0.028125 0.071875
0 0.46640625 0.25 0.0296875 0.075
0 0.38125 0.20625 0.0390625 0.0828125
0 0.06875 0.36015625 0.028125 0.0796875
0 0.1359375 0.28359375 0.0375 0.0796875
0 0.30078125 0.42578125 0.034375 0.090625
0 0.35390625 0.375 0.0515625 0.0890625
0 0.42421875 0.3890625 0.0421875 0.075
0 0.190625 0.03359375 0.025 0.05625
0 0.31796875 0.88359375 0.0375 0.1046875
0 0.50546875 0.93203125 0.0390625 0.0859375
0 0.57734375 0.96015625 0.04375 0.0796875
0 0.58359375 0.5734375 0.053125 0.071875
0 0.8234375 0.51484375 0.0296875 0.065625
0 0.896875 0.228125 0.0328125 0.0671875
0 0.4109375 0.52734375 0.03125 0.0796875