0 0.06171875 0.06171875 0.0703125 0.0984375
0 0.2390625 0.06875 0.053125 0.071875
0 0.30234375 0.0890625 0.0625 0.0859375
0 0.6515625 0.08828125 0.0859375 0.125
0 0.88125 0.0359375 0.08125 0.0703125
0 0.9484375 0.09140625 0.0828125 0.090625
0 0.97890625 0.19921875 0.0421875 0.10625
0 0.88125 0.1390625 0.0578125 0.065625
0 0.7328125 0.203125 0.065625 0.1015625
0 0.59453125 0.2265625 0.05625 0.096875
0 0.3796875 0.20859375 0.0484375 0.075
0 0.2328125 0.33515625 0.0578125 0.08125
0 0.27890625 0.25 0.071875 0.1109375
0 0.0890625 0.36953125 0.0546875 0.0734375
0 0.109375 0.26875 0.046875 0.0609375
0 0.1765625 0.21640625 0.0640625 0.0859375
0 0.10390625 0.1921875 0.05625 0.078125
0 0.29765625 0.43046875 0.0734375 0.1
0 0.33203125 0.35 0.0484375 0.0734375
0 0.378125 0.3171875 0.0546875 0.0703125
0 0.7875 0.36328125 0.0828125 0.0859375
0 0.934375 0.309375 0.0921875 0.109375
0 0.9578125 0.4171875 0.0484375 0.0734375
0 0.98515625 0.3625 0.0296875 0.078125
0 0.88203125 0.44375 0.0796875 0.08125
0 0.81328125 0.49453125 0.0546875 0.0859375
0 0.74140625 0.4921875 0.0609375 0.0859375
0 0.63359375 0.5046875 0.075 0.10625
0 0.65859375 0.396875 0.065625 0.0875
0 0.38125 0.41328125 0.065625 0.084375
0 0.0625 0.490625 0.06875 0.0984375
0 0.14140625 0.47890625 0.06875 0.0671875
0 0.27421875 0.590625 0.090625 0.1515625
0 0.390625 0.54140625 0.0828125 0.1015625
0 0.7578125 0.63828125 0.090625 0.1359375
0 0.8546875 0.57578125 0.05625 0.090625
0 0.9640625 0.63515625 0.071875 0.1359375
0 0.8828125 0.70703125 0.0671875 0.1046875
0 0.9078125 0.63671875 0.0703125 0.078125
0 0.9640625 0.7984375 0.071875 0.14375
0 0.69375 0.82890625 0.0796875 0.128125
0 0.34921875 0.71875 0.0734375 0.096875
0 0.35703125 0.8421875 0.0765625 0.1125
0 0.225 0.784375 0.0703125 0.0796875