0 0.5328125 0.14453125 0.153125 0.2890625
0 0.41640625 0.22265625 0.103125 0.221875
0 0.68046875 0.09140625 0.1015625 0.1828125
0 0.821875 0.2578125 0.078125 0.1640625
0 0.7265625 0.39453125 0.0859375 0.1578125
0 0.6578125 0.3375 0.0609375 0.1421875
0 0.46640625 0.42734375 0.0625 0.1265625
0 0.47109375 0.6234375 0.071875 0.153125
0 0.4078125 0.61640625 0.059375 0.1171875
0 0.27421875 0.6140625 0.071875 0.1625
0 0.16015625 0.5875 0.084375 0.19375
0 0.06328125 0.6765625 0.1078125 0.2390625
0 0.0984375 0.89140625 0.0875 0.15625
0 0.27109375 0.93203125 0.0890625 0.1359375
0 0.50859375 0.8609375 0.075 0.1484375
0 0.60234375 0.85859375 0.0703125 0.1578125
0 0.8609375 0.8953125 0.16875 0.209375
0 0.96328125 0.60390625 0.0734375 0.14375
0 0.07890625 0.03984375 0.0875 0.078125