0 0.965625 0.93359375 0.06875 0.1328125
0 0.9015625 0.8921875 0.0703125 0.090625
0 0.8125 0.9328125 0.05625 0.128125
0 0.7421875 0.9375 0.0734375 0.125
0 0.959375 0.82265625 0.078125 0.084375
0 0.90859375 0.73515625 0.0890625 0.13125
0 0.859375 0.7640625 0.0671875 0.1203125
0 0.81875 0.6328125 0.0875 0.1265625
0 0.75546875 0.746875 0.0515625 0.1
0 0.68203125 0.7328125 0.0609375 0.1078125
0 0.66015625 0.80234375 0.046875 0.0796875
0 0.6 0.78984375 0.0609375 0.1375
0 0.5375 0.778125 0.0796875 0.15
0 0.5515625 0.8890625 0.0484375 0.090625
0 0.49375 0.88515625 0.0359375 0.121875
0 0.4421875 0.8875 0.0515625 0.096875
0 0.39375 0.84453125 0.0609375 0.0859375
0 0.325 0.815625 0.0703125 0.1
0 0.37734375 0.7421875 0.040625 0.11875
0 0.284375 0.896875 0.06875 0.1046875
0 0.23671875 0.83203125 0.065625 0.0953125
0 0.17109375 0.8640625 0.09375 0.11875
0 0.09453125 0.87734375 0.06875 0.1125
0 0.1375 0.94375 0.0640625 0.1125
0 0.128125 0.7671875 0.0828125 0.121875
0 0.06484375 0.75546875 0.0796875 0.1109375
0 0.04921875 0.8609375 0.03125 0.0953125
0 0.0234375 0.80390625 0.046875 0.071875
0 0.01953125 0.628125 0.0296875 0.078125
0 0.15 0.62734375 0.0671875 0.140625
0 0.22421875 0.65 0.0421875 0.1046875
0 0.25703125 0.5125 0.0515625 0.1265625
0 0.2140625 0.56484375 0.075 0.0828125
0 0.38125 0.5796875 0.0671875 0.128125
0 0.42109375 0.65703125 0.0515625 0.0875
0 0.4921875 0.66328125 0.0796875 0.13125
0 0.67734375 0.6171875 0.0625 0.071875
0 0.74140625 0.6359375 0.0640625 0.10625
0 0.9734375 0.4453125 0.0453125 0.1015625
0 0.90078125 0.49140625 0.084375 0.1140625
0 0.61015625 0.49140625 0.046875 0.09375
0 0.5421875 0.6 0.0484375 0.08125
0 0.6796875 0.51328125 0.05625 0.071875
0 0.75390625 0.415625 0.071875 0.1046875
0 0.8109375 0.34453125 0.0609375 0.1046875
0 0.85546875 0.2875 0.065625 0.0859375
0 0.8671875 0.18515625 0.0640625 0.0984375
0 0.95546875 0.153125 0.05625 0.09375
0 0.790625 0.1609375 0.06875 0.11875
0 0.73125 0.234375 0.059375 0.1
0 0.6171875 0.24140625 0.046875 0.0796875
0 0.5203125 0.3953125 0.0453125 0.075
0 0.415625 0.45234375 0.046875 0.071875
0 0.34765625 0.36484375 0.0609375 0.10625
0 0.2734375 0.3109375 0.078125 0.090625
0 0.190625 0.38203125 0.0578125 0.0984375
0 0.04140625 0.4265625 0.06875 0.1625
0 0.10625 0.26796875 0.0515625 0.1046875
0 0.025 0.28515625 0.05 0.1046875
0 0.0390625 0.15078125 0.05625 0.14375
0 0.1015625 0.15859375 0.0515625 0.0765625
0 0.2265625 0.16171875 0.059375 0.109375
0 0.2984375 0.10859375 0.0703125 0.1046875
0 0.20859375 0.059375 0.0546875 0.084375
0 0.115625 0.05546875 0.0640625 0.090625
0 0.16640625 0.30234375 0.05625 0.0828125
0 0.44453125 0.07890625 0.0703125 0.1078125
0 0.55 0.06875 0.053125 0.10625
0 0.50625 0.24765625 0.05 0.08125
0 0.4734375 0.3921875 0.046875 0.096875
0 0.68359375 0.16875 0.0546875 0.0859375
0 0.66484375 0.0859375 0.046875 0.0796875
0 0.60546875 0.05546875 0.046875 0.0546875