0 0.85078125 0.578125 0.084375 0.11875
0 0.9328125 0.5828125 0.0828125 0.1703125
0 0.94765625 0.7640625 0.06875 0.1484375
0 0.7171875 0.775 0.0484375 0.10625
0 0.84375 0.20078125 0.0375 0.0890625
0 0.8046875 0.209375 0.0515625 0.140625
0 0.56640625 0.16796875 0.0640625 0.1109375
0 0.64453125 0.28203125 0.059375 0.0953125
0 0.57421875 0.33359375 0.0578125 0.1
0 0.53359375 0.30859375 0.046875 0.0796875
0 0.58828125 0.53125 0.0453125 0.128125
0 0.59765625 0.68125 0.046875 0.14375
0 0.54921875 0.5875 0.0484375 0.1046875
0 0.55625 0.73203125 0.05 0.134375
0 0.615625 0.9296875 0.0421875 0.0984375
0 0.45625 0.840625 0.05 0.09375
0 0.4515625 0.675 0.05 0.0875
0 0.4359375 0.3765625 0.05 0.084375
0 0.51796875 0.1625 0.05 0.0921875
0 0.49453125 0.084375 0.065625 0.0671875
0 0.346875 0.33203125 0.0546875 0.1265625
0 0.328125 0.51796875 0.0828125 0.134375
0 0.31875 0.40859375 0.04375 0.096875
0 0.28203125 0.8703125 0.0671875 0.1203125
0 0.3375 0.8 0.0546875 0.0875
0 0.1640625 0.7171875 0.096875 0.134375
0 0.2421875 0.43515625 0.0625 0.1078125
0 0.25234375 0.28828125 0.04375 0.0859375
0 0.33046875 0.18046875 0.040625 0.0828125
0 0.1578125 0.0984375 0.0421875 0.1125
0 0.09609375 0.2296875 0.0359375 0.1
0 0.1546875 0.53125 0.040625 0.1015625
0 0.08203125 0.58515625 0.0484375 0.159375
0 0.08984375 0.7921875 0.046875 0.1015625
0 0.2078125 0.8875 0.059375 0.0890625