0 0.959375 0.0703125 0.0625 0.084375
0 0.6515625 0.0578125 0.0640625 0.0734375
0 0.53359375 0.046875 0.046875 0.0609375
0 0.2359375 0.05234375 0.053125 0.1
0 0.125 0.07421875 0.0375 0.06875
0 0.21875 0.2578125 0.0515625 0.0984375
0 0.14921875 0.2328125 0.0484375 0.096875
0 0.071875 0.12734375 0.0484375 0.084375
0 0.0140625 0.17890625 0.028125 0.071875
0 0.30859375 0.25625 0.040625 0.0875
0 0.49453125 0.18984375 0.059375 0.09375
0 0.8734375 0.3359375 0.05 0.08125
0 0.85390625 0.246875 0.0390625 0.0546875
0 0.95234375 0.31484375 0.0390625 0.06875
0 0.81328125 0.3640625 0.0453125 0.0796875
0 0.64140625 0.33046875 0.0375 0.059375
0 0.54609375 0.33203125 0.05625 0.09375
0 0.55703125 0.51484375 0.0734375 0.0859375
0 0.48984375 0.434375 0.059375 0.0984375
0 0.42890625 0.41875 0.0671875 0.1234375
0 0.1859375 0.49296875 0.0578125 0.0828125
0 0.203125 0.41015625 0.053125 0.1046875
0 0.0203125 0.3203125 0.040625 0.06875
0 0.0453125 0.44921875 0.04375 0.0875
0 0.16484375 0.5640625 0.0578125 0.0984375
0 0.04375 0.60234375 0.0390625 0.0828125
0 0.41875 0.55546875 0.05 0.06875
0 0.759375 0.49453125 0.078125 0.1109375
0 0.96796875 0.46796875 0.053125 0.109375
0 0.91875 0.48828125 0.0515625 0.0828125
0 0.98125 0.78671875 0.0375 0.0984375
0 0.98671875 0.70625 0.0265625 0.08125
0 0.95390625 0.63984375 0.0421875 0.0859375
0 0.8171875 0.67421875 0.0390625 0.078125
0 0.8125 0.81796875 0.05625 0.1046875
0 0.89453125 0.84765625 0.05625 0.078125
0 0.91484375 0.7765625 0.04375 0.0671875
0 0.78203125 0.7359375 0.046875 0.0796875
0 0.7515625 0.93984375 0.05 0.09375
0 0.5984375 0.696875 0.0640625 0.0875
0 0.59453125 0.63359375 0.046875 0.0828125
0 0.571875 0.859375 0.046875 0.10625
0 0.4171875 0.82421875 0.04375 0.0875
0 0.30625 0.8546875 0.0640625 0.10625
0 0.23515625 0.9125 0.0546875 0.0796875
0 0.2625 0.6609375 0.0390625 0.0703125
0 0.15234375 0.93515625 0.08125 0.1046875
0 0.05859375 0.95078125 0.0765625 0.0953125