0 0.9453125 0.03671875 0.0359375 0.0734375
0 0.92109375 0.12734375 0.0390625 0.0703125
0 0.8671875 0.1234375 0.0375 0.0671875
0 0.7421875 0.20703125 0.0359375 0.0625
0 0.67109375 0.14453125 0.03125 0.0625
0 0.66640625 0.040625 0.0484375 0.08125
0 0.61484375 0.0515625 0.040625 0.0765625
0 0.5828125 0.02734375 0.040625 0.0546875
0 0.3171875 0.028125 0.0375 0.05625
0 0.2453125 0.1625 0.0359375 0.0734375
0 0.41875 0.2390625 0.0453125 0.084375
0 0.35390625 0.23515625 0.028125 0.071875
0 0.53359375 0.25 0.0296875 0.075
0 0.61875 0.20625 0.0390625 0.0828125
0 0.93125 0.36015625 0.028125 0.0796875
0 0.8640625 0.28359375 0.0375 0.0796875
0 0.69921875 0.42578125 0.034375 0.090625
0 0.64609375 0.375 0.0515625 0.0890625
0 0.57578125 0.3890625 0.0421875 0.075
0 0.809375 0.03359375 0.025 0.05625
0 0.68203125 0.88359375 0.0375 0.1046875
0 0.49453125 0.93203125 0.0390625 0.0859375
0 0.42265625 0.96015625 0.04375 0.0796875
0 0.41640625 0.5734375 0.053125 0.071875
0 0.1765625 0.51484375 0.0296875 0.065625
0 0.103125 0.228125 0.0328125 0.0671875
0 0.5890625 0.52734375 0.03125 0.0796875