0 0.94140625 0.03828125 0.078125 0.0765625
0 0.41484375 0.271875 0.04375 0.084375
0 0.36171875 0.2796875 0.0375 0.06875
0 0.171875 0.25 0.046875 0.0671875
0 0.29921875 0.47890625 0.0421875 0.0640625
0 0.23125 0.44140625 0.0390625 0.096875
0 0.19140625 0.3875 0.046875 0.0859375
0 0.109375 0.31640625 0.05625 0.0671875
0 0.1078125 0.25625 0.06875 0.0640625
0 0.04453125 0.48828125 0.040625 0.0828125
0 0.13984375 0.7859375 0.0453125 0.0765625
0 0.1984375 0.965625 0.0484375 0.06875
0 0.1875 0.925 0.05 0.0640625
0 0.1453125 0.96484375 0.040625 0.0671875
0 0.01171875 0.65859375 0.0234375 0.071875
0 0.1515625 0.47265625 0.0453125 0.0625
0 0.38671875 0.45 0.0359375 0.0625
0 0.30703125 0.38984375 0.0359375 0.065625
0 0.603125 0.28046875 0.05 0.065625
0 0.8546875 0.2125 0.04375 0.0671875
0 0.740625 0.31171875 0.0375 0.0546875
0 0.6203125 0.4015625 0.03125 0.053125
0 0.628125 0.7171875 0.0359375 0.065625
0 0.78828125 0.77890625 0.053125 0.0828125
0 0.63046875 0.909375 0.065625 0.0578125
0 0.5859375 0.89453125 0.053125 0.0734375
0 0.91640625 0.45078125 0.040625 0.0640625
0 0.93671875 0.57734375 0.04375 0.0765625
0 0.5234375 0.78671875 0.0421875 0.0578125
0 0.96484375 0.878125 0.05625 0.0734375
0 0.88984375 0.60703125 0.0421875 0.0765625