0 0.965625 0.06640625 0.06875 0.1328125
0 0.9015625 0.1078125 0.0703125 0.090625
0 0.8125 0.0671875 0.05625 0.128125
0 0.7421875 0.0625 0.0734375 0.125
0 0.959375 0.17734375 0.078125 0.084375
0 0.90859375 0.26484375 0.0890625 0.13125
0 0.859375 0.2359375 0.0671875 0.1203125
0 0.81875 0.3671875 0.0875 0.1265625
0 0.75546875 0.253125 0.0515625 0.1
0 0.68203125 0.2671875 0.0609375 0.1078125
0 0.66015625 0.19765625 0.046875 0.0796875
0 0.6 0.21015625 0.0609375 0.1375
0 0.5375 0.221875 0.0796875 0.15
0 0.5515625 0.1109375 0.0484375 0.090625
0 0.49375 0.11484375 0.0359375 0.121875
0 0.4421875 0.1125 0.0515625 0.096875
0 0.39375 0.15546875 0.0609375 0.0859375
0 0.325 0.184375 0.0703125 0.1
0 0.37734375 0.2578125 0.040625 0.11875
0 0.284375 0.103125 0.06875 0.1046875
0 0.23671875 0.16796875 0.065625 0.0953125
0 0.17109375 0.1359375 0.09375 0.11875
0 0.09453125 0.12265625 0.06875 0.1125
0 0.1375 0.05625 0.0640625 0.1125
0 0.128125 0.2328125 0.0828125 0.121875
0 0.06484375 0.24453125 0.0796875 0.1109375
0 0.04921875 0.1390625 0.03125 0.0953125
0 0.0234375 0.19609375 0.046875 0.071875
0 0.01953125 0.371875 0.0296875 0.078125
0 0.15 0.37265625 0.0671875 0.140625
0 0.22421875 0.35 0.0421875 0.1046875
0 0.25703125 0.4875 0.0515625 0.1265625
0 0.2140625 0.43515625 0.075 0.0828125
0 0.38125 0.4203125 0.0671875 0.128125
0 0.42109375 0.34296875 0.0515625 0.0875
0 0.4921875 0.33671875 0.0796875 0.13125
0 0.67734375 0.3828125 0.0625 0.071875
0 0.74140625 0.3640625 0.0640625 0.10625
0 0.9734375 0.5546875 0.0453125 0.1015625
0 0.90078125 0.50859375 0.084375 0.1140625
0 0.61015625 0.50859375 0.046875 0.09375
0 0.5421875 0.4 0.0484375 0.08125
0 0.6796875 0.48671875 0.05625 0.071875
0 0.75390625 0.584375 0.071875 0.1046875
0 0.8109375 0.65546875 0.0609375 0.1046875
0 0.85546875 0.7125 0.065625 0.0859375
0 0.8671875 0.81484375 0.0640625 0.0984375
0 0.95546875 0.846875 0.05625 0.09375
0 0.790625 0.8390625 0.06875 0.11875
0 0.73125 0.765625 0.059375 0.1
0 0.6171875 0.75859375 0.046875 0.0796875
0 0.5203125 0.6046875 0.0453125 0.075
0 0.415625 0.54765625 0.046875 0.071875
0 0.34765625 0.63515625 0.0609375 0.10625
0 0.2734375 0.6890625 0.078125 0.090625
0 0.190625 0.61796875 0.0578125 0.0984375
0 0.04140625 0.5734375 0.06875 0.1625
0 0.10625 0.73203125 0.0515625 0.1046875
0 0.025 0.71484375 0.05 0.1046875
0 0.0390625 0.84921875 0.05625 0.14375
0 0.1015625 0.84140625 0.0515625 0.0765625
0 0.2265625 0.83828125 0.059375 0.109375
0 0.2984375 0.89140625 0.0703125 0.1046875
0 0.20859375 0.940625 0.0546875 0.084375
0 0.115625 0.94453125 0.0640625 0.090625
0 0.16640625 0.69765625 0.05625 0.0828125
0 0.44453125 0.92109375 0.0703125 0.1078125
0 0.55 0.93125 0.053125 0.10625
0 0.50625 0.75234375 0.05 0.08125
0 0.4734375 0.6078125 0.046875 0.096875
0 0.68359375 0.83125 0.0546875 0.0859375
0 0.66484375 0.9140625 0.046875 0.0796875
0 0.60546875 0.94453125 0.046875 0.0546875