0 0.05859375 0.96171875 0.078125 0.0765625
0 0.58515625 0.728125 0.04375 0.084375
0 0.63828125 0.7203125 0.0375 0.06875
0 0.828125 0.75 0.046875 0.0671875
0 0.70078125 0.52109375 0.0421875 0.0640625
0 0.76875 0.55859375 0.0390625 0.096875
0 0.80859375 0.6125 0.046875 0.0859375
0 0.890625 0.68359375 0.05625 0.0671875
0 0.8921875 0.74375 0.06875 0.0640625
0 0.95546875 0.51171875 0.040625 0.0828125
0 0.86015625 0.2140625 0.0453125 0.0765625
0 0.8015625 0.034375 0.0484375 0.06875
0 0.8125 0.075 0.05 0.0640625
0 0.8546875 0.03515625 0.040625 0.0671875
0 0.98828125 0.34140625 0.0234375 0.071875
0 0.8484375 0.52734375 0.0453125 0.0625
0 0.61328125 0.55 0.0359375 0.0625
0 0.69296875 0.61015625 0.0359375 0.065625
0 0.396875 0.71953125 0.05 0.065625
0 0.1453125 0.7875 0.04375 0.0671875
0 0.259375 0.68828125 0.0375 0.0546875
0 0.3796875 0.5984375 0.03125 0.053125
0 0.371875 0.2828125 0.0359375 0.065625
0 0.21171875 0.22109375 0.053125 0.0828125
0 0.36953125 0.090625 0.065625 0.0578125
0 0.4140625 0.10546875 0.053125 0.0734375
0 0.08359375 0.54921875 0.040625 0.0640625
0 0.06328125 0.42265625 0.04375 0.0765625
0 0.4765625 0.21328125 0.0421875 0.0578125
0 0.03515625 0.121875 0.05625 0.0734375
0 0.11015625 0.39296875 0.0421875 0.0765625